x_0,y_0,z_0,visibility_0,x_1,y_1,z_1,visibility_1,x_2,y_2,z_2,visibility_2,x_3,y_3,z_3,visibility_3,x_4,y_4,z_4,visibility_4,x_5,y_5,z_5,visibility_5,x_6,y_6,z_6,visibility_6,x_7,y_7,z_7,visibility_7,x_8,y_8,z_8,visibility_8,x_9,y_9,z_9,visibility_9,x_10,y_10,z_10,visibility_10,x_11,y_11,z_11,visibility_11,x_12,y_12,z_12,visibility_12,x_13,y_13,z_13,visibility_13,x_14,y_14,z_14,visibility_14,x_15,y_15,z_15,visibility_15,x_16,y_16,z_16,visibility_16,x_17,y_17,z_17,visibility_17,x_18,y_18,z_18,visibility_18,x_19,y_19,z_19,visibility_19,x_20,y_20,z_20,visibility_20,x_21,y_21,z_21,visibility_21,x_22,y_22,z_22,visibility_22,x_23,y_23,z_23,visibility_23,x_24,y_24,z_24,visibility_24,x_25,y_25,z_25,visibility_25,x_26,y_26,z_26,visibility_26,x_27,y_27,z_27,visibility_27,x_28,y_28,z_28,visibility_28,x_29,y_29,z_29,visibility_29,x_30,y_30,z_30,visibility_30,x_31,y_31,z_31,visibility_31,x_32,y_32,z_32,visibility_32
-0.0127843907102942,-0.5931270122528076,-0.1908061504364013,0.9997726678848268,0.0061448225751519,-0.6308541893959045,-0.194537803530693,0.9995980858802797,0.0057577593252062,-0.6308761239051819,-0.1963541358709335,0.9996495246887208,0.0062044179067015,-0.6310386657714844,-0.1944443881511688,0.9996321201324464,-0.024889700114727,-0.6380358338356018,-0.1880218237638473,0.9995471835136414,-0.0226681288331747,-0.6387654542922974,-0.1881217956542968,0.999520778656006,-0.0234857518225908,-0.6378792524337769,-0.1844880729913711,0.99951434135437,0.0917670652270317,-0.6370629668235779,-0.1263838559389114,0.9992963075637816,-0.0281910356134176,-0.666131317615509,-0.0849134847521781,0.9992724657058716,0.0136953266337513,-0.5737318992614746,-0.1703346222639084,0.9995843172073364,-0.0209021586924791,-0.5801854729652405,-0.1570417135953903,0.9995744228363036,0.1944613754749298,-0.442060649394989,-0.1065968349575996,0.9997765421867372,-0.0922522842884063,-0.4930347502231598,-0.0039370725862681,0.999763548374176,0.1003507003188133,-0.2403215020895004,-0.2177410423755645,0.9797680377960204,-0.1132324188947677,-0.2183883041143417,0.0712945014238357,0.7722057104110718,0.0014429471921175,-0.3785547614097595,-0.3752659261226654,0.9779309034347534,-0.1700460612773895,-0.0239204000681638,0.0511642433702945,0.8389896154403687,-0.0272445473819971,-0.4084718227386474,-0.4112456738948822,0.962645947933197,-0.1925517171621322,0.0384711101651191,0.0412190146744251,0.7892603874206543,0.0006773890345357,-0.4562922418117523,-0.4146590828895569,0.9616828560829164,-0.1881599426269531,0.0399261936545372,0.016569273546338,0.7949094176292419,0.0008467827574349,-0.4074308574199676,-0.3800733685493469,0.9449580907821656,-0.1649927943944931,-0.0092697711661458,0.0411579608917236,0.780383825302124,0.1064548268914222,0.0143375657498836,-0.0251083374023437,0.999733030796051,-0.1069706529378891,-0.0148327862843871,0.0254857707768678,0.9996275305747986,0.0925463289022445,0.3899156749248504,0.0299532897770404,0.9934902787208556,-0.091788962483406,0.3699334561824798,0.0498615503311157,0.9925193190574646,0.1127353087067604,0.7259030938148499,0.2133929282426834,0.9894607067108154,-0.0630583316087722,0.6863207221031189,0.2706795036792755,0.9864386916160583,0.1134492680430412,0.7716736197471619,0.2220016419887542,0.8457090854644775,-0.0618791207671165,0.7254681587219238,0.2874325513839721,0.8721055388450623,0.1160819754004478,0.8429248929023743,0.096181035041809,0.984453558921814,-0.121332935988903,0.7966920733451843,0.188805803656578,0.9811137318611144
-0.0120647577568888,-0.5917844176292419,-0.1856876760721206,0.999764919281006,0.0065862885676324,-0.6298263669013977,-0.1898281276226043,0.9995923042297364,0.0062023103237152,-0.629848301410675,-0.1916320323944091,0.999647319316864,0.0066447886638343,-0.6300148963928223,-0.1897108405828476,0.9996283650398254,-0.023998973891139,-0.6368233561515808,-0.1833876967430114,0.999541699886322,-0.0217804387211799,-0.637551486492157,-0.1834766715764999,0.9995144605636596,-0.022605787962675,-0.6366684436798096,-0.1798436790704727,0.999507486820221,0.0918600261211395,-0.6370946168899536,-0.1224535629153251,0.999288022518158,-0.0258940197527408,-0.6659587025642395,-0.0812516510486602,0.9992693066596984,0.0143707152456045,-0.5732694864273071,-0.165297582745552,0.9995614290237428,-0.0194165147840976,-0.5796040892601013,-0.1521598696708679,0.9995542168617249,0.1945505291223526,-0.4432204663753509,-0.1026198863983154,0.9997689723968506,-0.0885720625519752,-0.4930358231067657,-0.0004586498253047,0.999757707118988,0.0985326245427131,-0.2413494139909744,-0.212932676076889,0.9780654907226562,-0.1098721101880073,-0.2159820795059204,0.0763506069779396,0.7511551976203918,-0.0009092260152101,-0.3780966401100158,-0.3705734610557556,0.9766972661018372,-0.1689525544643402,-0.0196203887462615,0.0571597516536712,0.8258596062660217,-0.0295569468289613,-0.407161146402359,-0.4061172306537628,0.9616010189056396,-0.1923741549253463,0.0428542792797088,0.0474696680903434,0.7760832905769348,-0.0022406056523323,-0.4548251628875732,-0.4104869961738586,0.9606221318244934,-0.1880220472812652,0.0451970919966697,0.0224098712205886,0.7819774746894836,-0.0016719163395464,-0.4066862761974334,-0.3755881786346435,0.943394124507904,-0.1644006222486496,-0.0045909318141639,0.0470839366316795,0.7677823901176453,0.1060582026839256,0.0143439061939716,-0.0253539513796567,0.999728500843048,-0.1065775007009506,-0.0148399276658892,0.0257253237068653,0.9996203184127808,0.0929228365421295,0.3903044164180755,0.0296350046992301,0.9933645725250244,-0.0917519405484199,0.3709442019462585,0.0493999980390071,0.9924015402793884,0.1141616851091384,0.7265568375587463,0.2095817476511001,0.9894076585769652,-0.0622558556497097,0.6887625455856323,0.2699837982654571,0.986418843269348,0.114957295358181,0.7722520232200623,0.2178803533315658,0.8452665209770203,-0.0610165074467659,0.7279323935508728,0.2866691648960113,0.8736599087715149,0.1169226169586181,0.8443477749824524,0.0913201943039894,0.984362006187439,-0.1207873821258544,0.7999422550201416,0.1880330890417099,0.9810991287231444
-0.0120811471715569,-0.5901772379875183,-0.1847074180841446,0.999736487865448,0.0065550124272704,-0.6284050941467285,-0.189225286245346,0.9995580315589904,0.0061706337146461,-0.6284191608428955,-0.1910190433263778,0.9996234178543092,0.006612982135266,-0.6285861134529114,-0.1890998929738998,0.9996004700660706,-0.0239356085658073,-0.6354084610939026,-0.1833313107490539,0.999505877494812,-0.0217197332531213,-0.6361311078071594,-0.1834208369255066,0.9994778037071228,-0.0225483868271112,-0.635260283946991,-0.1797836571931839,0.9994677305221558,0.0907169356942176,-0.6371085047721863,-0.1210320368409156,0.9992414712905884,-0.0259075090289115,-0.665815532207489,-0.0822525694966316,0.9992253184318542,0.0142014874145388,-0.5727342367172241,-0.163716122508049,0.9995004534721376,-0.019436715170741,-0.57909095287323,-0.151429146528244,0.999498963356018,0.1927174478769302,-0.446412444114685,-0.1009432896971702,0.9997527599334716,-0.0888712406158447,-0.4939625561237335,0.000377399061108,0.9997374415397644,0.0943064987659454,-0.2439905405044555,-0.2124739587306976,0.9762407541275024,-0.1067348793148994,-0.2163469046354293,0.0821854695677757,0.7181997895240784,-0.0082222064957022,-0.3794317245483398,-0.3725553154945373,0.9751003384590148,-0.1663977205753326,-0.0196495000272989,0.0727478861808776,0.7995275855064392,-0.0373882465064525,-0.4087683260440826,-0.4080894291400909,0.9601284265518188,-0.1907976567745208,0.0432790480554103,0.0665723457932472,0.7505778670310974,-0.0107389967888593,-0.456692099571228,-0.4126010835170746,0.9591218829154968,-0.1879539787769317,0.046049565076828,0.0416884049773216,0.7569142580032349,-0.0090995728969573,-0.4081360697746277,-0.3775096535682678,0.9410775303840636,-0.1632011532783508,-0.0044611799530684,0.06317088752985,0.7432095408439636,0.105841264128685,0.0142636559903621,-0.0254394803196191,0.9997212290763856,-0.1063641458749771,-0.0147646274417638,0.0258046612143516,0.99960857629776,0.0940624698996543,0.3902234137058258,0.0300812628120183,0.9932090640068054,-0.0896708965301513,0.371786504983902,0.0500192120671272,0.9921998977661132,0.1161266192793846,0.7257823348045349,0.2101593613624572,0.9893008470535278,-0.0621710531413555,0.689385712146759,0.269804984331131,0.986350417137146,0.1170014590024948,0.7713035345077515,0.2186406552791595,0.8449898362159729,-0.0610277503728866,0.7285170555114746,0.2864338159561157,0.8751987814903259,0.1195795983076095,0.8443701267242432,0.0921640321612358,0.9842073917388916,-0.1203111261129379,0.8023197054862976,0.1872846186161041,0.9810073375701904
-0.013086998835206,-0.583138644695282,-0.1802849173545837,0.9996995329856871,0.0047759092412889,-0.62237948179245,-0.1856706440448761,0.9995061159133912,0.0043976502493023,-0.6223817467689514,-0.1874676942825317,0.999585747718811,0.0048307147808372,-0.6225558519363403,-0.1855321526527404,0.9995569586753844,-0.0247505400329828,-0.6288995742797852,-0.1799698024988174,0.9994505047798156,-0.0225404873490333,-0.6296170353889465,-0.1800516992807388,0.9994226694107056,-0.0233725942671298,-0.6287575960159302,-0.1764104068279266,0.9994093775749208,0.0859914347529411,-0.6367383599281311,-0.1193160638213157,0.9991694688796996,-0.0260664392262697,-0.6646591424942017,-0.0818726420402526,0.9991601705551147,0.0124178053811192,-0.5687463879585266,-0.1597255766391754,0.9994307160377502,-0.0200378093868494,-0.5745730996131897,-0.1478894352912902,0.999435007572174,0.1899235546588897,-0.4489023387432098,-0.1008686870336532,0.9997456669807434,-0.0894178301095962,-0.4939669072628021,0.0008945814915932,0.9997289180755616,0.0923202857375145,-0.2465968281030655,-0.212396502494812,0.9755290150642396,-0.1065491884946823,-0.2164710462093353,0.0809128805994987,0.6959094405174255,-0.0124142849817872,-0.377113789319992,-0.3701129257678985,0.974598467350006,-0.1635423749685287,-0.0162602514028549,0.069924496114254,0.7845903635025024,-0.0426670834422111,-0.404782086610794,-0.4035180509090423,0.9597259163856506,-0.1880558580160141,0.0485756620764732,0.0645820796489715,0.7349223494529724,-0.017682084813714,-0.4527967572212219,-0.4085349142551422,0.9586857557296752,-0.1865899115800857,0.051656100898981,0.0393488854169845,0.7416248321533203,-0.0139284553006291,-0.4054874777793884,-0.3746466934680938,0.9402390718460084,-0.1610739529132843,-0.0006563574424944,0.0604030080139637,0.7282046675682068,0.1056704670190811,0.0140776392072439,-0.0255328062921762,0.9997144341468812,-0.1061970740556716,-0.0145794209092855,0.0258944034576416,0.999600112438202,0.0941592454910278,0.3906367421150207,0.0299754217267036,0.9932124018669128,-0.0878808498382568,0.3748518824577331,0.0497157350182533,0.9921687841415404,0.1168016716837883,0.7278143167495728,0.2038109451532364,0.9894211292266846,-0.0622004978358745,0.6959651708602905,0.2632823586463928,0.9865812063217164,0.1178483515977859,0.7734119892120361,0.2114255279302597,0.845690906047821,-0.0610987544059753,0.7354285717010498,0.2787137329578399,0.87706458568573,0.1210223659873008,0.8483026027679443,0.083394281566143,0.9843983054161072,-0.1201520264148712,0.811851978302002,0.1758205890655517,0.9812924265861512
-0.0136333648115396,-0.5778725743293762,-0.1728643476963043,0.9996618628501892,0.0036214697174727,-0.617774486541748,-0.1785686910152435,0.9994544386863708,0.0032468186691403,-0.6177726984024048,-0.1803583204746246,0.9995477795600892,0.0036710056010633,-0.6179529428482056,-0.1784045100212097,0.999512791633606,-0.0253412257879972,-0.6238913536071777,-0.1729292273521423,0.9993954300880432,-0.0231329854577779,-0.6246105432510376,-0.1730050444602966,0.9993679523468018,-0.0239675175398588,-0.6237536668777466,-0.169358029961586,0.9993517994880676,0.0833620578050613,-0.6362903118133545,-0.1133796274662017,0.9990968704223632,-0.0262132994830608,-0.6632063388824463,-0.0768675506114959,0.999093770980835,0.0115452585741877,-0.5653328895568848,-0.1525412201881408,0.9993606805801392,-0.0202858336269855,-0.5706875920295715,-0.1409211903810501,0.9993714690208436,0.1878335177898407,-0.45169198513031,-0.0970446318387985,0.999739706516266,-0.0898251608014106,-0.4937279820442199,0.00625357683748,0.9997222423553468,0.0871855467557907,-0.251140147447586,-0.2059879004955291,0.974818766117096,-0.1076864674687385,-0.2152927219867706,0.0849445462226867,0.6764300465583801,-0.0194497462362051,-0.3765322566032409,-0.3592916131019592,0.9740588665008544,-0.1629131287336349,-0.0086253220215439,0.0720231682062149,0.7711719274520874,-0.0504268817603588,-0.4026598036289215,-0.3909372389316559,0.9592527747154236,-0.1872479915618896,0.0586639083921909,0.0671279653906822,0.7205850481987,-0.0265539158135652,-0.4502812922000885,-0.3965694904327392,0.9581877589225768,-0.1861471235752105,0.0616471283137798,0.0418061129748821,0.7276306748390198,-0.0212940908968448,-0.4044266045093536,-0.363527238368988,0.9393523335456848,-0.1605285406112671,0.0073556364513933,0.0625480264425277,0.7144395709037781,0.1054988130927085,0.0137874437496066,-0.0256368461996316,0.9997061491012572,-0.1060316860675811,-0.0142884356901049,0.0259967911988496,0.9995911121368408,0.0941458195447921,0.3911592364311218,0.0283433459699153,0.9932070970535278,-0.0864013582468032,0.375829666852951,0.0494648292660713,0.9921339154243468,0.1169037073850631,0.7299865484237671,0.1930638700723648,0.989540994167328,-0.0622652918100357,0.7014704346656799,0.2523756325244903,0.9868409037590028,0.1180484518408775,0.775638997554779,0.1996554285287857,0.8463221192359924,-0.0611693039536476,0.741453230381012,0.2662993669509887,0.8788534998893738,0.121715672314167,0.8517556190490723,0.0696470737457275,0.9845906496047974,-0.1201367378234863,0.8190767765045166,0.1590708643198013,0.9816018342971802
-0.0152946831658482,-0.578177809715271,-0.16661436855793,0.9996368288993835,0.0015652722213417,-0.6180132627487183,-0.1723664849996566,0.9994249939918518,0.0011971931671723,-0.6180127859115601,-0.1741449683904647,0.9995259046554564,0.0016130527947098,-0.6181910634040833,-0.1721926629543304,0.9994878768920898,-0.0269473083317279,-0.6241352558135986,-0.1660740226507187,0.99936443567276,-0.0247436463832855,-0.6248560547828674,-0.1661552339792251,0.9993359446525574,-0.02558434009552,-0.6239969730377197,-0.1625114679336547,0.999318301677704,0.0822857990860939,-0.6366201639175415,-0.1085369139909744,0.999053716659546,-0.0263481196016073,-0.6631863713264465,-0.0691662952303886,0.9990524649620056,0.0103656100109219,-0.5653736591339111,-0.1469607651233673,0.9993049502372742,-0.0209371242672204,-0.5707146525382996,-0.1344201862812042,0.9993192553520204,0.1871950775384903,-0.4536511600017547,-0.0933609455823898,0.9997273683547974,-0.0893255919218063,-0.493690550327301,0.0129922367632389,0.9997097849845886,0.0832181274890899,-0.2538391053676605,-0.2021717876195907,0.973704159259796,-0.1071427464485168,-0.2134235203266143,0.094113178551197,0.6527484059333801,-0.024011306464672,-0.3804117441177368,-0.35480996966362,0.9731255173683168,-0.1624297648668289,-0.0060378392226994,0.083524040877819,0.7533615231513977,-0.0548880845308303,-0.4063636660575866,-0.3867148756980896,0.9583811163902284,-0.1867269575595855,0.0614906512200832,0.0789324194192886,0.7029107213020325,-0.031339231878519,-0.4532773494720459,-0.3922635316848755,0.957305073738098,-0.1857323348522186,0.0641948357224464,0.0538535714149475,0.7102346420288086,-0.0258317627012729,-0.4080558717250824,-0.3591375946998596,0.9380348920822144,-0.1600470691919326,0.0098478300496935,0.0741656795144081,0.6975566148757935,0.1052827313542366,0.0136620579287409,-0.0257171597331762,0.999696969985962,-0.1058205664157867,-0.0141645716503262,0.0260742250829935,0.9995793104171752,0.0947177559137344,0.391208678483963,0.028197955340147,0.9931038618087769,-0.0859313383698463,0.3760825395584106,0.0496311001479625,0.9920791387557985,0.1174156889319419,0.7301381230354309,0.1925531029701233,0.9895625114440918,-0.0623168274760246,0.7035750150680542,0.2505481541156769,0.987036406993866,0.1185636520385742,0.7757742404937744,0.1992253959178924,0.8463901877403259,-0.0612417049705982,0.7436956763267517,0.2642779350280761,0.8804948925971985,0.1227109804749488,0.8519132137298584,0.0694946572184562,0.9846162796020508,-0.1201027110219001,0.8202124238014221,0.1569176614284515,0.9818160533905028
-0.0188684370368719,-0.5785212516784668,-0.1590379327535629,0.9996057152748108,-0.0023869317956268,-0.6186074614524841,-0.1654813885688781,0.999389111995697,-0.0027460718993097,-0.6186050176620483,-0.1672605127096176,0.9994978308677672,-0.0023427016567438,-0.6187890768051147,-0.1653044819831848,0.9994571208953856,-0.0301885679364204,-0.6245842576026917,-0.1581548601388931,0.9993257522583008,-0.0279931034892797,-0.6253072023391724,-0.1582445949316024,0.999294936656952,-0.0288420803844928,-0.6244522333145142,-0.1546109467744827,0.9992770552635192,0.0805177763104438,-0.6377755403518677,-0.1051864176988601,0.998998761177063,-0.0264877397567033,-0.6635103225708008,-0.0613270662724971,0.9989978671073914,0.0079152593389153,-0.5658068656921387,-0.1408738642930984,0.999232530593872,-0.0224891472607851,-0.570999801158905,-0.1269288212060928,0.9992502927780152,0.1861245185136795,-0.4558011889457702,-0.0925142616033554,0.9997116327285768,-0.0877900496125221,-0.4936420023441314,0.019486978650093,0.9996944665908812,0.0779383480548858,-0.2579376101493835,-0.2024929970502853,0.9725417494773864,-0.1056107208132743,-0.2118143886327743,0.101837083697319,0.627158522605896,-0.0287228245288133,-0.3853450715541839,-0.3536118566989898,0.9721035957336426,-0.1621545702219009,-0.0049699288792908,0.0941002666950225,0.7344444394111633,-0.0592574179172515,-0.410537451505661,-0.3852543234825134,0.9573431611061096,-0.1865320652723312,0.0628649890422821,0.0904599726200103,0.6845763325691223,-0.0361044853925704,-0.4565836489200592,-0.3907732367515564,0.9562591910362244,-0.1855701059103012,0.0652725473046302,0.0652426481246948,0.6921802163124084,-0.0305122807621955,-0.4125132858753204,-0.357931524515152,0.9365684390068054,-0.1597609221935272,0.0108233457431197,0.0847164914011955,0.6802619695663452,0.1049521341919899,0.0135470759123563,-0.0259882118552923,0.9996850490570068,-0.1054944768548011,-0.0140509949997067,0.0263394303619861,0.9995648264884948,0.0950824171304702,0.3914183676242828,0.0281897764652967,0.992970645427704,-0.0855440273880958,0.376138836145401,0.0524483434855937,0.9920256733894348,0.117619939148426,0.7303755879402161,0.1922165006399154,0.9895803332328796,-0.062355950474739,0.706329345703125,0.2497951835393905,0.9872732758522034,0.1187591776251792,0.7759820222854614,0.1988396495580673,0.846252977848053,-0.0612984485924243,0.746724545955658,0.2631733417510986,0.8820869326591492,0.1228248700499534,0.8519846796989441,0.069209024310112,0.9846508502960204,-0.1202627718448638,0.8213082551956177,0.1553245633840561,0.9820926189422609
-0.019706467166543,-0.5792117714881897,-0.1558282226324081,0.9995824694633484,-0.0034200721420347,-0.6194804310798645,-0.1618323028087616,0.9993616342544556,-0.0037799531128257,-0.6194796562194824,-0.1636108607053756,0.9994759559631348,-0.0033819950185716,-0.6196704506874084,-0.1616456061601638,0.999433159828186,-0.0312110800296068,-0.6253001689910889,-0.1544066071510315,0.9992960691452026,-0.0290152914822101,-0.6260268092155457,-0.1544969081878662,0.9992635846138,-0.0298629626631736,-0.625173032283783,-0.1508638113737106,0.9992456436157228,0.0801221579313278,-0.6387300491333008,-0.1012468934059143,0.9989550709724426,-0.026590459048748,-0.6637822389602661,-0.0566595941781997,0.998952865600586,0.0074374722316861,-0.5663940906524658,-0.1376312375068664,0.999174177646637,-0.0228397771716117,-0.5714206099510193,-0.1235115379095077,0.9991931915283204,0.1857896000146865,-0.4576259553432464,-0.0894116461277008,0.9996981620788574,-0.0869045555591583,-0.4934729635715484,0.0230958852916955,0.999679684638977,0.0789884701371193,-0.2635956108570099,-0.2003954946994781,0.9718510508537292,-0.1039207428693771,-0.2100041061639785,0.1032079681754112,0.609377384185791,-0.0296155363321304,-0.3883002400398254,-0.3515378832817077,0.9715290069580078,-0.1622676253318786,-0.0003865769831463,0.0916809067130088,0.7227721810340881,-0.0607322677969932,-0.4119138121604919,-0.3834681510925293,0.9567419290542604,-0.1868069469928741,0.0688824653625488,0.0865880325436592,0.6729854941368103,-0.0390199273824691,-0.4573470950126648,-0.3890129327774048,0.9556618332862854,-0.1856686919927597,0.0716926604509353,0.0608957409858703,0.6809024810791016,-0.0320927128195762,-0.4148150086402893,-0.3559101819992065,0.93575918674469,-0.1597904115915298,0.0158681627362966,0.0819285660982132,0.669550359249115,0.1047254055738449,0.0134869432076811,-0.026116756722331,0.9996753334999084,-0.1052697151899337,-0.0139919854700565,0.0264663640409708,0.9995509386062622,0.0951774418354034,0.3917306363582611,0.0272623002529144,0.9928786158561708,-0.0854450911283493,0.3756406307220459,0.052238542586565,0.9919875264167786,0.1181990876793861,0.7324037551879883,0.1829853504896164,0.9896594882011414,-0.0624468550086021,0.7076687216758728,0.2420393675565719,0.9875034093856812,0.1194104179739952,0.7780682444572449,0.1884656250476837,0.8461310863494873,-0.0614284351468086,0.7482684850692749,0.2542582750320434,0.8833289742469788,0.123819813132286,0.8529024720191956,0.0564064159989357,0.9847429990768432,-0.1203437969088554,0.8215486407279968,0.1440588980913162,0.9823504686355592
-0.0204567089676857,-0.579361081123352,-0.1527890861034393,0.9995635747909546,-0.0044698026031255,-0.6195757985115051,-0.1584537178277969,0.9993385672569276,-0.0048330519348382,-0.6195764541625977,-0.1602368503808975,0.9994572401046752,-0.0044398414902389,-0.6197715997695923,-0.1582586616277694,0.9994129538536072,-0.0322728008031845,-0.6254161596298218,-0.1510701775550842,0.9992706775665284,-0.030073894187808,-0.6261428594589233,-0.1511574685573578,0.9992366433143616,-0.0309154298156499,-0.6252886652946472,-0.1475257724523544,0.9992187023162842,0.0791696086525917,-0.639053225517273,-0.0973843038082122,0.9989157319068908,-0.0270641855895519,-0.6637585163116455,-0.0530934557318687,0.9989129304885864,0.0068566272966563,-0.5664693713188171,-0.1345970779657364,0.9991233944892884,-0.0232951696962118,-0.5714534521102905,-0.1205568462610244,0.9991413354873656,0.1847003102302551,-0.4591219127178192,-0.0865357965230941,0.9996885061264038,-0.0869855359196662,-0.4925746619701385,0.0258290749043226,0.9996659755706788,0.0793786495923996,-0.2712394893169403,-0.1997352987527847,0.971876859664917,-0.1027585417032241,-0.2079361081123352,0.1031376272439956,0.5979309678077698,-0.0294362399727106,-0.3941439986228943,-0.3531090319156647,0.9718071818351746,-0.1626792550086975,0.0038153568748384,0.0881022214889526,0.7173107862472534,-0.0606923848390579,-0.416704386472702,-0.3855814039707184,0.9572148323059082,-0.188315063714981,0.0735972747206687,0.0823071077466011,0.6671631932258606,-0.0403551422059536,-0.4613400995731354,-0.3910787403583526,0.9561630487442015,-0.1872793138027191,0.0765012949705123,0.0560309886932373,0.6754639148712158,-0.0324676297605037,-0.420022964477539,-0.357535570859909,0.9364299178123474,-0.1604542136192321,0.0203380770981311,0.0780176818370819,0.6644871234893799,0.1045659407973289,0.0133753167465329,-0.0261389464139938,0.9996687769889832,-0.1051094681024551,-0.0138815203681588,0.0264878030866384,0.999540150165558,0.0951291695237159,0.3920066654682159,0.0246208142489194,0.992832601070404,-0.0855034366250038,0.3752715289592743,0.0506516061723232,0.9919969439506532,0.1181614473462104,0.7346614599227905,0.1708159744739532,0.989784300327301,-0.063755840063095,0.7088919281959534,0.2306323647499084,0.9877334833145142,0.1193659976124763,0.7804421186447144,0.1752324700355529,0.8464009165763855,-0.0628658160567283,0.749694287776947,0.2418825775384903,0.8840553760528564,0.1241598129272461,0.8542242050170898,0.041729561984539,0.9849160313606262,-0.1208596751093864,0.8226031064987183,0.130003735423088,0.9826005697250366
-0.0202829986810684,-0.579533576965332,-0.1525969803333282,0.99956214427948,-0.0044123260304331,-0.6196932792663574,-0.1576282680034637,0.9993362426757812,-0.0047755376435816,-0.6196936368942261,-0.159431904554367,0.999455451965332,-0.0043799625709652,-0.6198863387107849,-0.1574428677558899,0.9994107484817504,-0.0322413370013237,-0.6255494356155396,-0.1505031436681747,0.9992679357528688,-0.0300410967320203,-0.6262766718864441,-0.1505853533744812,0.9992331266403198,-0.0308805275708436,-0.625420331954956,-0.1469551920890808,0.9992160201072692,0.0791233107447624,-0.6391565203666687,-0.0960195362567901,0.9989057183265686,-0.0271673519164323,-0.663159966468811,-0.0527972429990768,0.9989105463027954,0.0069529847241938,-0.5665022134780884,-0.1343852877616882,0.9991096258163452,-0.0232182443141937,-0.5714053511619568,-0.1206398829817771,0.9991268515586852,0.1845933943986892,-0.4599289298057556,-0.0868840664625167,0.9996886253356934,-0.0871082320809364,-0.490410715341568,0.0242621656507253,0.999663472175598,0.0809928178787231,-0.2810449004173279,-0.2008870244026184,0.972497820854187,-0.1032565683126449,-0.2066021561622619,0.1024508327245712,0.6004158854484558,-0.0283295437693595,-0.3973127007484436,-0.3560087978839874,0.9725459218025208,-0.1655756682157516,0.0106338318437337,0.0832576900720596,0.7235594987869263,-0.0601120106875896,-0.4177291095256805,-0.3887097239494324,0.9581406712532043,-0.1924701780080795,0.082089714705944,0.0766118168830871,0.6726611256599426,-0.0416632927954196,-0.4615287184715271,-0.3940697908401489,0.9570967555046082,-0.189605638384819,0.0858403742313385,0.0482026040554046,0.6811468005180359,-0.032071940600872,-0.4221029877662658,-0.3603032529354095,0.9377651810646056,-0.1628849953413009,0.028108948841691,0.0722968801856041,0.6703855395317078,0.104502335190773,0.0132834939286112,-0.0261580236256122,0.9996724128723145,-0.1050431281328201,-0.0137868346646428,0.0265073794871568,0.9995439052581788,0.094298742711544,0.392315536737442,0.0216284859925508,0.992922842502594,-0.0854504108428955,0.3751958906650543,0.0481118708848953,0.992094874382019,0.1181176528334617,0.7371179461479187,0.1622385531663894,0.9899962544441224,-0.0637843012809753,0.7104154825210571,0.2252677381038665,0.988012671470642,0.1193583533167839,0.7830862402915955,0.1660221219062805,0.8467848896980286,-0.0629022791981697,0.7514228224754333,0.2364332824945449,0.884172260761261,0.1245197802782058,0.8552026748657227,0.031589537858963,0.9852250814437866,-0.1208074837923049,0.8239777088165283,0.1242753192782402,0.9829362630844116
-0.0196916535496711,-0.5795936584472656,-0.1544330418109893,0.999574601650238,-0.0040942733176052,-0.6197639107704163,-0.1597137451171875,0.9993528723716736,-0.00446123117581,-0.6197667121887207,-0.161508023738861,0.9994692206382751,-0.0040705841965973,-0.6199591755867004,-0.1595333814620971,0.9994248747825624,-0.0320462919771671,-0.6254253387451172,-0.1526136398315429,0.9992855787277222,-0.0298408959060907,-0.6261498332023621,-0.1526987254619598,0.999250590801239,-0.0306750182062387,-0.6252874732017517,-0.1490609049797058,0.9992347359657288,0.079147569835186,-0.6391044855117798,-0.0974109917879104,0.998923659324646,-0.0275847632437944,-0.6615104079246521,-0.0541204512119293,0.9989401698112488,0.0073072859086096,-0.5664066076278687,-0.1357372999191284,0.9991248846054076,-0.0230201445519924,-0.5709431171417236,-0.1219616010785102,0.99914288520813,0.1845269650220871,-0.459932804107666,-0.0895299091935157,0.9996932148933412,-0.0881084278225898,-0.4879961013793945,0.0205001812428236,0.9996693730354308,0.0820907577872276,-0.2877149581909179,-0.2128043174743652,0.9733930826187134,-0.1107256487011909,-0.2065213024616241,0.0855628475546836,0.6141843199729919,-0.0271955635398626,-0.3989692330360412,-0.374464213848114,0.9735177755355836,-0.1718064844608307,0.0155387045815587,0.0592681281268596,0.7368094325065613,-0.0590620003640651,-0.4178639054298401,-0.4086956679821014,0.95931738615036,-0.1981369704008102,0.0885623767971992,0.0506889261305332,0.6853218078613281,-0.0412924289703369,-0.460970938205719,-0.4142717719078064,0.9582796692848206,-0.1918024569749832,0.0927492082118988,0.0216033346951007,0.6937305927276611,-0.0311232060194015,-0.4228670299053192,-0.3789241909980774,0.9394641518592834,-0.1673569232225418,0.0337515547871589,0.0481008775532245,0.6831017136573792,0.104455642402172,0.0132060209289193,-0.0261778533458709,0.9996786117553712,-0.1049941629171371,-0.013705632649362,0.0265265125781297,0.9995536208152772,0.0899698734283447,0.3926959931850433,0.0201577488332986,0.9930578470230104,-0.0850540176033973,0.3752648830413818,0.0463760644197464,0.9922298192977904,0.1170236691832542,0.7391647100448608,0.1579472869634628,0.9902297854423524,-0.0638122409582138,0.7129096984863281,0.2237715423107147,0.9882992506027222,0.1185853108763694,0.7852913737297058,0.1613844335079193,0.8468574285507202,-0.0629645958542823,0.7541921138763428,0.2349905669689178,0.883741021156311,0.1238436251878738,0.8557166457176208,0.0259707942605018,0.9855862259864808,-0.1208457723259925,0.8262666463851929,0.1221580728888511,0.9832980036735536
-0.0200636684894561,-0.5781640410423279,-0.1561165899038314,0.999576449394226,-0.0048455744981765,-0.6186083555221558,-0.1612105369567871,0.9993536472320556,-0.005217254627496,-0.6186144351959229,-0.1630002111196518,0.9994705319404602,-0.0048298826441168,-0.618808925151825,-0.1610337197780609,0.9994248747825624,-0.0327541418373584,-0.623814046382904,-0.1541575640439987,0.9992853999137878,-0.030545325949788,-0.6245360970497131,-0.1542436778545379,0.9992499947547911,-0.0313737019896507,-0.623664140701294,-0.1506010591983795,0.9992346167564392,0.0768913328647613,-0.6387394070625305,-0.0978572815656662,0.9989185333251952,-0.0291812252253294,-0.659648060798645,-0.055035974830389,0.9989484548568726,0.0066926800645887,-0.5652533769607544,-0.1369361281394958,0.9991225004196168,-0.023506861180067,-0.5692084431648254,-0.1231645345687866,0.9991416335105896,0.1829754263162613,-0.4598753452301025,-0.0932767987251281,0.999695360660553,-0.0893775299191474,-0.4871414303779602,0.0165719836950302,0.9996739029884338,0.0820383131504058,-0.2894409894943237,-0.2223085761070251,0.9742141962051392,-0.1159525960683822,-0.206787958741188,0.0784321948885917,0.6250537037849426,-0.0269116666167974,-0.3993230760097503,-0.3867433369159698,0.9744362235069276,-0.1777458935976028,0.0148984380066394,0.054122719913721,0.7481116056442261,-0.0588280484080314,-0.4179331660270691,-0.4208886325359344,0.9604490995407104,-0.2040000259876251,0.0878153219819068,0.0461518801748752,0.6958878636360168,-0.0418785065412521,-0.4606647789478302,-0.426613301038742,0.9594226479530334,-0.1962929964065551,0.092232197523117,0.0171210914850235,0.7042598724365234,-0.0312460754066705,-0.4229587614536285,-0.3911680877208709,0.94109046459198,-0.1728658676147461,0.0332104600965976,0.0431487970054149,0.6938027143478394,0.1043346524238586,0.0131534337997436,-0.0262301452457904,0.9996817111968994,-0.1048713847994804,-0.0136511893942952,0.026580948382616,0.9995601177215576,0.085860900580883,0.3932704329490661,0.0195163115859031,0.9931210279464722,-0.0849161222577095,0.3759137094020843,0.0457011722028255,0.9923129081726074,0.1157374754548072,0.7391877174377441,0.1573914289474487,0.9903239607810974,-0.0644996240735054,0.7140166163444519,0.2239448279142379,0.9884554743766784,0.117599993944168,0.7852504253387451,0.1610458493232727,0.8457695245742798,-0.0638337880373001,0.7552348375320435,0.235382542014122,0.8828438520431519,0.1224236637353897,0.8556537628173828,0.0267117414623498,0.9857668876647948,-0.1215608194470405,0.8276106715202332,0.1235289946198463,0.983484148979187
-0.0200488120317459,-0.5776263475418091,-0.1591546088457107,0.9995781779289246,-0.0048757623881101,-0.6181154847145081,-0.1637649536132812,0.9993531703948976,-0.0052500255405902,-0.6181251406669617,-0.165579691529274,0.9994705319404602,-0.0048622889444231,-0.6183192729949951,-0.1635946929454803,0.9994236826896667,-0.0328724943101406,-0.6230223178863525,-0.1570532917976379,0.9992846846580504,-0.0306616574525833,-0.6237428188323975,-0.157135859131813,0.9992491602897644,-0.031486626714468,-0.6228644847869873,-0.1535151451826095,0.9992347359657288,0.0759797617793083,-0.6383770704269409,-0.1001725792884826,0.9989105463027954,-0.0308797620236873,-0.6578393578529358,-0.0592858344316482,0.9989556074142456,0.0065885344520211,-0.5646955966949463,-0.1402290314435959,0.9991191625595092,-0.0236899256706237,-0.5682439804077148,-0.1270222663879394,0.9991407990455629,0.1819399744272232,-0.4598459601402282,-0.09684419631958,0.9996967911720276,-0.0919574499130249,-0.48585245013237,0.0106925629079341,0.9996765851974488,0.0829915627837181,-0.2939157783985138,-0.2297292351722717,0.975117027759552,-0.1200692579150199,-0.2070433944463729,0.068481907248497,0.6384562849998474,-0.0247580502182245,-0.4020574688911438,-0.3993289172649383,0.975382685661316,-0.1801174730062484,0.0139691587537527,0.041751030832529,0.7603759765625,-0.0568128861486911,-0.4202593564987182,-0.4344305694103241,0.9615727066993712,-0.205828458070755,0.0863783881068229,0.0331425368785858,0.7078178524971008,-0.0416711084544658,-0.4625206887722015,-0.4402126967906952,0.9605563879013062,-0.1975991576910019,0.090449072420597,0.0039785667322576,0.7161194682121277,-0.0300649255514144,-0.4253050982952118,-0.4039384126663208,0.9427181482315063,-0.1749352812767028,0.0321116000413894,0.0307307690382003,0.7057618498802185,0.1043028533458709,0.0130491843447089,-0.0262492336332798,0.999685287475586,-0.1048394590616226,-0.0135449981316924,0.0266001056879758,0.9995675086975098,0.0847777053713798,0.3935935199260711,0.017062522470951,0.9931988716125488,-0.0845949426293373,0.3767570853233337,0.0433634482324123,0.9924010038375854,0.1156800463795661,0.7392237186431885,0.1543119698762893,0.990401029586792,-0.0645354315638542,0.715760350227356,0.221182107925415,0.9886009693145752,0.1175809800624847,0.7852484583854675,0.1579405069351196,0.844788134098053,-0.0638780072331428,0.7570322155952454,0.2324286848306656,0.8818328380584717,0.1224253177642822,0.8556028008460999,0.0237469337880611,0.9859312176704408,-0.1215016096830368,0.829943060874939,0.1200617775321006,0.9836534261703492
-0.0207440163940191,-0.5757177472114563,-0.1595842093229293,0.9995810985565186,-0.0060146613977849,-0.6165835857391357,-0.1643551290035247,0.9993549585342408,-0.006398007273674,-0.6165974736213684,-0.1661635339260101,0.9994719624519348,-0.0060119125992059,-0.616793692111969,-0.1641910523176193,0.9994244575500488,-0.034267708659172,-0.6210610270500183,-0.1576791405677795,0.9992855787277222,-0.0320504829287529,-0.6217827200889587,-0.1577630341053009,0.9992492198944092,-0.0328655987977981,-0.6208937764167786,-0.154136061668396,0.9992361068725586,0.0745454728603363,-0.6377884745597839,-0.1006870418787002,0.9989074468612672,-0.033479381352663,-0.6557349562644958,-0.0597971379756927,0.9989619255065918,0.0059411292895674,-0.5630759596824646,-0.1404692530632019,0.9991212487220764,-0.0245464164763689,-0.5660786032676697,-0.1272918283939361,0.9991430640220642,0.181067481637001,-0.4598479568958282,-0.0974597856402397,0.999702215194702,-0.094321496784687,-0.4839057028293609,0.0101950503885746,0.9996830821037292,0.0844436436891555,-0.2958855926990509,-0.2310574948787689,0.976043939590454,-0.1243031695485115,-0.2069409340620041,0.0664195492863655,0.6527605056762695,-0.0239415131509304,-0.4020374715328216,-0.4019036591053009,0.9763749241828918,-0.1828192472457885,0.0154361873865127,0.0359452255070209,0.7727793455123901,-0.0564794465899467,-0.4198431968688965,-0.4373832941055298,0.9627485871315002,-0.2080399692058563,0.0878952592611312,0.0266514029353857,0.7200119495391846,-0.0411098413169384,-0.4622016251087188,-0.4428252875804901,0.96174418926239,-0.1994287371635437,0.0912287458777427,-0.0024605626240372,0.7282029986381531,-0.0298508629202842,-0.425210177898407,-0.406400203704834,0.9444108605384828,-0.1773238331079483,0.0333886854350566,0.0248218234628438,0.7178791761398315,0.1042777448892593,0.0128839528188109,-0.0262698847800493,0.9996896982192992,-0.1048147678375244,-0.0133759826421737,0.026623073965311,0.9995765686035156,0.0833949446678161,0.393605887889862,0.0135211097076535,0.9932605624198914,-0.0843826383352279,0.3771309852600097,0.0406071804463863,0.9924975037574768,0.1151401028037071,0.7391533851623535,0.1480053216218948,0.9904998540878296,-0.0647513195872306,0.7180727124214172,0.2152141034603119,0.9887842535972596,0.1172709539532661,0.785167396068573,0.1511696130037307,0.844243586063385,-0.0641138181090354,0.759590208530426,0.2258013784885406,0.8812534809112549,0.122267946600914,0.855259358882904,0.0159358959645032,0.9861488938331604,-0.1215214803814888,0.8327172994613647,0.1116693839430809,0.9838950634002686
-0.0207739286124706,-0.574056088924408,-0.1648140847682953,0.9995850920677184,-0.0060552139766514,-0.6149590611457825,-0.1690538823604583,0.9993593096733092,-0.0064407661557197,-0.6149756908416748,-0.170875996351242,0.999475598335266,-0.0060532786883413,-0.6151723861694336,-0.1688874214887619,0.9994277954101562,-0.0344438403844833,-0.6193676590919495,-0.1627972573041916,0.9992891550064088,-0.0322242975234985,-0.6200893521308899,-0.1628769785165786,0.9992523193359376,-0.0330360494554042,-0.6191949248313904,-0.1592642217874527,0.999240219593048,0.0741098970174789,-0.6367995142936707,-0.1031677052378654,0.9989125728607178,-0.0351973362267017,-0.6544687151908875,-0.064274288713932,0.998972713947296,0.0057783331722021,-0.5616222620010376,-0.1449858248233795,0.999125838279724,-0.0249240156263113,-0.5645382404327393,-0.1324495822191238,0.9991489052772522,0.1804854124784469,-0.4598377645015716,-0.0990818291902542,0.9997065663337708,-0.0973963513970375,-0.4835416376590729,0.0077253878116607,0.9996882677078248,0.0875715985894203,-0.2962943315505981,-0.2337251603603363,0.9770169854164124,-0.1278456747531891,-0.2081142216920852,0.0636736303567886,0.6662001609802246,-0.0205470994114875,-0.4012402892112732,-0.4080879688262939,0.9773974418640136,-0.1856049597263336,0.0147759849205613,0.0319874621927738,0.7842810153961182,-0.0533884279429912,-0.4192603528499603,-0.44411301612854,0.9640094637870787,-0.2109174281358719,0.0870183259248733,0.0226312465965747,0.7314442992210388,-0.040017981082201,-0.4618725180625915,-0.4495890438556671,0.963028609752655,-0.2023130059242248,0.0903550460934639,-0.006407696288079,0.7395694255828857,-0.0273847039788961,-0.4245452284812927,-0.4126283824443817,0.9462153911590576,-0.1801864355802536,0.0326854027807712,0.0208435766398906,0.7292542457580566,0.1042616218328476,0.0126926722005009,-0.0262927394360303,0.9996939897537231,-0.1047977060079574,-0.0131825963035225,0.0266471486538648,0.9995853900909424,0.0835515707731247,0.3936114609241485,0.0104200886562466,0.9933090209960938,-0.0842963308095932,0.3779264986515045,0.0381194204092025,0.992554485797882,0.1155734583735466,0.7386536002159119,0.1471055299043655,0.990506947040558,-0.0648121014237403,0.7193991541862488,0.2130832076072693,0.9888921976089478,0.11792653799057,0.7845563888549805,0.1505958884954452,0.8427994847297668,-0.064159907400608,0.7609228491783142,0.2237027138471603,0.8802515864372253,0.1234506592154502,0.8543099164962769,0.0161711648106575,0.9862348437309264,-0.1214464604854583,0.8344966769218445,0.1096395328640937,0.9840160012245178
-0.0204271450638771,-0.5727013349533081,-0.1690379530191421,0.9995867609977722,-0.0057932576164603,-0.6136266589164734,-0.173112154006958,0.9993617534637452,-0.0061829052865505,-0.6136414408683777,-0.1749388724565506,0.9994782209396362,-0.0057926811277866,-0.6138363480567932,-0.1729407459497451,0.999428689479828,-0.0342812202870845,-0.6180385947227478,-0.1672651320695877,0.9992907047271729,-0.0320600271224975,-0.6187606453895569,-0.1673463881015777,0.9992542266845704,-0.0328692831099033,-0.617867112159729,-0.1637414246797561,0.9992424845695496,0.0741149112582206,-0.6360639929771423,-0.1055171564221382,0.9989182353019714,-0.0355938673019409,-0.6537556052207947,-0.0687853842973709,0.9989854097366332,0.005857849959284,-0.5605044364929199,-0.1486444324254989,0.9991284012794496,-0.0249170437455177,-0.5634251236915588,-0.1367303729057312,0.9991552233695984,0.1801687479019165,-0.4600913822650909,-0.1010565534234047,0.9997105598449708,-0.0988854467868805,-0.4835517108440399,0.0059503098018467,0.9996935725212096,0.0890355855226516,-0.299658715724945,-0.238630324602127,0.9778888821601868,-0.1296639740467071,-0.212296113371849,0.0635241493582725,0.6766738891601562,-0.0201381463557481,-0.4015434980392456,-0.4177994430065155,0.9782532453536988,-0.1880714148283004,0.0144966971129179,0.0332964733242988,0.7937833666801453,-0.0532595813274383,-0.4190883934497833,-0.4538569152355194,0.9650299549102784,-0.2134469300508499,0.0862226262688636,0.0243614576756954,0.7406280040740967,-0.0396864414215087,-0.461576759815216,-0.4595451951026916,0.9640683531761168,-0.2052508443593979,0.0895856171846389,-0.0045514251105487,0.7487735152244568,-0.027228906750679,-0.4245589077472687,-0.4223387539386749,0.9476703405380248,-0.182975098490715,0.0321072377264499,0.0222320295870304,0.738477885723114,0.1042671278119087,0.0125412968918681,-0.0264761354774236,0.9996991753578186,-0.1048033758997917,-0.0130305727943778,0.0268339216709136,0.999595820903778,0.083652950823307,0.3936157524585724,0.0091258911415934,0.9933706521987916,-0.084020234644413,0.3779341280460357,0.0379488691687583,0.9926104545593262,0.1161518767476081,0.7369831204414368,0.1474474370479583,0.9905396699905396,-0.0647652521729469,0.719571053981781,0.2138190120458603,0.9890483617782592,0.1187325790524482,0.7825766801834106,0.1511115431785583,0.8418582677841187,-0.0640725195407867,0.7611099481582642,0.2245040982961654,0.8801878094673157,0.1240129917860031,0.8521447777748108,0.0164351928979158,0.9863623380661012,-0.1210797280073165,0.835100531578064,0.1100551486015319,0.9842187166213988
-0.0203736592084169,-0.5700667500495911,-0.1691854447126388,0.9995898604393004,-0.0057655670680105,-0.6113031506538391,-0.173246830701828,0.9993664026260376,-0.0061548324301838,-0.6113215684890747,-0.1750742346048355,0.9994818568229676,-0.0057644341140985,-0.6115203499794006,-0.1730745434761047,0.9994324445724488,-0.0342940129339695,-0.615668773651123,-0.1673579066991806,0.999293863773346,-0.0320716388523578,-0.6163959503173828,-0.1674385368824005,0.9992562532424928,-0.0328794829547405,-0.6154958605766296,-0.1638327091932296,0.9992455244064332,0.0742107555270195,-0.6349503397941589,-0.1056012958288192,0.9989250898361206,-0.0359718166291713,-0.6525454521179199,-0.0685466825962066,0.9989917278289796,0.0059839282184839,-0.5582607984542847,-0.1488430202007293,0.999135971069336,-0.0249206684529781,-0.5611531734466553,-0.1368531137704849,0.9991626143455504,0.1802968531847,-0.4601583480834961,-0.0999132469296455,0.9997180700302124,-0.0995271950960159,-0.4829402565956116,0.0075867329724133,0.9997008442878724,0.0916836187243461,-0.299464464187622,-0.2378468662500381,0.978672444820404,-0.1302466541528701,-0.2123927325010299,0.0651747211813926,0.6872443556785583,-0.018994903191924,-0.4012272953987121,-0.4143354594707489,0.979090929031372,-0.188499316573143,0.0157941598445177,0.0344055332243442,0.802752673625946,-0.0526074767112731,-0.4181690216064453,-0.4504204392433166,0.9660670161247252,-0.2138320058584213,0.0886132940649986,0.0254470650106668,0.7493550181388855,-0.0394369736313819,-0.4601194858551025,-0.4558872282505035,0.9651236534118652,-0.2058786153793335,0.091861143708229,-0.0034164523240178,0.7574798464775085,-0.0265734959393739,-0.424244612455368,-0.4188370108604431,0.9491127729415894,-0.1834006905555725,0.0336660258471965,0.0233452916145324,0.7469152212142944,0.1042696386575698,0.0123111922293901,-0.0265814270824193,0.9997045993804932,-0.1048049628734588,-0.0127965360879898,0.0269432719796895,0.999605119228363,0.0837684571743011,0.3934853374958038,0.0062368074432015,0.9934003949165344,-0.0835294723510742,0.3779568374156952,0.0362527035176754,0.9926486611366272,0.1163327693939209,0.7356366515159607,0.1459012031555175,0.9905714988708496,-0.0647677779197692,0.7198471426963806,0.2115612030029297,0.9891710877418518,0.1190308406949043,0.781093955039978,0.1495688259601593,0.8414649367332458,-0.0640702843666076,0.7614333629608154,0.2220454812049865,0.8799664378166199,0.125298261642456,0.8504495620727539,0.0146555611863732,0.9864867329597472,-0.1207429394125938,0.8354188203811646,0.1065948903560638,0.984389305114746
-0.0205905921757221,-0.5679948925971985,-0.1691067218780517,0.9995875358581544,-0.0062225814908742,-0.6095126867294312,-0.1732466071844101,0.9993624687194824,-0.0066173551604151,-0.6095300316810608,-0.1750744134187698,0.9994787573814392,-0.0062270401977002,-0.6097343564033508,-0.1730733215808868,0.999428927898407,-0.0347937643527984,-0.6136932373046875,-0.1673399955034256,0.9992856383323668,-0.0325692147016525,-0.6144242286682129,-0.1674191504716873,0.9992466568946838,-0.0333720035851001,-0.6135210394859314,-0.1638120859861374,0.999236524105072,0.0732753723859787,-0.634456217288971,-0.1058465018868446,0.9989221692085266,-0.0369087345898151,-0.6515095829963684,-0.0686368495225906,0.9989853501319884,0.005723959300667,-0.556742787361145,-0.1488532721996307,0.999135196208954,-0.0252098962664604,-0.5594319701194763,-0.1368287801742553,0.999159812927246,0.1799125224351883,-0.4608681499958038,-0.0996749624609947,0.9997256398200988,-0.1000542044639587,-0.482658714056015,0.0078794257715344,0.9997060894966124,0.0945305228233337,-0.3002026975154876,-0.2369156181812286,0.9795265197753906,-0.1308326572179794,-0.2129935175180435,0.0660604313015937,0.6963402628898621,-0.0174739211797714,-0.4010801315307617,-0.4123305380344391,0.9799485206604004,-0.1894487142562866,0.0155425341799855,0.0347302742302417,0.8109576106071472,-0.0513746477663517,-0.4169073402881622,-0.4482293725013733,0.9671334624290466,-0.214725524187088,0.0880755558609962,0.0257116071879863,0.757317066192627,-0.0393472500145435,-0.4584251642227173,-0.4536430537700653,0.9662069082260132,-0.2073003053665161,0.0913677439093589,-0.0029091408941894,0.7654088735580444,-0.0255740545690059,-0.4236575961112976,-0.4167822897434234,0.9506133794784546,-0.1845674514770507,0.0333700850605964,0.0237389951944351,0.7546812891960144,0.1042417213320732,0.012117987498641,-0.0267199147492647,0.9997079372406006,-0.1047759354114532,-0.0126010756939649,0.0270842425525188,0.999610722064972,0.0838679745793342,0.3934866786003113,0.0053178528323769,0.9934134483337402,-0.0834864974021911,0.3781175315380096,0.0358158349990844,0.992669403553009,0.1163829788565635,0.7355931997299194,0.1434045433998108,0.990604043006897,-0.0647927150130271,0.7205745577812195,0.2097904980182647,0.9892784357070924,0.1191339865326881,0.7810324430465698,0.1467932015657425,0.8409677147865295,-0.0640860348939895,0.762178897857666,0.2200442254543304,0.8798751831054688,0.1256794780492782,0.850342869758606,0.0115479687228798,0.9865984320640564,-0.1206370964646339,0.8364211916923523,0.1045025661587715,0.9845365285873412
-0.02069035731256,-0.5678644776344299,-0.1681134700775146,0.9995826482772828,-0.0064761936664581,-0.6094056963920593,-0.1722700148820877,0.9993547201156616,-0.0068733058869838,-0.6094224452972412,-0.1740994602441787,0.9994724988937378,-0.0064843399450182,-0.6096284985542297,-0.1720971018075943,0.9994226694107056,-0.035077515989542,-0.6135062575340271,-0.1664044260978698,0.9992740154266356,-0.0328527130186557,-0.6142397522926331,-0.1664822399616241,0.9992340207099916,-0.0336527004837989,-0.613334596157074,-0.1628718823194503,0.9992247223854064,0.0725985541939735,-0.6344161629676819,-0.105280116200447,0.9989115595817566,-0.0376098118722438,-0.6511242985725403,-0.0681248307228088,0.998971939086914,0.005577300209552,-0.5565794706344604,-0.1480214744806289,0.9991269707679749,-0.0253781173378229,-0.5591734647750854,-0.1360117644071579,0.9991490840911864,0.1795022785663604,-0.4611876010894775,-0.0983249992132186,0.999730944633484,-0.1004194170236587,-0.4820724725723266,0.0087494775652885,0.9997082948684692,0.0967811942100524,-0.2994516491889953,-0.232785552740097,0.9801674485206604,-0.1322390139102935,-0.2124509811401367,0.0674725994467735,0.7034801244735718,-0.0170591901987791,-0.3995177447795868,-0.4076136350631714,0.9805782437324524,-0.190908595919609,0.0141312256455421,0.0358596555888652,0.817505419254303,-0.051253505051136,-0.4150385856628418,-0.4429233372211456,0.9678483605384828,-0.2158751338720321,0.0855883508920669,0.0269510261714458,0.76349276304245,-0.039170041680336,-0.456926941871643,-0.4479435384273529,0.9669229388237,-0.2089734524488449,0.0874789506196975,-0.0014371497090905,0.7715336680412292,-0.025422815233469,-0.4221413433551788,-0.4117676913738251,0.9516227841377258,-0.1861974596977234,0.0312180332839489,0.0249940622597932,0.7606810927391052,0.1041394844651222,0.0119356485083699,-0.026769371703267,0.999707579612732,-0.104672186076641,-0.0124175511300563,0.0271342173218727,0.99961119890213,0.0837761610746383,0.3932050764560699,0.0052612530998885,0.9933655261993408,-0.0832552090287208,0.3781007528305053,0.0356410630047321,0.9926334619522096,0.1163043230772018,0.7352956533432007,0.1429517716169357,0.9905447363853456,-0.0651363134384155,0.7204828262329102,0.2089366912841797,0.9892699122428894,0.1190987080335617,0.7807140350341797,0.1463375389575958,0.8395499587059021,-0.0644662901759147,0.7620590925216675,0.2191739082336425,0.8788980841636658,0.1256929337978363,0.8499286770820618,0.01141585316509,0.9865816235542296,-0.120723471045494,0.8362809419631958,0.1041087210178375,0.9845324754714966
-0.0220892000943422,-0.5677564740180969,-0.1673254966735839,0.9995771050453186,-0.0083805182948708,-0.6093186736106873,-0.1715800017118454,0.9993444681167604,-0.0087850680574774,-0.6093349456787109,-0.1734098047018051,0.999464511871338,-0.0083975670859217,-0.609542727470398,-0.1714046895503997,0.9994142055511476,-0.0368395820260047,-0.6133107542991638,-0.1657386869192123,0.9992592930793762,-0.0346156097948551,-0.6140451431274414,-0.1658137291669845,0.9992184638977052,-0.0354073978960514,-0.6131382584571838,-0.1622020006179809,0.9992095828056335,0.069460242986679,-0.6344048380851746,-0.1050911098718643,0.9988973140716552,-0.0398818515241146,-0.6506310701370239,-0.0680000409483909,0.9989579916000366,0.0038771487306803,-0.5564863681793213,-0.1474827080965042,0.9991214871406556,-0.0269219130277633,-0.5589480996131897,-0.1354915797710418,0.9991416335105896,0.1774164885282516,-0.4618654251098633,-0.0977762043476104,0.9997372031211852,-0.1022024750709533,-0.4815661311149597,0.008935815654695,0.999710977077484,0.0981044322252273,-0.2992608845233917,-0.2326005548238754,0.9809371829032898,-0.1351359486579895,-0.2124650925397873,0.0680295899510383,0.711371660232544,-0.0163667555898427,-0.3992343246936798,-0.4070642292499542,0.9813441038131714,-0.1917991191148758,0.0108457310125231,0.03676712885499,0.8241698741912842,-0.0508236959576606,-0.4149284362792969,-0.4424287676811218,0.9688004851341248,-0.2161592096090316,0.0813501477241516,0.0283010192215442,0.769825279712677,-0.0390079170465469,-0.4568460285663605,-0.4474138617515564,0.9678825736045836,-0.2096193730831146,0.0818185061216354,6.849657074781135e-05,0.7777949571609497,-0.0250661261379718,-0.42192542552948,-0.4112204015254974,0.952938437461853,-0.1871646642684936,0.0271299909800291,0.0260784830898046,0.7667221426963806,0.1040480062365531,0.0117418933659791,-0.0267927646636962,0.999710202217102,-0.1045783907175064,-0.0122225098311901,0.0271577965468168,0.9996143579483032,0.0829613581299781,0.393208235502243,0.0048573445528745,0.993367612361908,-0.0830517783761024,0.3783985078334808,0.0348365865647792,0.9926313757896424,0.1147327348589897,0.7357869744300842,0.1407823264598846,0.9905772805213928,-0.0657899528741836,0.7207563519477844,0.2070490270853042,0.9892943501472472,0.1176643669605255,0.781280517578125,0.1438955962657928,0.8393921852111816,-0.0651839599013328,0.7623186707496643,0.2171519994735717,0.8781566023826599,0.1250624507665634,0.8502903580665588,0.0088990842923522,0.9866759181022644,-0.1208625882863998,0.8369582891464233,0.1023255437612533,0.9845699667930604
-0.0222756769508123,-0.5678722858428955,-0.1673866808414459,0.999574899673462,-0.0086209010332822,-0.609393298625946,-0.1716487109661102,0.9993388056755066,-0.0090271951630711,-0.6094087958335876,-0.1734785586595535,0.9994598627090454,-0.0086390413343906,-0.6096175909042358,-0.1714736223220825,0.9994091391563416,-0.037059411406517,-0.6133854985237122,-0.1658052951097488,0.9992513656616212,-0.0348348021507263,-0.6141196489334106,-0.1658798158168792,0.9992102980613708,-0.0356246642768383,-0.6132137179374695,-0.1622683554887771,0.9992020726203918,0.0673925802111625,-0.6344147324562073,-0.1051371544599533,0.9988895058631896,-0.0416526347398757,-0.6505091190338135,-0.0686182379722595,0.998954176902771,0.0030430369079113,-0.5565973520278931,-0.1475671976804733,0.999117910861969,-0.0277176070958375,-0.5589895248413086,-0.1356129795312881,0.9991390705108644,0.1739934384822845,-0.4626621305942535,-0.0975248664617538,0.9997424483299256,-0.1050517335534095,-0.4812396466732025,0.0084840012714266,0.9997130632400512,0.099450796842575,-0.2998290061950683,-0.2324298918247223,0.9816523194313048,-0.138690248131752,-0.212267130613327,0.0676230266690254,0.7190938591957092,-0.0149082709103822,-0.3990288078784942,-0.4069268107414245,0.9820136427879332,-0.191908910870552,0.0104009388014674,0.037191953510046,0.8304610848426819,-0.0494826212525367,-0.4148603975772857,-0.4424121379852295,0.969594419002533,-0.2159321159124374,0.0806910917162895,0.0287881139665842,0.7758204340934753,-0.0387068688869476,-0.4569005072116852,-0.4473403096199035,0.96867698431015,-0.2093947231769561,0.0806953832507133,0.000660091289319,0.7836832404136658,-0.0239716973155736,-0.4217775166034698,-0.4110961258411407,0.9540494084358216,-0.1871843338012695,0.0264355614781379,0.0265794564038515,0.7724482417106628,0.103918932378292,0.0114964349195361,-0.0268135331571102,0.999711573123932,-0.1044476851820945,-0.0119790416210889,0.0271788090467453,0.9996167421340942,0.0827830210328102,0.3932842314243316,0.0049709477461874,0.9933595061302184,-0.0830037742853164,0.3786082565784454,0.0347615368664264,0.9925768375396729,0.114450879395008,0.7370578646659851,0.1396344900131225,0.990586757659912,-0.0663623437285423,0.7219845056533813,0.2058553844690323,0.989302396774292,0.1174069121479988,0.7826507687568665,0.1425531208515167,0.8387725949287415,-0.0658064633607864,0.7636138200759888,0.2157530784606933,0.8775867819786072,0.1248738840222358,0.8515463471412659,0.0070952349342405,0.9867238402366638,-0.1212692037224769,0.8385237455368042,0.1002824380993843,0.9845765233039856
-0.0233723148703575,-0.5688567757606506,-0.1672894358634948,0.9995792508125304,-0.0100103812292218,-0.6103904247283936,-0.171592429280281,0.9993439316749572,-0.0104198986664414,-0.6104033589363098,-0.1734224706888198,0.9994640946388244,-0.0100333197042346,-0.6106153726577759,-0.1714181154966354,0.9994139671325684,-0.0382375866174697,-0.6140616536140442,-0.1657580286264419,0.999255359172821,-0.0360127873718738,-0.6147971749305725,-0.1658314764499664,0.9992144107818604,-0.0368005633354187,-0.6138879060745239,-0.1622208952903747,0.9992069602012634,0.0652549564838409,-0.6349714994430542,-0.1052017360925674,0.9989006519317628,-0.0428323037922382,-0.650482714176178,-0.0687339678406715,0.9989659786224364,0.0016765303444117,-0.5573643445968628,-0.1476087272167205,0.9991306662559508,-0.0288530047982931,-0.5594068169593811,-0.1356444060802459,0.9991511106491088,0.1726228445768356,-0.463642418384552,-0.0975981503725051,0.999750554561615,-0.1054561883211135,-0.4805211126804352,0.0081807933747768,0.9997187256813048,0.1011867076158523,-0.3006510436534881,-0.2321891337633133,0.9823628067970276,-0.1391693353652954,-0.2110240161418914,0.0677617490291595,0.7253515124320984,-0.0133895669132471,-0.399228572845459,-0.4073382914066314,0.9826437830924988,-0.1917330920696258,0.0101114762946963,0.0388792008161544,0.8360799551010132,-0.0480462908744812,-0.4150849282741546,-0.4428507089614868,0.9703495502471924,-0.2155792564153671,0.0802476033568382,0.0309049189090728,0.7812682390213013,-0.0382634475827217,-0.4572505056858063,-0.447813481092453,0.9694325923919678,-0.2089705020189285,0.0797565281391143,0.003230084432289,0.7889929413795471,-0.0227740686386823,-0.4219989478588104,-0.4115476310253143,0.9551172852516174,-0.1870175302028656,0.0258659217506647,0.0286096893250942,0.7775667309761047,0.1037235558032989,0.0113665731623768,-0.0268736593425273,0.9997153878211976,-0.1042497605085372,-0.0118487244471907,0.0272394940257072,0.9996219277381896,0.0827292427420616,0.3935923874378204,0.0057697305455803,0.99336576461792,-0.0827584192156791,0.3787862360477447,0.036176823079586,0.992592453956604,0.1144704595208168,0.7380356788635254,0.1401724070310592,0.9906357526779176,-0.0663969293236732,0.7233911156654358,0.206164926290512,0.9894186854362488,0.1174442917108535,0.7836722135543823,0.1432408839464187,0.8387081027030945,-0.0658540725708007,0.7651448845863342,0.2162594497203827,0.8780124187469482,0.1248708218336105,0.8521398305892944,0.0079946499317884,0.986820638179779,-0.1214648187160492,0.8395677804946899,0.1011315062642097,0.9847347140312196
-0.0237141586840152,-0.570271372795105,-0.1654780656099319,0.9995776414871216,-0.01043485943228,-0.6117709279060364,-0.1700308471918106,0.9993407726287842,-0.010844993405044,-0.6117810606956482,-0.1718608736991882,0.9994614720344543,-0.0104602752253413,-0.611997663974762,-0.1698608696460724,0.999411940574646,-0.0385160334408283,-0.6151875257492065,-0.1641573905944824,0.99925035238266,-0.0362923070788383,-0.6159265041351318,-0.1642273366451263,0.9992092251777648,-0.0370805040001869,-0.6150145530700684,-0.1606174260377884,0.9992027878761292,0.0646898448467254,-0.635711133480072,-0.1049648448824882,0.9989008903503418,-0.0428801588714122,-0.6505347490310669,-0.0682063177227974,0.9989641904830932,0.001249574823305,-0.558453381061554,-0.1464127302169799,0.9991317391395568,-0.0291097331792116,-0.5602074861526489,-0.1343212574720382,0.9991509318351746,0.1722483038902282,-0.4645094275474548,-0.0973095297813415,0.9997568726539612,-0.1053796857595443,-0.4802463948726654,0.0085119353607296,0.9997215270996094,0.1042127758264541,-0.3009528815746307,-0.2310265153646469,0.9829210042953492,-0.1389797776937484,-0.2102512419223785,0.0705186948180198,0.7273053526878357,-0.0119687225669622,-0.3997723758220672,-0.4052428007125854,0.9830875992774964,-0.1914826035499572,0.0080921929329633,0.0472486168146133,0.8389474749565125,-0.0469572097063064,-0.4157944321632385,-0.4403835833072662,0.9708141684532166,-0.2148258686065673,0.0774580538272857,0.04016650095582,0.7837116718292236,-0.0379445403814315,-0.458331435918808,-0.445128470659256,0.9698867797851562,-0.2085515856742859,0.0762503519654274,0.0130310589447617,0.7913743257522583,-0.0216219741851091,-0.4227098226547241,-0.4093470871448517,0.9557725191116332,-0.1868129074573516,0.0232693646103143,0.0373566560447216,0.7797326445579529,0.1034785136580467,0.0112805739045143,-0.0269610118120908,0.9997177720069884,-0.1040018796920776,-0.0117627959698438,0.0273270867764949,0.9996246695518494,0.0827634111046791,0.3938384056091308,0.0070526148192584,0.9933199286460876,-0.081930011510849,0.3789036571979522,0.0384808592498302,0.9925704002380372,0.1147684305906295,0.7383121252059937,0.1410773247480392,0.9906350374221802,-0.0661335363984108,0.7241483330726624,0.2069579064846038,0.9894945025444032,0.1178004592657089,0.7839389443397522,0.1440536677837371,0.8384581804275513,-0.0656123608350753,0.7659487724304199,0.2168391346931457,0.8785253167152405,0.125062495470047,0.852282702922821,0.0086257085204124,0.9868512153625488,-0.1213702708482742,0.8399471640586853,0.1014362946152687,0.9848507642745972
-0.0227236729115247,-0.5706616640090942,-0.1661459058523178,0.9995777606964112,-0.0093108871951699,-0.6120346188545227,-0.1706999987363815,0.9993393421173096,-0.0097227394580841,-0.6120433807373047,-0.1725298017263412,0.9994606375694276,-0.0093364650383591,-0.6122604012489319,-0.1705318093299865,0.9994109869003296,-0.0373175665736198,-0.6154834032058716,-0.1650416105985641,0.9992476105690002,-0.0350941978394985,-0.616223931312561,-0.1651096642017364,0.999207317829132,-0.0358809158205986,-0.6153115630149841,-0.1614996641874313,0.9992011189460754,0.0649734511971473,-0.6357330083847046,-0.1055649295449256,0.9989016056060792,-0.0423020645976066,-0.6505635380744934,-0.0698389858007431,0.9989652037620544,0.0017458426300436,-0.5587068200111389,-0.1470126658678054,0.9991324543952942,-0.0285644195973873,-0.5604934096336365,-0.1351940631866455,0.999152421951294,0.1723293364048004,-0.4645834267139435,-0.097478412091732,0.9997614622116088,-0.1052035465836525,-0.4802461862564087,0.0074239685200154,0.9997239708900452,0.1065177544951438,-0.3008465766906738,-0.2308539152145385,0.9834924340248108,-0.1386762261390686,-0.2102914750576019,0.0705693811178207,0.7303510904312134,-0.0100651197135448,-0.3994715213775635,-0.40503790974617,0.9835759401321412,-0.1903799921274185,0.0071286028251051,0.0488613508641719,0.8420782089233398,-0.045149989426136,-0.4156533479690552,-0.4402107894420624,0.9713951349258424,-0.2130335867404937,0.0765675157308578,0.0422088056802749,0.7863455414772034,-0.0363517254590988,-0.4582823812961578,-0.4449777901172638,0.9704627394676208,-0.2071563750505447,0.0755199342966079,0.0151035115122795,0.7939565777778625,-0.0196471214294433,-0.422493040561676,-0.4091574847698211,0.9565632343292236,-0.1857830733060836,0.022322129458189,0.0390794649720191,0.7821040153503418,0.1033464893698692,0.0112236533313989,-0.0269824378192424,0.999718427658081,-0.1038682535290718,-0.0117063615471124,0.0273486878722906,0.9996256232261658,0.0829847306013107,0.3939409255981445,0.0080334842205047,0.993305206298828,-0.0813021957874298,0.3790587484836578,0.0389858111739158,0.9925652146339417,0.1150901913642883,0.7385157346725464,0.1423819065093994,0.9906436800956726,-0.0659860000014305,0.7246241569519043,0.2071628123521804,0.9895744919776917,0.118141695857048,0.7841382622718811,0.1453836411237716,0.8382197618484497,-0.0654661804437637,0.7664164304733276,0.2169966697692871,0.878942608833313,0.1254559159278869,0.8525100350379944,0.0100649055093526,0.9868881106376648,-0.121204674243927,0.8402239084243774,0.1018666177988052,0.9849581718444824
-0.0221051704138517,-0.5709023475646973,-0.1662937402725219,0.9995825290679932,-0.0086207585409283,-0.6121916770935059,-0.1707935035228729,0.9993444085121156,-0.0090345283970236,-0.6122000813484192,-0.1726232022047042,0.9994648098945618,-0.0086480667814612,-0.6124175786972046,-0.1706249117851257,0.9994153380393982,-0.0366561077535152,-0.6156754493713379,-0.1652565747499466,0.9992530345916748,-0.0344317108392715,-0.616416871547699,-0.1653230786323547,0.9992135763168336,-0.0352165624499321,-0.6155040264129639,-0.1617123633623123,0.9992075562477112,0.0650674477219581,-0.6357505321502686,-0.1056191176176071,0.9989119172096252,-0.0421966537833213,-0.6506192088127136,-0.0703513845801353,0.9989777207374572,0.0020208137575536,-0.5588815212249756,-0.1470786184072494,0.9991428256034852,-0.0283200778067111,-0.5607109069824219,-0.1354247778654098,0.9991640448570251,0.172396644949913,-0.4646957814693451,-0.0973206534981727,0.999767005443573,-0.1051774844527244,-0.4802731573581695,0.0070077213458716,0.9997285604476928,0.1092678010463714,-0.3006346821784973,-0.230295792222023,0.9840670228004456,-0.1383958905935287,-0.2103982716798782,0.07057436555624,0.7358568906784058,-0.0066028125584125,-0.3994163572788238,-0.4049244821071625,0.9841132164001464,-0.1895835846662521,0.0070815836079418,0.0489363707602024,0.846514880657196,-0.0416718944907188,-0.4156105816364288,-0.4401178359985351,0.972074568271637,-0.2116063982248306,0.0766329392790794,0.0422746129333972,0.7905791997909546,-0.0330514423549175,-0.4582477211952209,-0.4448781013488769,0.9711421132087708,-0.2056178301572799,0.075697585940361,0.0151598304510116,0.7980765700340271,-0.0160815417766571,-0.4224352836608886,-0.4090649783611297,0.9575072526931764,-0.1848753839731216,0.0223177447915077,0.0391690842807292,0.7860641479492188,0.1032931730151176,0.0111400922760367,-0.0269944090396165,0.9997206330299376,-0.1038129478693008,-0.0116229616105556,0.0273608639836311,0.9996283054351808,0.0833026468753814,0.39399054646492,0.0082397237420082,0.99333655834198,-0.0809463188052177,0.3793980479240417,0.0389672182500362,0.992585062980652,0.1154637038707733,0.7391999959945679,0.1427375525236129,0.9907077550888062,-0.065810389816761,0.7252387404441833,0.2074159979820251,0.9896702766418456,0.1185450032353401,0.7848919630050659,0.1457900553941726,0.838368833065033,-0.0652632042765617,0.7670141458511353,0.2172765284776687,0.8791889548301697,0.1261843889951706,0.8533195853233337,0.0105288764461874,0.9869837164878844,-0.1208783611655235,0.8408151268959045,0.1020314171910286,0.9850772023200988
-0.0219995565712451,-0.5716663599014282,-0.1664319932460785,0.999584436416626,-0.0084535265341401,-0.6128172278404236,-0.1709437668323516,0.99934720993042,-0.0088681243360042,-0.6128253936767578,-0.1727735698223114,0.9994671940803528,-0.0084813814610242,-0.6130422949790955,-0.1707743555307388,0.9994173645973206,-0.0364897884428501,-0.6163833737373352,-0.1653915047645568,0.9992544054985046,-0.0342649035155773,-0.6171260476112366,-0.1654581725597381,0.9992149472236632,-0.0350489690899848,-0.6162139773368835,-0.1618491858243942,0.9992091059684752,0.0652444437146186,-0.6358709335327148,-0.105872705578804,0.9989171624183656,-0.0419307053089141,-0.6508470177650452,-0.0705187320709228,0.9989827871322632,0.002098845783621,-0.5593854784965515,-0.1472710371017456,0.9991440773010254,-0.0282396413385868,-0.5612941980361938,-0.1355941891670227,0.9991663694381714,0.1724523156881332,-0.4647853970527649,-0.0976428911089897,0.9997691512107848,-0.105039894580841,-0.4803580939769745,0.0068622743710875,0.9997297525405884,0.1093591973185539,-0.3008749485015869,-0.2318160682916641,0.9845116138458252,-0.1382961124181747,-0.2113875448703766,0.0707117766141891,0.7386538982391357,-0.0063370615243911,-0.3994281888008117,-0.4091027379035949,0.9845120906829834,-0.1893447488546371,0.0068197720684111,0.050154011696577,0.8493577837944031,-0.0413430742919445,-0.4156105518341064,-0.4443830549716949,0.9725519418716432,-0.2112510353326797,0.0766260251402854,0.0437815822660923,0.7930174469947815,-0.0327789708971977,-0.4582507610321045,-0.4491246342658996,0.9716194868087769,-0.2051999419927597,0.0757875889539718,0.0164670459926128,0.8004881739616394,-0.0157601926475763,-0.4224301874637604,-0.4132135510444641,0.9581683874130248,-0.1846087872982025,0.0222199335694313,0.0403441973030567,0.7884249091148376,0.1032604277133941,0.0111112231388688,-0.0270332843065261,0.9997219443321228,-0.1037798449397087,-0.0115942247211933,0.0273995772004127,0.999630331993103,0.0836146622896194,0.3941137194633484,0.0083116767928004,0.993349015712738,-0.0808195620775222,0.3791302442550659,0.0391716659069061,0.9926096200942992,0.1159662306308746,0.7394550442695618,0.1426210105419159,0.9907840490341188,-0.065500296652317,0.7255555987358093,0.2073452472686767,0.9898126125335692,0.1190622746944427,0.7851434350013733,0.1455597579479217,0.8385193943977356,-0.0649028420448303,0.7674093246459961,0.2170566022396087,0.8798342347145081,0.1265726834535598,0.8534544706344604,0.0097124930471181,0.98710298538208,-0.1206459924578666,0.8409118056297302,0.1009536907076835,0.9852619171142578
-0.0218641571700572,-0.5761024951934814,-0.1686653047800064,0.9995875954627992,-0.0079877749085426,-0.6163114905357361,-0.1727012693881988,0.9993504285812378,-0.0084015093743801,-0.6163205504417419,-0.1745303571224212,0.9994696974754332,-0.0080141806975007,-0.6165310144424438,-0.1725281029939651,0.9994189143180848,-0.0361098647117614,-0.6203228831291199,-0.1674733906984329,0.9992586970329284,-0.0338836349546909,-0.6210630536079407,-0.1675435602664947,0.9992201328277588,-0.0346664898097515,-0.6201550960540771,-0.1639401912689209,0.9992143511772156,0.0653523057699203,-0.6364739537239075,-0.1065114289522171,0.9989197850227356,-0.0420010983943939,-0.6523957252502441,-0.07251488417387,0.998992383480072,0.0020567111205309,-0.5624576210975647,-0.1490921229124069,0.9991427659988404,-0.0283484384417533,-0.5648464560508728,-0.1378766149282455,0.99917072057724,0.1709057092666626,-0.4651936292648315,-0.0984052568674087,0.999768853187561,-0.1065540984272956,-0.4810532331466675,0.0051340297795832,0.9997295141220092,0.1092343479394912,-0.3032622933387756,-0.2333459556102752,0.9849908351898192,-0.1406520903110504,-0.2128138095140457,0.0693055093288421,0.7424333691596985,-0.0063764760270714,-0.4017004668712616,-0.411687433719635,0.9848949313163756,-0.1894779652357101,0.0069376197643578,0.0499373041093349,0.8521512746810913,-0.0413658209145069,-0.4180084764957428,-0.4471758306026459,0.9729780554771424,-0.2112025916576385,0.0777212157845497,0.043641623109579,0.795269250869751,-0.0328026674687862,-0.4606415033340454,-0.451869934797287,0.9720373153686525,-0.2050396353006363,0.0776211097836494,0.0163801666349172,0.8026893138885498,-0.0157676190137863,-0.4246026575565338,-0.415782630443573,0.9587606191635132,-0.1845859587192535,0.022673400118947,0.0401923768222332,0.7906728982925415,0.1032372191548347,0.0110441278666257,-0.0270499978214502,0.9997235536575316,-0.103756383061409,-0.0115287471562623,0.0274163503199815,0.9996337294578552,0.0845892280340194,0.394370436668396,0.0087994094938039,0.9933964014053344,-0.080301359295845,0.3789731562137604,0.0394228249788284,0.9926095008850098,0.1182185858488082,0.7407834529876709,0.1426544487476349,0.9908782243728638,-0.0646811872720718,0.726692259311676,0.2071555256843567,0.9899429678916932,0.1213387101888656,0.7865555882453918,0.1455193012952804,0.8383991718292236,-0.064071387052536,0.7687270641326904,0.2166914045810699,0.8803585767745972,0.128301203250885,0.8546088933944702,0.0092530939728021,0.9872164130210876,-0.1202221363782882,0.8414793014526367,0.099598154425621,0.9854138493537904
-0.0215451475232839,-0.5799204707145691,-0.1691760122776031,0.99958336353302,-0.0073166592046618,-0.6195252537727356,-0.1730502545833587,0.9993435144424438,-0.0077313524670898,-0.6195343732833862,-0.174877792596817,0.9994639754295348,-0.0073434961959719,-0.6197440028190613,-0.1728736758232116,0.9994117617607116,-0.035445362329483,-0.6237862706184387,-0.1679037064313888,0.9992499947547911,-0.0332173630595207,-0.6245303750038147,-0.1679763942956924,0.999211609363556,-0.0339974090456962,-0.6236240267753601,-0.1643759459257125,0.999205768108368,0.0654136389493942,-0.6370806694030762,-0.1066178753972053,0.998906910419464,-0.0419242978096008,-0.6536154747009277,-0.0729867368936538,0.9989811778068542,0.0020689987577497,-0.565121054649353,-0.1495795845985412,0.9991241097450256,-0.0283409990370273,-0.567779541015625,-0.1384719312191009,0.9991562366485596,0.1695222854614257,-0.4655042886734009,-0.0986735448241233,0.9997661113739014,-0.1066847443580627,-0.4812216162681579,0.0047895372845232,0.9997234344482422,0.1096025705337524,-0.3048674464225769,-0.2347851544618606,0.9853929877281188,-0.1405134499073028,-0.2129621356725692,0.0692172870039939,0.7425084114074707,-0.0063857096247375,-0.4028995931148529,-0.4144562780857086,0.9851504564285278,-0.1886034160852432,0.0070972610265016,0.0505635514855384,0.8526529669761658,-0.0413834489881992,-0.4190908968448639,-0.4502191543579101,0.9731728434562684,-0.2097491472959518,0.0784558653831482,0.0443365685641765,0.794927179813385,-0.0330061353743076,-0.4617716073989868,-0.4544386863708496,0.9722131490707396,-0.2033432871103286,0.0786022916436195,0.0171387903392314,0.8023773431777954,-0.0157764609903097,-0.4257127046585083,-0.4184106886386871,0.959019660949707,-0.1835770308971405,0.0230325385928154,0.0408573746681213,0.7904005646705627,0.1031185165047645,0.0110047394409775,-0.027101594954729,0.9997230768203736,-0.1036396324634552,-0.0114908730611205,0.0274673923850059,0.9996337890625,0.0847439393401146,0.3945406675338745,0.0088381040841341,0.99336040019989,-0.0798699632287025,0.3779757916927337,0.0395397283136844,0.9925401210784912,0.118968516588211,0.7416422963142395,0.1393946707248687,0.990913152694702,-0.0638018175959587,0.7284098863601685,0.2039464563131332,0.99003267288208,0.1220814436674118,0.787415087223053,0.1415974050760269,0.837860107421875,-0.0631884932518005,0.7708030343055725,0.2126697748899459,0.8810672760009766,0.1284093111753463,0.854897141456604,0.0034344187006354,0.9872653484344482,-0.1199397221207618,0.8422220945358276,0.093203492462635,0.985528528690338
-0.0202444158494472,-0.5808865427970886,-0.1693108975887298,0.9995842576026917,-0.0054550329223275,-0.6203415393829346,-0.1731100231409073,0.9993444681167604,-0.0058716838248074,-0.6203519701957703,-0.1749374270439148,0.9994646310806274,-0.0054862299002707,-0.620560348033905,-0.172931969165802,0.9994114637374878,-0.0337476506829261,-0.6248112320899963,-0.167970985174179,0.9992497563362122,-0.0315171219408512,-0.625558614730835,-0.1680448800325393,0.999211311340332,-0.0322920531034469,-0.6246540546417236,-0.1644449979066848,0.9992051720619202,0.0670117065310478,-0.6371979713439941,-0.1066339388489723,0.9989034533500672,-0.0408118963241577,-0.6544768214225769,-0.0729876533150672,0.9989787936210632,0.002909050323069,-0.565824568271637,-0.1496763974428177,0.9991113543510436,-0.0276260767132043,-0.5687536597251892,-0.1385789960622787,0.999146282672882,0.169574573636055,-0.4655691385269165,-0.0988279283046722,0.9997626543045044,-0.1065031513571739,-0.4816649854183197,0.0048150001093745,0.9997189044952391,0.1095352992415428,-0.3059959411621094,-0.2356200367212295,0.9857574105262756,-0.140300914645195,-0.2146469950675964,0.0691703110933303,0.7441809177398682,-0.0064625139348208,-0.4037809073925018,-0.4146183431148529,0.9854304790496826,-0.1881255209445953,0.0069622262381017,0.0505579300224781,0.8541595935821533,-0.0415174178779125,-0.4197511672973633,-0.4502400457859039,0.9734567403793336,-0.2089680731296539,0.0784925892949104,0.044304322451353,0.795728325843811,-0.0332040004432201,-0.4622519016265869,-0.4543558061122894,0.9724814295768738,-0.2020015865564346,0.0788275375962257,0.0171148516237735,0.8031793236732483,-0.0158543437719345,-0.4264405071735382,-0.4184846878051758,0.9594224691390992,-0.1828700006008148,0.0230172276496887,0.0408450625836849,0.7914032936096191,0.1030531972646713,0.0109755648300051,-0.0271585639566183,0.9997228384017944,-0.1035753414034843,-0.0114620784297585,0.027523910626769,0.9996343851089478,0.0847662538290023,0.3948055207729339,0.0088240215554833,0.9933411478996276,-0.0793302804231643,0.3773918747901916,0.0393921732902526,0.9925004243850708,0.1193380132317543,0.7428100109100342,0.1351287066936493,0.990991711616516,-0.0621785223484039,0.7294427156448364,0.200674295425415,0.9901305437088012,0.1224513798952102,0.7886253595352173,0.1367220729589462,0.8375593423843384,-0.0614444389939308,0.7719964385032654,0.2089726477861404,0.8816083669662476,0.1284327059984207,0.8555967807769775,-0.0030322489328682,0.9873754978179932,-0.118698813021183,0.8426812291145325,0.088264562189579,0.9856632351875304
-0.0173860527575016,-0.5832219123840332,-0.1698800772428512,0.9995861053466796,-0.0016433871351182,-0.622184157371521,-0.1733492761850357,0.9993481040000916,-0.0020621826406568,-0.6221979260444641,-0.1751733571290969,0.9994677901268004,-0.0016708225011825,-0.6224018931388855,-0.1731671392917633,0.9994139075279236,-0.0303021352738142,-0.6270033121109009,-0.1683724224567413,0.9992530941963196,-0.0280686523765325,-0.6277522444725037,-0.1684484481811523,0.9992147088050842,-0.028841434046626,-0.6268503665924072,-0.1648509800434112,0.9992079138755798,0.0695533752441406,-0.6373633146286011,-0.1063622757792472,0.9989070892333984,-0.039479274302721,-0.6556649208068848,-0.073066845536232,0.9989832639694214,0.0046501159667968,-0.5674324631690979,-0.1499387472867965,0.9991023540496826,-0.026232186704874,-0.5707799792289734,-0.1390662640333175,0.9991410374641418,0.1695550829172134,-0.4655933380126953,-0.0986082181334495,0.9997580647468568,-0.1064641028642654,-0.482250303030014,0.0048247636295855,0.9997119307518004,0.1095634698867797,-0.3065802156925201,-0.2358883917331695,0.9860281944274902,-0.1401488631963729,-0.2160658091306686,0.0692520886659622,0.744340717792511,-0.0062536341138184,-0.4047146141529083,-0.4172645509243011,0.985608160495758,-0.1869156211614608,0.0063621066510677,0.0513300001621246,0.8543245196342468,-0.0412461571395397,-0.4209651350975036,-0.4533928036689758,0.973619818687439,-0.2073380649089813,0.0781447738409042,0.0450254008173942,0.7952210307121277,-0.0329529158771038,-0.4634279906749725,-0.4572252929210663,0.9726330637931824,-0.2001796066761016,0.0786689966917038,0.0179675184190273,0.8027363419532776,-0.0156171135604381,-0.4273603856563568,-0.4211710095405578,0.9596553444862366,-0.1815500855445861,0.0226323455572128,0.0416604131460189,0.7910673022270203,0.1030164584517479,0.0109236296266317,-0.0271755568683147,0.9997245669364928,-0.1035385951399803,-0.0114123234525322,0.0275410264730453,0.9996365904808044,0.0857589170336723,0.3948922753334045,0.0087874503806233,0.9933157563209534,-0.0785316079854965,0.3772528171539306,0.038868248462677,0.9924224019050598,0.1217672228813171,0.7432446479797363,0.1340119242668151,0.9910239577293396,-0.0598241984844207,0.7297281622886658,0.1998084932565689,0.990135669708252,0.1249894425272941,0.7890836000442505,0.1356224566698074,0.8372206687927246,-0.0589101947844028,0.772289514541626,0.2081970125436782,0.8819671869277954,0.1305625885725021,0.8559648990631104,-0.0040099243633449,0.9874085783958436,-0.1160103306174278,0.8428406715393066,0.0877831578254699,0.9856685996055604
-0.0164384134113788,-0.5875421762466431,-0.1699424386024475,0.9995923042297364,-0.0003290069289505,-0.6260011792182922,-0.1733679920434951,0.9993577003479004,-0.0007494200835935,-0.62601637840271,-0.1751917153596878,0.9994754195213318,-0.0003569690743461,-0.6262199282646179,-0.1731853783130645,0.999421775341034,-0.0290691796690225,-0.6308923959732056,-0.1683897823095321,0.9992634654045104,-0.0268327724188566,-0.631641685962677,-0.1684658676385879,0.9992255568504332,-0.0276034325361251,-0.6307376623153687,-0.1648683845996856,0.9992186427116394,0.0704292580485344,-0.6382561326026917,-0.105991318821907,0.9989193081855774,-0.038933977484703,-0.6569747924804688,-0.0729738622903823,0.9989963173866272,0.0051680859178304,-0.5706020593643188,-0.1499724090099334,0.9991044402122498,-0.0258117690682411,-0.5740163922309875,-0.1391281485557556,0.9991455078125,0.1691719144582748,-0.4659098386764526,-0.0984651073813438,0.9997556209564208,-0.1064460501074791,-0.4823349416255951,0.0049227052368223,0.999705970287323,0.1098441928625106,-0.3083579838275909,-0.2368438243865966,0.9863653779029846,-0.1400558799505233,-0.2161045223474502,0.0694386437535286,0.7446942329406738,-0.0062984558753669,-0.4060779213905334,-0.4216926395893097,0.985830008983612,-0.1863300651311874,0.0063820071518421,0.0521274134516716,0.8546769022941589,-0.0413937233388423,-0.42210653424263,-0.4587210714817047,0.9738372564315796,-0.2064255625009536,0.0783805400133133,0.0456749312579631,0.7950580716133118,-0.0334976129233837,-0.4643985331058502,-0.4621952772140503,0.9728394150733948,-0.1990769505500793,0.0789916142821312,0.0186477378010749,0.8026071786880493,-0.0157788023352623,-0.4285402595996856,-0.4256393611431122,0.9599564075469972,-0.1808454096317291,0.0227288417518138,0.0424694344401359,0.7909489870071411,0.1029190495610237,0.0108657898381352,-0.0271924007683992,0.9997286200523376,-0.103440374135971,-0.0113560678437352,0.0275578070431947,0.9996414184570312,0.0858231633901596,0.3949893414974212,0.0088042933493852,0.9932997822761536,-0.0780855342745781,0.3769388496875763,0.0388350524008274,0.9923681020736694,0.1218174695968627,0.743998646736145,0.1333003342151641,0.9910797476768494,-0.0591561123728752,0.7304391860961914,0.1993075907230377,0.9901816248893738,0.1250263154506683,0.7898918390274048,0.1348456591367721,0.8372523784637451,-0.0582631528377532,0.7731230854988098,0.2076471596956253,0.8824838995933533,0.1305442154407501,0.8562809824943542,-0.0048529603518545,0.9874733090400696,-0.1155451461672782,0.8431775569915771,0.0871912166476249,0.985729157924652
-0.0168724246323108,-0.5877542495727539,-0.1680732071399688,0.9995920062065125,-0.0008756836177781,-0.6264100670814514,-0.1715168952941894,0.999357521533966,-0.0012977614533156,-0.6264253854751587,-0.1733371019363403,0.999475121498108,-0.0009078140137717,-0.6266311407089233,-0.1713272184133529,0.9994212985038756,-0.0295016169548034,-0.6311557292938232,-0.1663591265678405,0.9992620944976808,-0.0272663030773401,-0.6319062113761902,-0.1664359718561172,0.9992238879203796,-0.0280345659703016,-0.6310014724731445,-0.1628403961658477,0.999216854572296,0.0700700432062149,-0.6388172507286072,-0.1046879962086677,0.9989179968833924,-0.0389967001974582,-0.6572046279907227,-0.0709805414080619,0.9989936947822572,0.0048245307989418,-0.5710251927375793,-0.1484908610582351,0.9990975856781006,-0.0260549299418926,-0.574285089969635,-0.1373748332262039,0.999138355255127,0.1686185598373413,-0.4668298661708832,-0.0978714153170585,0.999755084514618,-0.1064196601510047,-0.4823252856731415,0.0065799546428024,0.999701201915741,0.1099308282136917,-0.3110826313495636,-0.2367649227380752,0.9866884350776672,-0.1397284865379333,-0.2160471379756927,0.0713094100356102,0.7436230778694153,-0.0062683606520295,-0.4099465906620025,-0.4211427867412567,0.9860804080963136,-0.1861200034618377,0.0056575783528387,0.0543348491191864,0.8545830845832825,-0.0413535870611667,-0.4258853197097778,-0.4580159187316894,0.9741237759590148,-0.2061263471841812,0.0776354521512985,0.0479795821011066,0.7944431304931641,-0.0335105769336223,-0.4680712521076202,-0.4616183042526245,0.9731214046478271,-0.1988999843597412,0.0780287235975265,0.0210024174302816,0.8020387887954712,-0.0157660488039255,-0.4323489069938659,-0.4251028001308441,0.9603729844093324,-0.1806628406047821,0.0219213794916868,0.044660422950983,0.7904159426689148,0.1028047502040863,0.0108045171946287,-0.0272411592304706,0.9997313022613524,-0.1033258214592933,-0.011294949799776,0.0276066120713949,0.9996440410614014,0.0858157500624656,0.3951791822910309,0.008784788660705,0.9932718873023988,-0.0779172107577323,0.3769119679927826,0.0388264171779155,0.9923368096351624,0.121782511472702,0.7447329759597778,0.1320123523473739,0.991138994693756,-0.0589347220957279,0.7310011386871338,0.1985536366701126,0.990237832069397,0.1249917224049568,0.7906540036201477,0.1333969533443451,0.8375409245491028,-0.0580358281731605,0.773723840713501,0.2068107277154922,0.8830777406692505,0.1304600238800048,0.8566901683807373,-0.006310417316854,0.9875515699386596,-0.1153052598237991,0.8436673283576965,0.0866326615214347,0.985811173915863
-0.0163768157362937,-0.5893204212188721,-0.1672657281160354,0.9995957612991332,-0.0003199331404175,-0.6279241442680359,-0.1703865081071853,0.999363660812378,-0.0007432597922161,-0.6279414892196655,-0.1722040325403213,0.9994797110557556,-0.0003547967935446,-0.6281482577323914,-0.1701920926570892,0.999426245689392,-0.0289938002824783,-0.6325845718383789,-0.1652878075838089,0.999268352985382,-0.0267582684755325,-0.6333363652229309,-0.165366381406784,0.9992299675941468,-0.0275245085358619,-0.6324316263198853,-0.1617733836174011,0.999222695827484,0.0705173164606094,-0.6395668387413025,-0.1027199551463127,0.9989257454872132,-0.0387256182730197,-0.6578282117843628,-0.0694095119833946,0.9990010261535645,0.0051964558660984,-0.5723928213119507,-0.14760822057724,0.9990965127944946,-0.0257443245500326,-0.5755528211593628,-0.1365340054035186,0.9991375803947448,0.1684315204620361,-0.467973381280899,-0.0967606976628303,0.9997541308403016,-0.1063934117555618,-0.4823271632194519,0.0079723447561264,0.999695360660553,0.1099341064691543,-0.3156447112560272,-0.2366955578327179,0.9870430827140808,-0.1395623534917831,-0.2159742265939712,0.0718185007572174,0.7435848116874695,-0.0060839150100946,-0.4151406288146972,-0.4211296141147613,0.9863830804824828,-0.1859078258275985,0.0049440776929259,0.0543109066784381,0.8550568222999573,-0.0410761535167694,-0.4308705627918243,-0.4580583274364471,0.9745267629623412,-0.2057054191827774,0.0767735838890075,0.0479259938001632,0.7946043610572815,-0.033408872783184,-0.4726239442825317,-0.4616702497005462,0.973530113697052,-0.1984025835990905,0.0767698138952255,0.0209394693374633,0.8022626638412476,-0.0156244216486811,-0.4372666478157043,-0.4251375794410705,0.960986077785492,-0.1803769320249557,0.0210680998861789,0.0446282289922237,0.7907048463821411,0.1027573347091674,0.0107294144108891,-0.0272585097700357,0.9997350573539734,-0.1032768115401268,-0.0112221352756023,0.0276239328086376,0.999647855758667,0.0859648138284683,0.3952039778232574,0.0087797241285443,0.9932622313499452,-0.0778853967785835,0.3767663836479187,0.0387074053287506,0.9923158884048462,0.1219244450330734,0.7450770735740662,0.1316627860069275,0.991197943687439,-0.0589577704668045,0.7311291694641113,0.1982363611459732,0.9902767539024352,0.1251367181539535,0.7910463213920593,0.1330533474683761,0.8376743197441101,-0.0580643750727176,0.7738711833953857,0.2065185159444809,0.883421003818512,0.1307414025068283,0.8569732904434204,-0.0064466535113751,0.9876148104667664,-0.1153157353401184,0.8438115119934082,0.086589477956295,0.985856592655182
-0.0157412588596344,-0.5906805992126465,-0.1671897023916244,0.999597668647766,0.0004510613798629,-0.6291894316673279,-0.1702485531568527,0.9993674755096436,2.5860008463496346e-05,-0.6292068362236023,-0.1720659732818603,0.9994826316833496,0.0004147888976149,-0.6294142603874207,-0.1700537949800491,0.9994292855262756,-0.0282279122620821,-0.633793830871582,-0.1651438176631927,0.9992711544036864,-0.025992065668106,-0.6345450282096863,-0.1652237921953201,0.9992327094078064,-0.0267567168921232,-0.6336401104927063,-0.1616320461034774,0.9992253184318542,0.0711025819182396,-0.6400711536407471,-0.1024268567562103,0.998930811882019,-0.0381670668721199,-0.6582373976707458,-0.0690961107611656,0.9990045428276062,0.0056442283093929,-0.5735151171684265,-0.1475371569395065,0.9990927577018738,-0.0253179743885993,-0.5766005516052246,-0.136444479227066,0.9991340637207032,0.1683133542537689,-0.4684649407863617,-0.096627838909626,0.9997522830963136,-0.106270357966423,-0.4823337495326996,0.0083025489002466,0.9996889233589172,0.1100914776325225,-0.3170539438724518,-0.2370634078979492,0.9873376488685608,-0.1390849202871322,-0.2160092443227768,0.0719223693013191,0.7427672743797302,-0.0057222987525165,-0.416174441576004,-0.4227432310581207,0.98659485578537,-0.1853286772966385,0.0026666715275496,0.0542834401130676,0.855268657207489,-0.0406080894172191,-0.4317469596862793,-0.4599466621875763,0.9747776389122008,-0.2049867659807205,0.0741284564137458,0.0477865040302276,0.794690728187561,-0.0331499800086021,-0.4733377993106842,-0.4637685716152191,0.9737878441810608,-0.1975513249635696,0.0737231820821762,0.0208529289811849,0.8024168014526367,-0.0153245441615581,-0.4381665289402008,-0.4269250929355621,0.9613826274871826,-0.1797177642583847,0.0186319630593061,0.044596578925848,0.790909469127655,0.1026820540428161,0.0107027348130941,-0.0273247063159942,0.999737560749054,-0.1032011285424232,-0.011195077560842,0.0276891645044088,0.9996503591537476,0.0859793648123741,0.3952175378799438,0.008808477781713,0.9932430982589722,-0.0778664574027061,0.3756595551967621,0.0389004237949848,0.9922725558280944,0.1219526305794715,0.7453404664993286,0.1313454657793045,0.9912463426589966,-0.0589769594371318,0.7311165928840637,0.1982804834842682,0.990321159362793,0.125161811709404,0.7913429141044617,0.1326954364776611,0.8376697301864624,-0.0580879971385002,0.7738572955131531,0.2065632939338684,0.8839848041534424,0.1307039409875869,0.8570511937141418,-0.0068764388561248,0.9876632690429688,-0.1154447719454765,0.843745768070221,0.0867273733019828,0.9859142303466796
-0.0138095384463667,-0.5911235809326172,-0.168123722076416,0.999601662158966,0.002548553282395,-0.6295706033706665,-0.1708654314279556,0.9993736743927002,0.0021221197675913,-0.6295876502990723,-0.1726803183555603,0.9994876980781556,0.0025159616488963,-0.6297946572303772,-0.1706727445125579,0.9994348287582396,-0.0262879561632871,-0.6341754198074341,-0.1660638898611068,0.9992772340774536,-0.0240517798811197,-0.634925901889801,-0.1661449819803238,0.999239146709442,-0.0248167272657156,-0.6340207457542419,-0.1625531017780304,0.9992315769195556,0.0720666199922561,-0.6402283906936646,-0.1024443805217742,0.99894118309021,-0.0377286933362484,-0.6584252715110779,-0.069786362349987,0.999014377593994,0.0068864696659147,-0.5739514827728271,-0.1480660885572433,0.9990956783294678,-0.024285539984703,-0.5770373940467834,-0.1373373717069625,0.9991379976272584,0.1682953238487243,-0.4686145484447479,-0.0962970703840255,0.9997518658638,-0.106308065354824,-0.4823936820030212,0.0078727668151259,0.9996840357780457,0.1124018207192421,-0.3168209493160248,-0.2370260506868362,0.9875937700271606,-0.1389847993850708,-0.2163824737071991,0.0716435462236404,0.744134783744812,-0.0013076378963887,-0.4158101677894592,-0.4235480427742004,0.9867907166481018,-0.1847291588783264,0.0005911894259043,0.0540848970413208,0.8563600778579712,-0.035590324550867,-0.431465595960617,-0.4609489440917969,0.9750146865844728,-0.2041899710893631,0.0715186074376106,0.0473932139575481,0.7957810759544373,-0.0284195858985185,-0.4731109142303467,-0.464925616979599,0.9740304946899414,-0.1967760622501373,0.0710124000906944,0.0205828640609979,0.8035283088684082,-0.0109412828460335,-0.4378582239151001,-0.4278713464736938,0.961751103401184,-0.1791063547134399,0.0164577364921569,0.0444232337176799,0.7919790744781494,0.1026451960206031,0.0106408866122365,-0.0273390058428049,0.9997400641441344,-0.1031630113720893,-0.0111361807212233,0.0277030412107706,0.999652624130249,0.0863867700099945,0.3951752483844757,0.0088812885805964,0.9932156205177308,-0.0777591690421104,0.3756148517131805,0.038883276283741,0.9922040700912476,0.1225888133049011,0.7453386783599854,0.1317795217037201,0.9912269115447998,-0.0588596686720848,0.7310150861740112,0.1986355036497116,0.9902751445770264,0.1258435696363449,0.7913416624069214,0.1332411020994186,0.837263822555542,-0.0579605102539062,0.7737364768981934,0.207019031047821,0.8840018510818481,0.131475567817688,0.8570692539215088,-0.0060848076827824,0.9876253604888916,-0.115183874964714,0.8437165021896362,0.0874610692262649,0.9858521819114684
-0.0108781354501843,-0.5925366282463074,-0.1684381663799286,0.9996052980422974,0.0058145774528384,-0.630708634853363,-0.170949324965477,0.9993797540664672,0.0053891050629317,-0.6307264566421509,-0.172762855887413,0.999492645263672,0.0057872082106769,-0.6309325695037842,-0.1707568019628524,0.999440371990204,-0.0232416689395904,-0.6353793144226074,-0.1663400679826736,0.9992843866348268,-0.0210072044283151,-0.6361297369003296,-0.1664220541715622,0.9992465972900392,-0.0217708963900804,-0.6352260112762451,-0.1628293395042419,0.9992387890815736,0.0738324001431465,-0.640553891658783,-0.1018574312329292,0.9989506006240844,-0.0367903187870979,-0.6589417457580566,-0.0699356868863105,0.9990243911743164,0.0089251659810543,-0.5750936269760132,-0.1481343358755111,0.999093532562256,-0.0225361213088035,-0.5782501697540283,-0.1376423388719558,0.9991377592086792,0.1683001369237899,-0.4690477550029754,-0.0952982902526855,0.9997482895851136,-0.1062901839613914,-0.4826185405254364,0.007703149691224,0.9996739029884338,0.1133496165275573,-0.3181063830852508,-0.2368116527795791,0.9877691864967346,-0.1384793519973755,-0.2170896828174591,0.0716414824128151,0.7428598999977112,0.0003020569274667,-0.4167166352272033,-0.4240191578865051,0.9868810772895812,-0.1844490766525268,-0.0009101269533857,0.0544625297188758,0.8555195331573486,-0.0336314141750335,-0.4327517747879028,-0.4616568982601166,0.9751042127609252,-0.2039484679698944,0.0697413831949234,0.0476576425135135,0.7947794198989868,-0.0265514515340328,-0.4741909205913543,-0.4656161367893219,0.9741202592849731,-0.1966063380241394,0.0695367380976677,0.0209321063011884,0.8026322722434998,-0.0093154925853014,-0.4386940896511078,-0.4284540712833404,0.961924374103546,-0.1788966953754425,0.0150741217657923,0.0448217801749706,0.791083037853241,0.1026192530989646,0.0106029249727725,-0.0273276325315237,0.9997427463531494,-0.1031357496976852,-0.0111010409891605,0.0276901703327894,0.9996547102928162,0.0872405096888542,0.3949804008007049,0.0089770434424281,0.9931750297546388,-0.0776949822902679,0.3755691945552826,0.0387661941349506,0.9921282529830932,0.1232072412967681,0.7449136972427368,0.1333605647087097,0.9911795258522034,-0.0588593780994415,0.7309069037437439,0.1990818977355957,0.9902204871177672,0.1264168620109558,0.7908850908279419,0.1352051198482513,0.836870014667511,-0.057966411113739,0.7736085057258606,0.2076564878225326,0.8840868473052979,0.1323760002851486,0.8568544983863831,-0.0032787583768367,0.9875383973121644,-0.115054614841938,0.8436749577522278,0.0884236618876457,0.9857693910598756
-0.0081673478707671,-0.5958200097084045,-0.1699182838201522,0.9996085166931152,0.008996007964015,-0.6334654092788696,-0.1718603521585464,0.9993850588798524,0.0085734287276864,-0.6334840059280396,-0.173670694231987,0.9994969367980956,0.0089766876772046,-0.6336880326271057,-0.1716718226671219,0.9994451999664308,-0.02028170786798,-0.638251781463623,-0.167682871222496,0.9992904663085938,-0.0180472731590271,-0.6390029191970825,-0.1677673459053039,0.99925297498703,-0.0188123770058155,-0.6381009817123413,-0.1641759723424911,0.9992451071739196,0.0757630169391632,-0.6413536667823792,-0.101841889321804,0.9989579319953918,-0.0357864610850811,-0.6600666046142578,-0.0708768665790557,0.9990336894989014,0.0108225755393505,-0.5776054859161377,-0.1490427404642105,0.9990891814231871,-0.0209442675113677,-0.5808733105659485,-0.1390804946422577,0.9991366863250732,0.1683014631271362,-0.4693539440631866,-0.0950124412775039,0.9997425079345704,-0.1063089966773986,-0.4830094575881958,0.0067114983685314,0.9996618032455444,0.1149897500872612,-0.3184979856014251,-0.2367665767669677,0.9879294037818908,-0.1383767277002334,-0.2181636393070221,0.071475014090538,0.7424166202545166,0.0037822818849235,-0.4167077541351318,-0.4254857897758484,0.9869324564933776,-0.1843901425600052,-0.0028099829796701,0.0550889484584331,0.8549178242683411,-0.029564119875431,-0.4329550266265869,-0.4635161459445953,0.9751251339912416,-0.2038146406412124,0.0675971135497093,0.0481911525130271,0.7939924001693726,-0.0224310886114835,-0.4743305742740631,-0.4676252901554107,0.9741411209106444,-0.1964164525270462,0.0674754604697227,0.0216056853532791,0.8019196391105652,-0.0057566580362617,-0.4386692643165588,-0.4301481246948242,0.9620067477226256,-0.178824096918106,0.0132214315235614,0.0455212816596031,0.7903827428817749,0.1025848090648651,0.0105476407334208,-0.0273075122386217,0.9997432231903076,-0.1030996888875961,-0.0110502587631344,0.0276677105575799,0.9996539950370787,0.088707685470581,0.3946541547775268,0.0096108010038733,0.9931225776672364,-0.0775211006402969,0.3755478858947754,0.0388785861432552,0.9920333623886108,0.1247182562947273,0.7445507049560547,0.1364362239837646,0.9911046624183656,-0.0587846897542476,0.7308700084686279,0.2005176991224289,0.9901374578475952,0.1279006153345108,0.7905161380767822,0.1387464553117752,0.8361000418663025,-0.0579083487391471,0.7735576629638672,0.2093603014945984,0.8839032053947449,0.1342134922742843,0.856596052646637,0.0011970041086897,0.9873979687690736,-0.1148602291941642,0.8435785174369812,0.090500496327877,0.9856330752372742
-0.0048467055894434,-0.5975323915481567,-0.1741159856319427,0.9996137619018556,0.0127754434943199,-0.6347776055335999,-0.1751477420330047,0.999391496181488,0.012349247932434,-0.6347963213920593,-0.1769532710313797,0.9995017647743224,0.012757602147758,-0.6349989175796509,-0.1749642342329025,0.9994507431983948,-0.0167153198271989,-0.6397418975830078,-0.17189621925354,0.9992979764938354,-0.0144799603149294,-0.6404944658279419,-0.1719834208488464,0.9992609024047852,-0.0152408927679061,-0.6395926475524902,-0.1683912873268127,0.999253511428833,0.0773417428135871,-0.6416195034980774,-0.1021823436021804,0.9989644885063172,-0.0350698232650756,-0.6608684659004211,-0.0748311653733253,0.9990441799163818,0.0127926422283053,-0.5789647102355957,-0.1520380973815918,0.9990898370742798,-0.0192930418998003,-0.582453191280365,-0.1432747691869735,0.9991421103477478,0.1681412011384964,-0.4694898128509521,-0.0949570387601852,0.9997398853302002,-0.1071114912629127,-0.4839469492435455,0.003316250629723,0.9996554255485536,0.1193175911903381,-0.3185884356498718,-0.236767441034317,0.9881547093391418,-0.1392165422439575,-0.2218931913375854,0.0681574493646621,0.7456006407737732,0.0118772443383932,-0.4163948595523834,-0.4281868934631347,0.9870875477790833,-0.1839075088500976,-0.0067872158251702,0.0528456829488277,0.856582760810852,-0.0207031182944774,-0.4327943027019501,-0.4667678475379944,0.9752952456474304,-0.202687993645668,0.0633995756506919,0.0453162416815757,0.7956922054290771,-0.0137196965515613,-0.4741253852844238,-0.4711124897003174,0.9743118286132812,-0.1948565244674682,0.0632476955652237,0.0191419478505849,0.8035914897918701,0.0023534332867711,-0.438273012638092,-0.4330868422985077,0.9622815847396852,-0.1781622022390365,0.0092672212049365,0.0434443615376949,0.7919766902923584,0.1025582402944564,0.0104314582422375,-0.0272403452545404,0.9997453093528748,-0.1030731499195098,-0.0109390988945961,0.0275978092104196,0.9996562600135804,0.0906872600317001,0.3941714763641357,0.0098645398393273,0.993095874786377,-0.0773560777306556,0.3756039440631866,0.0387791842222213,0.9919271469116212,0.1279205828905105,0.7442458868026733,0.1374354511499405,0.9910552501678468,-0.0585759244859218,0.7309389114379883,0.200737863779068,0.9900591969490052,0.1312372833490371,0.7902119159698486,0.1398721039295196,0.8357671499252319,-0.0576805546879768,0.7736007571220398,0.2096271812915802,0.8837729692459106,0.1380732655525207,0.8562698364257812,0.0023747263476252,0.9873030185699464,-0.1143457219004631,0.8436462879180908,0.0906131342053413,0.9855146408081056
-0.0011556470999494,-0.5973072648048401,-0.1852933019399643,0.9996253848075868,0.0168904792517423,-0.6342793703079224,-0.1851541846990585,0.9994054436683656,0.0164586771279573,-0.6342990398406982,-0.1869642287492752,0.999512255191803,0.0168759729713201,-0.6344993710517883,-0.1849704831838607,0.9994621872901917,-0.0133046749979257,-0.6394848823547363,-0.1830026656389236,0.9993172883987428,-0.011065449565649,-0.6402401328086853,-0.1830849945545196,0.9992820024490356,-0.0118176592513918,-0.6393371224403381,-0.1794820874929428,0.9992756247520448,0.0803614258766174,-0.6409481167793274,-0.1057459712028503,0.9989801645278932,-0.0346368141472339,-0.6608673930168152,-0.0840533673763275,0.9990704655647278,0.0156252533197402,-0.5786656737327576,-0.1609367430210113,0.9991113543510436,-0.0173596888780593,-0.5823907852172852,-0.1537118554115295,0.9991697669029236,0.1684963405132293,-0.4692064523696899,-0.0954619124531745,0.9997425079345704,-0.1096394881606102,-0.4847347140312195,-0.0031419398728758,0.9996621608734132,0.1239602267742157,-0.3188752233982086,-0.2367378622293472,0.9884678721427916,-0.1418344378471374,-0.2262428849935531,0.0607601143419742,0.7541964650154114,0.0185742285102605,-0.4163229167461395,-0.4287115931510925,0.9874131083488464,-0.1839659661054611,-0.006644323002547,0.0395551025867462,0.8611757755279541,-0.0143514163792133,-0.4326573610305786,-0.4676758348941803,0.9757669568061828,-0.2026942074298858,0.0637617856264114,0.0298923589289188,0.8008847832679749,-0.0070300288498401,-0.4740210175514221,-0.4721782207489013,0.9747956395149232,-0.1947548240423202,0.0642153620719909,0.0029121339321136,0.8086738586425781,0.0091296015307307,-0.4381668269634247,-0.4336704611778259,0.9629516005516052,-0.1781472563743591,0.0094417426735162,0.0297302920371294,0.7968435287475586,0.102643221616745,0.0102612562477588,-0.0270022563636302,0.9997502565383912,-0.1031558215618133,-0.0107714692130684,0.0273614898324012,0.999664306640625,0.0918780639767646,0.3929130733013153,0.0092918183654546,0.9931491613388062,-0.0768319442868232,0.3761152029037475,0.0362550802528858,0.9919270277023317,0.1282150447368621,0.739963173866272,0.1418857276439666,0.9910084009170532,-0.0582131408154964,0.7308616638183594,0.201347216963768,0.9900298714637756,0.1315261572599411,0.7857234477996826,0.1452651470899582,0.8362204432487488,-0.0572583861649036,0.7734883427619934,0.2105439156293869,0.8835697174072266,0.1391636878252029,0.852489709854126,0.0091845160350203,0.9872559309005736,-0.1127042472362518,0.8436976075172424,0.09127227216959,0.9854703545570374
-5.436937135527842e-05,-0.5964452624320984,-0.1861478835344314,0.9996320605278016,0.0177525728940963,-0.6334404945373535,-0.1863120943307876,0.999412715435028,0.0173212513327598,-0.6334587931632996,-0.1881277859210968,0.9995177388191224,0.0177398454397916,-0.6336607933044434,-0.1861336678266525,0.9994683265686036,-0.0123932361602783,-0.6386401057243347,-0.1840748488903045,0.9993277788162231,-0.0101530263200402,-0.6393989324569702,-0.1841550767421722,0.999293565750122,-0.0109055843204259,-0.6384928822517395,-0.1805488765239715,0.9992882013320924,0.0816261395812034,-0.6406489610671997,-0.1069182530045509,0.9989917278289796,-0.0339250117540359,-0.6606069803237915,-0.0855466276407241,0.9990885853767396,0.0169650316238403,-0.5780565142631531,-0.1620057225227356,0.999129056930542,-0.0161323938518762,-0.5818060636520386,-0.154650941491127,0.9991915822029114,0.169764295220375,-0.4691879153251648,-0.0955038890242576,0.9997467398643494,-0.1097648069262504,-0.4847787320613861,-0.0043862480670213,0.9996694922447203,0.1271318197250366,-0.318888783454895,-0.2360145896673202,0.9886893033981324,-0.1422946900129318,-0.2274408042430877,0.0606774576008319,0.7602553963661194,0.0206224955618381,-0.4161790907382965,-0.4280442893505096,0.9876367449760436,-0.1840137094259262,-0.0065141296945512,0.039961140602827,0.8641815185546875,-0.0129917087033391,-0.432621419429779,-0.4671231806278229,0.976049542427063,-0.2027505785226822,0.0639712586998939,0.0306993406265974,0.8041332364082336,-0.0053571197204291,-0.4741140007972717,-0.4715994894504547,0.9750808477401732,-0.1947969198226928,0.0646824538707733,0.0036248536780476,0.8118634819984436,0.0111418757587671,-0.4380693137645721,-0.4329917430877685,0.9633008241653442,-0.1781755983829498,0.0095466831699013,0.0301044918596744,0.7996335625648499,0.1026928275823593,0.010114599019289,-0.0268801674246788,0.9997552037239076,-0.1032029390335083,-0.0106252841651439,0.0272405724972486,0.9996715784072876,0.0922621414065361,0.3910152912139892,0.0092109749093651,0.993184208869934,-0.0755155310034751,0.3777433037757873,0.0359744168817997,0.991957664489746,0.127746433019638,0.7360790967941284,0.1485256552696228,0.990964412689209,-0.057394091039896,0.7309065461158752,0.204576164484024,0.9900326132774352,0.1310435086488723,0.7817899584770203,0.1527062654495239,0.8367956876754761,-0.0563982501626014,0.7735026478767395,0.2144090235233307,0.8835294842720032,0.1390603333711624,0.8489284515380859,0.0184069033712148,0.9872367978096008,-0.1108262911438942,0.8441348075866699,0.0956904888153076,0.9854891896247864
0.0010863487841561,-0.5963339805603027,-0.1869075447320938,0.9996411204338074,0.0188781376928091,-0.6333280801773071,-0.1871394664049148,0.999424159526825,0.0184452887624502,-0.6333460211753845,-0.1889562755823135,0.9995266795158386,0.0188652519136667,-0.6335475444793701,-0.1869607865810394,0.9994778633117676,-0.0113289039582014,-0.6385461688041687,-0.184784784913063,0.9993431568145752,-0.0090883541852235,-0.6393064260482788,-0.1848649233579635,0.9993102550506592,-0.0098401932045817,-0.6384000182151794,-0.1812582612037658,0.9993058443069458,0.0830689668655395,-0.6405529379844666,-0.1075681000947952,0.9990091919898988,-0.0331719182431697,-0.6605650782585144,-0.0861101299524307,0.9991127252578736,0.0182339400053024,-0.5779924392700195,-0.1628527045249939,0.999148428440094,-0.0150199886411428,-0.5817336440086365,-0.1553455591201782,0.9992149472236632,0.170613944530487,-0.4691996872425079,-0.0956600904464721,0.9997496008872986,-0.1097775697708129,-0.4849374890327453,-0.0050115715712308,0.9996761083602904,0.1282165497541427,-0.3202614486217499,-0.2360469102859497,0.988891899585724,-0.1423885226249694,-0.2286728024482727,0.0599452070891857,0.7660530209541321,0.0204532053321599,-0.416515439748764,-0.4281918108463287,0.9878170490264891,-0.1842258125543594,-0.0064087216742336,0.0384107455611228,0.8674307465553284,-0.0134653653949499,-0.4329778552055359,-0.4672902822494507,0.9762699007987976,-0.2030955553054809,0.0642459616065025,0.0288811009377241,0.8079372048377991,-0.0058762971311807,-0.4744845032691955,-0.4717878997325897,0.9753047227859496,-0.1949140429496765,0.0653961673378944,0.0016124125104397,0.8155975341796875,0.0108917830511927,-0.438378244638443,-0.4331381022930145,0.9636066555976868,-0.1783186048269271,0.0097040757536888,0.028400944545865,0.8032001256942749,0.1027343571186065,0.0100218541920185,-0.0268625486642122,0.9997607469558716,-0.1032436043024063,-0.0105332490056753,0.0272235143929719,0.9996798038482666,0.0925870612263679,0.3899519443511963,0.0088880769908428,0.993234157562256,-0.0749766528606414,0.3781306743621826,0.0357770733535289,0.9919830560684204,0.1277021318674087,0.7347916960716248,0.1491167545318603,0.9909720420837402,-0.0557954087853431,0.7309681177139282,0.2057462334632873,0.9900690913200378,0.130993902683258,0.780526876449585,0.153248906135559,0.837639570236206,-0.0546086505055427,0.7735497355461121,0.2157134860754013,0.8840246796607971,0.138982743024826,0.8475995659828186,0.0184968337416648,0.9872673153877258,-0.1086886152625083,0.8444648385047913,0.0967923924326896,0.9855544567108154
0.0021895479876548,-0.5959473848342896,-0.1876280009746551,0.9996519684791564,0.0201100669801235,-0.632854163646698,-0.1877549737691879,0.9994381666183472,0.0196755900979042,-0.6328725814819336,-0.1895729303359985,0.9995373487472534,0.0200963988900184,-0.6330720782279968,-0.1875737756490707,0.99948912858963,-0.0103223454207181,-0.6382115483283997,-0.1853697150945663,0.99936181306839,-0.0080816075205802,-0.6389757394790649,-0.1854488849639892,0.9993302226066588,-0.0088294427841901,-0.6380690336227417,-0.1818420439958572,0.999326765537262,0.0847567394375801,-0.6401965022087097,-0.1076890528202056,0.9990279078483582,-0.0326223261654377,-0.6605607271194458,-0.0863208547234535,0.9991401433944702,0.0194418244063854,-0.5776458382606506,-0.1634146571159362,0.9991700649261476,-0.0141113735735416,-0.5815565586090088,-0.1559096574783325,0.999241292476654,0.1713993847370147,-0.4690718650817871,-0.0956333428621292,0.9997517466545104,-0.1101806312799453,-0.4855238199234009,-0.0050672497600317,0.9996845722198486,0.1280611753463745,-0.3206846415996551,-0.2359153032302856,0.9891114830970764,-0.1453012526035308,-0.2314048260450363,0.0592718087136745,0.7735727429389954,0.0200369209051132,-0.4165874719619751,-0.4281860888004303,0.9880654811859132,-0.1856790482997894,-0.0065853116102516,0.0345737487077713,0.8716628551483154,-0.0140201160684227,-0.4330937266349792,-0.4673110842704773,0.9766412377357484,-0.2043398022651672,0.0644444897770881,0.0243180077522993,0.8128607869148254,-0.0062465840019285,-0.4746344983577728,-0.4718694686889648,0.9756868481636048,-0.1954474151134491,0.0655959844589233,-0.0030190092511475,0.820385217666626,0.0105344448238611,-0.4384610056877136,-0.4331391751766205,0.9641347527503968,-0.1793609410524368,0.009777165018022,0.0244627054780721,0.8078716993331909,0.1028133630752563,0.0099157430231571,-0.0268010590225458,0.9997642636299132,-0.1033226773142814,-0.0104288784787058,0.0271631628274917,0.9996861219406128,0.0930111408233642,0.3889022171497345,0.0084598958492279,0.9933156967163086,-0.0747653916478157,0.3783295452594757,0.0350354947149753,0.9920512437820436,0.127480074763298,0.7342321872711182,0.1490397155284881,0.9910433292388916,-0.0553733073174953,0.7312062382698059,0.2057252079248428,0.9901777505874634,0.1307063400745391,0.7800427675247192,0.1530635207891464,0.8391269445419312,-0.05411833897233,0.7737902998924255,0.2156794071197509,0.8847945332527161,0.1389281451702118,0.8472570776939392,0.0179340075701475,0.9873660802841188,-0.107877530157566,0.8449744582176208,0.0963498800992965,0.9856939315795898
0.0023950994946062,-0.5953195691108704,-0.1882746815681457,0.9996615648269652,0.0202679857611656,-0.6321903467178345,-0.1883684545755386,0.9994502067565918,0.0198328755795955,-0.6322096586227417,-0.1901858150959015,0.9995465874671936,0.0202539078891277,-0.6324061155319214,-0.1881845444440841,0.9994984269142152,-0.010213709436357,-0.6376375555992126,-0.1859893351793289,0.9993777275085448,-0.0079728588461875,-0.6384058594703674,-0.1860664337873459,0.9993473887443542,-0.0087192496284842,-0.6374985575675964,-0.1824599951505661,0.9993446469306946,0.0850189849734306,-0.6398561000823975,-0.1079045608639717,0.9990448355674744,-0.0325975641608238,-0.6605170369148254,-0.0867985934019088,0.9991653561592102,0.0197035372257232,-0.5771856307983398,-0.1639468371868133,0.999190628528595,-0.0139281181618571,-0.5812227129936218,-0.1564831584692001,0.9992657899856568,0.1715297400951385,-0.4690358936786651,-0.0956344008445739,0.9997545480728148,-0.1109754964709281,-0.4860211908817291,-0.0052273268811404,0.9996929168701172,0.1279190331697464,-0.3212065100669861,-0.2357491552829742,0.9893373847007751,-0.148650974035263,-0.2336488515138626,0.058809258043766,0.7811474204063416,0.0195315610617399,-0.4165236055850982,-0.4281168580055237,0.9882925152778624,-0.1881916671991348,-0.0069411639124155,0.0327193774282932,0.8759114146232605,-0.0145691744983196,-0.4330432415008545,-0.4672118127346039,0.9769736528396606,-0.2065844684839248,0.0645230486989021,0.0221361331641674,0.8177894353866577,-0.0067911692894995,-0.4745981991291046,-0.4718121886253357,0.9760276675224304,-0.1968980580568313,0.0657556280493736,-0.005208468530327,0.825162410736084,0.0100333737209439,-0.4384118318557739,-0.4330635368824005,0.964608073234558,-0.1814867556095123,0.0096946535632014,0.0225934628397226,0.8125919699668884,0.1028630584478378,0.0098149636760354,-0.0267971716821193,0.9997667074203492,-0.1033731028437614,-0.0103301843628287,0.0271594207733869,0.9996907711029052,0.0930659770965576,0.3883292376995086,0.0081068463623523,0.9934126138687134,-0.0748268589377403,0.3785089254379272,0.0345224477350711,0.9921069145202636,0.1272966712713241,0.734338104724884,0.14851675927639,0.9911547303199768,-0.0553729534149169,0.7313560247421265,0.2056569457054138,0.99027019739151,0.1304848939180374,0.7801640629768372,0.1524287611246109,0.840879499912262,-0.0541106835007667,0.7739238142967224,0.2155778557062149,0.8856730461120605,0.1387656033039093,0.8473637104034424,0.0163923222571611,0.9874998927116394,-0.1078941598534584,0.8454510569572449,0.0958129540085792,0.9858096241950988
0.0028875884599983,-0.5951746702194214,-0.1887718737125396,0.9996707439422609,0.0208270717412233,-0.6319516897201538,-0.1887758076190948,0.9994615316390992,0.0203906185925006,-0.6319712400436401,-0.1905909478664398,0.9995554089546204,0.0208131410181522,-0.6321655511856079,-0.1885885745286941,0.9995071887969972,-0.0097124651074409,-0.6374673247337341,-0.1864925324916839,0.9993924498558044,-0.0074708298780024,-0.6382377743721008,-0.186567485332489,0.9993634223937988,-0.0082153547555208,-0.6373299956321716,-0.1829610764980316,0.999360978603363,0.085248976945877,-0.6395906805992126,-0.1079639792442321,0.9990614652633668,-0.0325531028211116,-0.6605031490325928,-0.0873104780912399,0.9991892576217652,0.0200049057602882,-0.5770422220230103,-0.1643103212118148,0.9992108941078186,-0.0136897377669811,-0.5811613202095032,-0.1569817811250686,0.9992892742156982,0.1715206652879715,-0.4690283238887787,-0.0955592542886734,0.9997584223747252,-0.1119052320718765,-0.4864915907382965,-0.0053781690075993,0.9997010827064514,0.1286183148622512,-0.3217868208885193,-0.2354453951120376,0.9895835518836976,-0.151117593050003,-0.2352592647075653,0.0586754754185676,0.7881275415420532,0.0198165271431207,-0.4162432253360748,-0.4280950129032135,0.9885106086730956,-0.1899049878120422,-0.0070505188778042,0.0325694680213928,0.8796862363815308,-0.0144859757274389,-0.4325666129589081,-0.4672102928161621,0.9772838354110718,-0.2079932391643524,0.0646397620439529,0.0219168346375226,0.8220990300178528,-0.0068003879860043,-0.4741792678833008,-0.4718479812145233,0.9763425588607788,-0.1978704631328582,0.0658760145306587,-0.0053505394607782,0.8293333053588867,0.0102216638624668,-0.4380671083927154,-0.4330409169197082,0.9650442600250244,-0.1829835325479507,0.0097347339615225,0.0224876403808593,0.8166767954826355,0.1028774008154869,0.0097056059166789,-0.0268045142292976,0.9997705221176147,-0.1033875867724418,-0.0102234249934554,0.0271673966199159,0.9996965527534484,0.0931139439344406,0.388148546218872,0.0079343123361468,0.9934988617897034,-0.0748157054185867,0.3787920475006103,0.0341156795620918,0.9921201467514038,0.1273964345455169,0.7344179749488831,0.1477624177932739,0.9912561178207396,-0.055234245955944,0.731403112411499,0.205678641796112,0.9902979135513306,0.1305999159812927,0.7802985310554504,0.1515173316001892,0.8425622582435608,-0.0539441667497158,0.7739527225494385,0.215590164065361,0.886488139629364,0.1388096660375595,0.8474912047386169,0.0146518284454941,0.9876136779785156,-0.1078023388981819,0.8457193970680237,0.0958005934953689,0.9858502149581908
