x_0,y_0,z_0,visibility_0,x_1,y_1,z_1,visibility_1,x_2,y_2,z_2,visibility_2,x_3,y_3,z_3,visibility_3,x_4,y_4,z_4,visibility_4,x_5,y_5,z_5,visibility_5,x_6,y_6,z_6,visibility_6,x_7,y_7,z_7,visibility_7,x_8,y_8,z_8,visibility_8,x_9,y_9,z_9,visibility_9,x_10,y_10,z_10,visibility_10,x_11,y_11,z_11,visibility_11,x_12,y_12,z_12,visibility_12,x_13,y_13,z_13,visibility_13,x_14,y_14,z_14,visibility_14,x_15,y_15,z_15,visibility_15,x_16,y_16,z_16,visibility_16,x_17,y_17,z_17,visibility_17,x_18,y_18,z_18,visibility_18,x_19,y_19,z_19,visibility_19,x_20,y_20,z_20,visibility_20,x_21,y_21,z_21,visibility_21,x_22,y_22,z_22,visibility_22,x_23,y_23,z_23,visibility_23,x_24,y_24,z_24,visibility_24,x_25,y_25,z_25,visibility_25,x_26,y_26,z_26,visibility_26,x_27,y_27,z_27,visibility_27,x_28,y_28,z_28,visibility_28,x_29,y_29,z_29,visibility_29,x_30,y_30,z_30,visibility_30,x_31,y_31,z_31,visibility_31,x_32,y_32,z_32,visibility_32
0.5294596552848816,0.4475463032722473,-0.2012877911329269,0.999978482723236,0.5342462658882141,0.4370486736297607,-0.1930955946445465,0.9999336004257202,0.5371495485305786,0.4374774098396301,-0.1930881142616272,0.999931812286377,0.5391543507575989,0.4380715787410736,-0.193090483546257,0.999930739402771,0.5255638360977173,0.4364128112792969,-0.1922277361154556,0.9999197721481324,0.5227920413017273,0.4363759458065033,-0.1922383606433868,0.999908208847046,0.5210669636726379,0.4366147816181183,-0.1922321766614914,0.9998971819877625,0.5427534580230713,0.4449270963668823,-0.1294805109500885,0.9998672008514404,0.5187564492225647,0.4422814846038818,-0.1275592893362045,0.9997677206993104,0.5347268581390381,0.4610335230827331,-0.1763109713792801,0.9999725818634032,0.5245832204818726,0.4611208736896515,-0.1757590919733047,0.9999659657478333,0.5628961324691772,0.5190543532371521,-0.0957097113132476,0.9999690651893616,0.4996086955070495,0.5058981776237488,-0.0762495622038841,0.9999014735221864,0.5656737089157104,0.6016063094139099,-0.0757768228650093,0.9860809445381165,0.4748314321041107,0.5724909901618958,-0.0832380950450897,0.9221549034118652,0.564428985118866,0.672334611415863,-0.1295017749071121,0.972663640975952,0.4932493865489959,0.6348119378089905,-0.1630738526582718,0.8543519973754883,0.5664225816726685,0.6967234015464783,-0.1505074054002761,0.9517545700073242,0.492461085319519,0.6557925939559937,-0.1835662424564361,0.8037058711051941,0.5608638525009155,0.6962027549743652,-0.1663718819618225,0.9533233642578124,0.4988110959529876,0.6506990194320679,-0.1981522589921951,0.8096009492874146,0.5590411424636841,0.6896911859512329,-0.1361966878175735,0.9437483549118042,0.4998678565025329,0.6440699696540833,-0.170770063996315,0.8031313419342041,0.5463745594024658,0.671572744846344,-0.0067425081506371,0.9998866319656372,0.5123733282089233,0.6684901714324951,0.0067096576094627,0.9998639225959778,0.546719491481781,0.7737634181976318,0.0398455150425434,0.9938052892684937,0.5108515024185181,0.7692433595657349,0.074828453361988,0.991476833820343,0.5460103154182434,0.853624701499939,0.1772928237915039,0.99145245552063,0.5101208686828613,0.8425676822662354,0.2216440737247467,0.9900442361831664,0.5423104763031006,0.8593974113464355,0.1871270835399627,0.9220027923583984,0.5137096047401428,0.8513650894165039,0.2333807647228241,0.9293333292007446,0.551006555557251,0.8989902138710022,0.1229432746767997,0.986621081829071,0.4942429661750793,0.880881130695343,0.1768047362565994,0.9848708510398864
0.5296520590782166,0.447337657213211,-0.2015298753976822,0.9999796152114868,0.5344889163970947,0.4368626475334167,-0.1933219134807586,0.9999376535415648,0.5373508334159851,0.4372941851615906,-0.1933133900165558,0.999935746192932,0.5393218398094177,0.4378715455532074,-0.1933119595050811,0.9999345541000366,0.5257608890533447,0.4362766444683075,-0.1925896555185318,0.9999247789382936,0.5229507088661194,0.4362671971321106,-0.1926005631685257,0.9999138712882996,0.521138608455658,0.4365503191947937,-0.1925979107618332,0.999903678894043,0.5429466962814331,0.444745123386383,-0.1298460513353347,0.9998757243156432,0.518835186958313,0.4422560334205627,-0.1283767372369766,0.9997852444648744,0.5348998308181763,0.4608637690544128,-0.1766292005777359,0.9999741911888124,0.5247589349746704,0.4609573483467102,-0.1762406080961227,0.9999683499336244,0.5629045367240906,0.5188995003700256,-0.0945395231246948,0.9999701380729676,0.4995757937431335,0.5041375756263733,-0.0770847275853157,0.999905288219452,0.5657245516777039,0.6014854311943054,-0.0745868906378746,0.9861724376678468,0.4713262915611267,0.5684494376182556,-0.0841255635023117,0.9265705347061156,0.5643929839134216,0.672313392162323,-0.1292032301425933,0.9734731912612916,0.4928034543991089,0.6305682063102722,-0.1642645746469497,0.8608478903770447,0.5663799047470093,0.6967166066169739,-0.1500357091426849,0.9530879855155944,0.4925071895122528,0.6506359577178955,-0.1850945204496383,0.810659646987915,0.5607215762138367,0.6960791349411011,-0.1663038730621338,0.9546069502830504,0.4987617135047912,0.6465826034545898,-0.1982597261667251,0.816137433052063,0.5589025020599365,0.6895479559898376,-0.1360802948474884,0.945318043231964,0.4996705651283264,0.6396421790122986,-0.1712058931589126,0.8095121383666992,0.5464074015617371,0.6712433099746704,-0.0067383809946477,0.9998887181282043,0.5124431252479553,0.6679828763008118,0.0067054685205221,0.9998672008514404,0.5467643737792969,0.7738948464393616,0.0401078909635543,0.993584930896759,0.5109665989875793,0.7692583203315735,0.0740291327238082,0.9911231994628906,0.5459883213043213,0.853637158870697,0.1794763058423996,0.9912227988243104,0.5100990533828735,0.8421596884727478,0.2210088819265365,0.989719033241272,0.5422818064689636,0.8592429757118225,0.189582958817482,0.921437919139862,0.5136069655418396,0.8509134650230408,0.2328793108463287,0.9289016723632812,0.5508540272712708,0.8989765048027039,0.1271111071109771,0.986307978630066,0.4943620860576629,0.8808797597885132,0.176786720752716,0.9843613505363464
0.5296559929847717,0.4473001062870025,-0.1929055005311966,0.9999805092811584,0.5345132350921631,0.4367633461952209,-0.1847120970487594,0.9999409914016724,0.5373948216438293,0.4372152388095855,-0.184702843427658,0.9999391436576844,0.5393674373626709,0.4378242194652557,-0.184701532125473,0.9999379515647888,0.5257685780525208,0.4361879527568817,-0.1834891438484192,0.9999285936355592,0.5229532122612,0.4362012445926666,-0.1834943890571594,0.9999179840087892,0.5211410522460938,0.4365114867687225,-0.1834922432899475,0.999908208847046,0.5430859327316284,0.4447178840637207,-0.1225892007350921,0.9998835921287536,0.5188428163528442,0.4422533512115478,-0.1193912401795387,0.9997989535331726,0.5349164605140686,0.4608624875545501,-0.16872039437294,0.9999755024909972,0.5247597098350525,0.4609452784061432,-0.16780386865139,0.9999701976776124,0.5629207491874695,0.5186879634857178,-0.0892383828759193,0.9999712109565736,0.4996031522750854,0.5025439262390137,-0.0686215907335281,0.9999058842658995,0.5657339692115784,0.6011499166488647,-0.0693719461560249,0.9862354397773744,0.4713170826435089,0.5639186501502991,-0.0806771740317344,0.9287189245224,0.564372718334198,0.6722428202629089,-0.1199394911527633,0.9743870496749878,0.4918337762355804,0.6218875050544739,-0.1605677455663681,0.8616772890090942,0.5663175582885742,0.6966529488563538,-0.1397493481636047,0.9546428322792052,0.4921776056289673,0.642924427986145,-0.1812362372875213,0.8105061054229736,0.5607022643089294,0.6959905028343201,-0.1567704975605011,0.9561114311218262,0.497851699590683,0.6393483877182007,-0.1938863694667816,0.8156609535217285,0.5588836073875427,0.6894693374633789,-0.1269672363996505,0.9470375180244446,0.4986077845096588,0.6321503520011902,-0.1675881743431091,0.809109091758728,0.5467236638069153,0.6704676151275635,-0.0065153413452208,0.9998909831047058,0.5128374695777893,0.6668946146965027,0.0064830840565264,0.9998698830604552,0.5469602942466736,0.7739011645317078,0.0396078564226627,0.9934222102165222,0.511156439781189,0.7691123485565186,0.0684037581086158,0.990960419178009,0.5459908246994019,0.853637158870697,0.1786484867334365,0.9910274147987366,0.510098397731781,0.8419250249862671,0.210684135556221,0.9895565509796144,0.5422815680503845,0.8590406179428101,0.1883742064237594,0.920352816581726,0.5135371685028076,0.8506242036819458,0.2219425290822982,0.9283211827278136,0.5507948994636536,0.8989888429641724,0.1240977197885513,0.9859801530838012,0.4944543540477752,0.8808936476707458,0.1651239842176437,0.9840477705001832
0.5296716690063477,0.4472257792949676,-0.1830818951129913,0.999980628490448,0.5345195531845093,0.4366874098777771,-0.1748403161764145,0.9999426007270812,0.5374090671539307,0.4371574819087982,-0.1748338639736175,0.9999409914016724,0.5393779873847961,0.4377975165843963,-0.1748373359441757,0.9999399185180664,0.5257814526557922,0.4361510574817657,-0.1735054105520248,0.999929904937744,0.5229594707489014,0.4361846148967743,-0.1735045164823532,0.9999191164970398,0.5211436152458191,0.4365101158618927,-0.1734996140003204,0.9999090433120728,0.5431149005889893,0.4447046220302582,-0.1146568804979324,0.9998894333839417,0.5188455581665039,0.4422820210456848,-0.1110409051179885,0.999805986881256,0.5349403619766235,0.460848718881607,-0.159870371222496,0.9999760389328004,0.5247703790664673,0.460930734872818,-0.1588202267885208,0.9999709129333496,0.5629370808601379,0.5183606743812561,-0.0848974958062172,0.9999717473983764,0.4996138215065002,0.5018176436424255,-0.0627320036292076,0.9998990893363952,0.5657355785369873,0.6008355617523193,-0.0653784796595573,0.9861923456192015,0.4720028638839721,0.561904788017273,-0.0790532454848289,0.9272342324256896,0.5644810795783997,0.6718072891235352,-0.1102359145879745,0.9750478863716124,0.4917696714401245,0.6151852011680603,-0.1628404259681701,0.8547384738922119,0.566402792930603,0.6963669657707214,-0.1285015195608139,0.9558424949645996,0.4922348856925964,0.6356547474861145,-0.1833512037992477,0.8026600480079651,0.5607211589813232,0.6957288980484009,-0.1452336460351944,0.9572758078575134,0.4978698492050171,0.6311312317848206,-0.1948852837085724,0.8075854778289795,0.5589084029197693,0.6892386078834534,-0.1169322878122329,0.9483446478843688,0.4986052811145782,0.624519407749176,-0.1697271019220352,0.801125168800354,0.5472174882888794,0.6696393489837646,-0.0059594349004328,0.9998916387557985,0.5131653547286987,0.666167676448822,0.0059282975271344,0.999869704246521,0.5471242666244507,0.7739123106002808,0.0403357185423374,0.9932602047920228,0.5113003253936768,0.7689055800437927,0.0647963061928749,0.9908941984176636,0.5459824800491333,0.8535695672035217,0.1781563907861709,0.990894854068756,0.5100969076156616,0.8415607810020447,0.2017798870801925,0.98945415019989,0.5422568917274475,0.8588076829910278,0.18794646859169,0.919968843460083,0.5134680867195129,0.8502516150474548,0.212509736418724,0.9276990294456482,0.5507819652557373,0.8989635705947876,0.1226178258657455,0.9856312870979308,0.4945709407329559,0.8809066414833069,0.1561179906129837,0.9837157130241394
0.5296728014945984,0.4471013247966766,-0.1785982549190521,0.9999810457229614,0.5345195531845093,0.4365527629852295,-0.1705453693866729,0.9999449253082277,0.5374143123626709,0.4370366632938385,-0.1705382019281387,0.9999434351921082,0.5393823385238647,0.4377118051052093,-0.1705415397882461,0.9999425411224364,0.52578204870224,0.4360649287700653,-0.1688451319932937,0.9999324083328248,0.5229599475860596,0.4361301958560943,-0.1688397526741027,0.9999215602874756,0.5211458206176758,0.4364862143993377,-0.1688297092914581,0.999911606311798,0.5431315898895264,0.4446592032909393,-0.1116445809602737,0.9998959302902222,0.5188470482826233,0.4422822594642639,-0.1063388213515281,0.9998152852058412,0.5349456071853638,0.4608008861541748,-0.1559243351221084,0.999976933002472,0.5247692465782166,0.4608756601810455,-0.1543706059455871,0.9999720454216005,0.5629339218139648,0.5181203484535217,-0.0830370187759399,0.9999723434448242,0.4997639060020447,0.5014531016349792,-0.0578093938529491,0.999895453453064,0.5657187104225159,0.6002345085144043,-0.0623809807002544,0.9862322211265564,0.472888171672821,0.5609951019287109,-0.0706274211406707,0.9264774322509766,0.5644890666007996,0.6713569164276123,-0.1036136373877525,0.9756908416748048,0.4918916523456573,0.6141371726989746,-0.16034896671772,0.8501725196838379,0.5663917660713196,0.6959080696105957,-0.1210047975182533,0.956994652748108,0.4935306310653686,0.635135293006897,-0.1825888156890869,0.7971619367599487,0.5607002973556519,0.6953086256980896,-0.1374143660068512,0.9583781361579896,0.498544305562973,0.6304923295974731,-0.1858818084001541,0.8017919659614563,0.5588875412940979,0.6888778209686279,-0.1100325733423233,0.9495424032211304,0.4989979565143585,0.6240044832229614,-0.1671682447195053,0.7951691746711731,0.5475079417228699,0.6691890954971313,-0.0057393196038901,0.9998930096626282,0.5134676694869995,0.6656741499900818,0.0057081230916082,0.9998703598976136,0.5471687316894531,0.7739261388778687,0.0396651402115821,0.9931244850158693,0.5115482211112976,0.7687968015670776,0.0616487078368663,0.9909199476242064,0.5459612011909485,0.8535594344139099,0.1728693544864654,0.9908210039138794,0.5101010799407959,0.8414533138275146,0.1951507776975631,0.9894549250602722,0.5421677827835083,0.858769953250885,0.1822403520345688,0.9203580617904664,0.5134544968605042,0.8501524925231934,0.2055624425411224,0.9275701642036438,0.550771951675415,0.8989611268043518,0.1202383264899253,0.9853892922401428,0.4946688115596771,0.8809605240821838,0.1496090441942215,0.9835562705993652
0.5296773314476013,0.4469476342201233,-0.1842918246984481,0.9999815821647644,0.5345176458358765,0.436383992433548,-0.1759934276342392,0.9999472498893738,0.5374144911766052,0.4368546605110168,-0.1759866327047348,0.9999458193778992,0.5393836498260498,0.437534362077713,-0.1759867966175079,0.9999449253082277,0.5257828831672668,0.4359835386276245,-0.1746800392866134,0.9999350905418396,0.5229605436325073,0.4360887110233307,-0.1746802479028701,0.9999244809150696,0.521147608757019,0.4364759922027588,-0.1746741384267807,0.9999147653579712,0.5431309342384338,0.4445198178291321,-0.11544019728899,0.9999016523361206,0.518848180770874,0.4422955214977264,-0.111562892794609,0.99982488155365,0.5349608659744263,0.460716962814331,-0.1609463095664978,0.9999777674674988,0.5247711539268494,0.460823655128479,-0.1598064601421356,0.9999732375144958,0.5629345178604126,0.5180855989456177,-0.0846189707517623,0.9999727606773376,0.4998127222061157,0.5015912652015686,-0.0627667307853698,0.9998937249183656,0.5657108426094055,0.5995917916297913,-0.0640255510807037,0.9861754775047302,0.4732615053653717,0.5626868605613708,-0.0744302421808242,0.9272820949554444,0.5646083354949951,0.670200765132904,-0.1096504181623458,0.9761262536048888,0.4922709465026855,0.6188070178031921,-0.1630041450262069,0.8495994210243225,0.5664975047111511,0.6950215697288513,-0.1281328052282333,0.9577757120132446,0.49462890625,0.6389449238777161,-0.1842363029718399,0.7961711287498474,0.5607279539108276,0.6945929527282715,-0.145047977566719,0.9591214656829834,0.4994325637817383,0.6353759169578552,-0.1943391114473343,0.8005318641662598,0.5589114427566528,0.6881890296936035,-0.1164996698498725,0.9503788352012634,0.5000054240226746,0.6279062628746033,-0.1699292659759521,0.7938080430030823,0.5478013753890991,0.6691745519638062,-0.0055938870646059,0.9998941421508788,0.5137112736701965,0.6657158136367798,0.0055629387497901,0.9998717308044434,0.547348141670227,0.7739810347557068,0.0410465337336063,0.9929988384246826,0.5116633772850037,0.7688014507293701,0.0636562630534172,0.9908686280250548,0.5459530353546143,0.8536128401756287,0.1766849309206009,0.990707278251648,0.510101854801178,0.8414299488067627,0.2024974226951599,0.9893873929977416,0.5420935750007629,0.8587965369224548,0.1863157153129577,0.9203190207481384,0.5134338736534119,0.8501365184783936,0.2133954167366027,0.9273611903190612,0.5507368445396423,0.8990023136138916,0.1238923147320747,0.9851738810539246,0.4947316944599151,0.8809847831726074,0.156573548913002,0.9833546876907348
0.5296682715415955,0.4467099010944366,-0.1845340579748153,0.9999823570251464,0.5344991087913513,0.4361688196659088,-0.1762410104274749,0.9999501705169678,0.537410318851471,0.4366236329078674,-0.1762313246726989,0.9999487400054932,0.5393844842910767,0.4373097121715545,-0.176229253411293,0.9999477863311768,0.525749146938324,0.4358492493629455,-0.1752582937479019,0.999938666820526,0.5229222774505615,0.4360036253929138,-0.175255686044693,0.9999284744262696,0.5211349129676819,0.4364336729049682,-0.1752579063177108,0.9999192357063292,0.5431360602378845,0.4444150626659393,-0.1165538355708122,0.9999078512191772,0.5188218355178833,0.4422956109046936,-0.1125381961464881,0.9998361468315125,0.5349615216255188,0.4605727195739746,-0.1614220142364502,0.9999788403511048,0.5247538089752197,0.4607152342796325,-0.1601901948451995,0.9999746680259703,0.5629576444625854,0.5180440545082092,-0.0856852233409881,0.999972939491272,0.4998266398906708,0.5016356110572815,-0.0657624751329422,0.9998942017555236,0.5657094717025757,0.599223256111145,-0.0664917677640914,0.9860203862190248,0.4737858176231384,0.5638705492019653,-0.0865703374147415,0.9272539615631104,0.5648793578147888,0.6688444018363953,-0.1140405684709549,0.9760990738868712,0.4931926727294922,0.622008204460144,-0.1790361404418945,0.8477766513824463,0.5668706893920898,0.6939505338668823,-0.1333746314048767,0.9578084945678712,0.4966096878051758,0.6424123048782349,-0.2012562155723571,0.7941222190856934,0.5609853863716125,0.6937838196754456,-0.1496687978506088,0.9591359496116638,0.5020520091056824,0.6382126212120056,-0.212735429406166,0.7982087731361389,0.5591460466384888,0.6873453259468079,-0.1207447797060012,0.9504866003990172,0.5018295645713806,0.6315075755119324,-0.1860508769750595,0.7915177345275879,0.5478404760360718,0.6691881418228149,-0.0055033732205629,0.99989515542984,0.5137099623680115,0.665743887424469,0.0054704300127923,0.9998741149902344,0.547437846660614,0.7740654945373535,0.045696597546339,0.9929109215736388,0.5117663741111755,0.7688077688217163,0.0655245631933212,0.9909050464630128,0.5458664298057556,0.8534491658210754,0.1851382702589035,0.9906693696975708,0.5100914239883423,0.8414517641067505,0.2044560015201568,0.9894351959228516,0.5419219732284546,0.8587629199028015,0.1951141208410263,0.9209482073783876,0.5133748650550842,0.8501946330070496,0.2154670804738998,0.9280583262443542,0.5507230162620544,0.8991034030914307,0.1328557580709457,0.9850834608078004,0.4947331845760345,0.8809906840324402,0.1588176190853119,0.9833022952079772
0.5296633243560791,0.4465767443180084,-0.1945432871580124,0.9999833703041076,0.5344864130020142,0.4360846579074859,-0.1855820268392563,0.9999535083770752,0.5374042391777039,0.4365526139736175,-0.1855663955211639,0.9999520778656006,0.539379358291626,0.4372609257698059,-0.1855527609586715,0.9999511241912842,0.5257468819618225,0.4357529282569885,-0.1851273477077484,0.9999428987503052,0.5229135155677795,0.4359161555767059,-0.1851353943347931,0.9999333620071412,0.5211297869682312,0.4363783597946167,-0.1851278245449066,0.9999247193336488,0.5431064963340759,0.444385677576065,-0.122863583266735,0.9999143481254578,0.5187198519706726,0.4422948360443115,-0.1223978176712989,0.9998483657836914,0.5349523425102234,0.4605214893817901,-0.1705802828073501,0.9999801516532898,0.5247055292129517,0.460664689540863,-0.170371875166893,0.9999763369560242,0.5628803372383118,0.5179181098937988,-0.0905941799283027,0.9999731779098512,0.4996080100536346,0.5024673342704773,-0.0761713311076164,0.9998955726623536,0.5657115578651428,0.5989143252372742,-0.0718196555972099,0.9859983921051024,0.4740558862686157,0.5672265291213989,-0.0983826816082,0.9278470277786256,0.565163254737854,0.6678694486618042,-0.1242467612028122,0.9762086868286132,0.4945597350597381,0.623216450214386,-0.1932971775531768,0.8474439978599548,0.5672528147697449,0.6931704878807068,-0.1445057541131973,0.9579394459724426,0.4979020357131958,0.6427404880523682,-0.2162703722715377,0.7939479351043701,0.5613886713981628,0.6932768225669861,-0.1609534621238708,0.9592450261116028,0.5036336779594421,0.639313817024231,-0.2279868572950363,0.7977465987205505,0.5595351457595825,0.6868149042129517,-0.1311867535114288,0.9507470726966858,0.503206193447113,0.6332789063453674,-0.2003270238637924,0.7909702062606812,0.5479816794395447,0.6691926717758179,-0.0053757620044052,0.9998961091041564,0.5138159990310669,0.66583651304245,0.0053387833759188,0.9998769760131836,0.5475665926933289,0.7741343379020691,0.0493964217603206,0.9928630590438844,0.5119200944900513,0.7688530087471008,0.0701176673173904,0.9908903241157532,0.54585200548172,0.8533872365951538,0.1908322870731353,0.9906429052352904,0.5100833177566528,0.8415040373802185,0.2154833823442459,0.9894245862960817,0.5419027805328369,0.8587344288825989,0.2009916305541992,0.9220021963119508,0.5133168697357178,0.8502461910247803,0.2270471602678299,0.9284455180168152,0.5507329106330872,0.899194598197937,0.1384621411561966,0.9850600361824036,0.4947236180305481,0.8809913992881775,0.1694492995738983,0.9831490516662598
0.5296604633331299,0.4465018510818481,-0.1974617838859558,0.9999842643737792,0.5344555377960205,0.4360427856445312,-0.1883229166269302,0.9999562501907348,0.537377119064331,0.4365154206752777,-0.1883050948381424,0.9999548196792604,0.5393416881561279,0.4372376501560211,-0.1882848590612411,0.9999538064002992,0.5257472991943359,0.4357101023197174,-0.188248410820961,0.9999465346336364,0.5229124426841736,0.4358708560466766,-0.1882605999708175,0.9999376535415648,0.5211262702941895,0.4363533854484558,-0.1882534921169281,0.9999295473098756,0.5429953336715698,0.4443775117397308,-0.1253265887498855,0.9999194145202636,0.5186517238616943,0.4422979652881622,-0.1268273144960403,0.9998590350151062,0.5349264144897461,0.4604867994785309,-0.173522338271141,0.9999812245368958,0.5246814489364624,0.4606471359729767,-0.1738386005163192,0.999977707862854,0.5627982020378113,0.5178210139274597,-0.0923702344298362,0.9999732375144958,0.4994040429592132,0.5032464265823364,-0.0820441097021102,0.9998989701271056,0.5657781362533569,0.5986582636833191,-0.0742224529385566,0.9861674904823304,0.474620908498764,0.5718250274658203,-0.0969298556447029,0.9302799105644226,0.5654194355010986,0.6674001216888428,-0.131005510687828,0.9766811728477478,0.4956059157848358,0.6329525113105774,-0.1830225139856338,0.8515510559082031,0.5676372051239014,0.6926525831222534,-0.1517883688211441,0.9585909843444824,0.4981505274772644,0.6541066765785217,-0.2052233815193176,0.798640251159668,0.5618696212768555,0.6928970217704773,-0.1685774773359298,0.9598702788352966,0.504229724407196,0.6484857201576233,-0.2181111276149749,0.8022032976150513,0.5599604249000549,0.686410665512085,-0.1383004039525985,0.9515783190727234,0.5040482878684998,0.6407027840614319,-0.1902641803026199,0.7952934503555298,0.5481367111206055,0.6692113876342773,-0.0049765948206186,0.9998959898948668,0.5139771103858948,0.6659871935844421,0.0049327639862895,0.9998801350593568,0.5477845668792725,0.7741451263427734,0.0529559440910816,0.9928628206253052,0.5122707486152649,0.7688332796096802,0.0701019763946533,0.99102383852005,0.5458509922027588,0.8528825044631958,0.191432699561119,0.9906712174415588,0.5100843906402588,0.8420502543449402,0.2143598645925521,0.9895244240760804,0.5418789386749268,0.8584296107292175,0.201296254992485,0.9232075810432434,0.513298511505127,0.8508287668228149,0.225559577345848,0.9289950728416444,0.5508121252059937,0.8992208242416382,0.1390462964773178,0.9851086139678956,0.4947135150432586,0.8809977173805237,0.1671423017978668,0.9831156730651855
0.5296457409858704,0.446447879076004,-0.1993962675333023,0.9999852180480956,0.5343782901763916,0.4359946548938751,-0.1900969594717025,0.9999589920043944,0.5372899770736694,0.4364635944366455,-0.1900768876075744,0.99995756149292,0.5392478108406067,0.4371963441371918,-0.1900545060634613,0.999956488609314,0.5257411599159241,0.4356700181961059,-0.190326988697052,0.999950110912323,0.5229029059410095,0.4358274340629577,-0.1903388500213623,0.999941885471344,0.521108090877533,0.4363239705562591,-0.1903313845396042,0.9999343156814576,0.5427013039588928,0.44434854388237,-0.1258814036846161,0.9999243021011353,0.5185405611991882,0.4422988593578338,-0.1287555545568466,0.9998693466186525,0.5348846912384033,0.4604077637195587,-0.1749085038900375,0.9999822974205016,0.524645209312439,0.4606159627437591,-0.1756581962108612,0.9999791383743286,0.5626570582389832,0.5171066522598267,-0.0916296318173408,0.999973714351654,0.4992074072360992,0.5034455060958862,-0.0838481038808822,0.9999029636383056,0.5660955905914307,0.5979164242744446,-0.0718983933329582,0.9864562153816224,0.4749253690242767,0.5738974809646606,-0.0959428697824478,0.9335219860076904,0.5656360983848572,0.6668283343315125,-0.1285270303487777,0.9774913191795348,0.4957257211208343,0.6364790201187134,-0.1791886389255523,0.8572397232055664,0.5681868195533752,0.6922067999839783,-0.1489464491605758,0.959771990776062,0.4979005753993988,0.6582233309745789,-0.2015235722064972,0.8049770593643188,0.5623941421508789,0.6922887563705444,-0.1662046313285827,0.9610164165496826,0.5042315721511841,0.6521719098091125,-0.2147826254367828,0.8083055019378662,0.5603895783424377,0.6858128309249878,-0.1359228789806366,0.9529561400413512,0.5042593479156494,0.6442192792892456,-0.1864680498838424,0.8011307716369629,0.5482473373413086,0.6691589951515198,-0.0037552767898887,0.9998972415924072,0.5141296982765198,0.6659892797470093,0.0037089760880917,0.9998838901519777,0.5481069087982178,0.7741307020187378,0.0521715395152568,0.9929437041282654,0.5125676989555359,0.7687317132949829,0.0691761821508407,0.9912378787994384,0.545773446559906,0.852057695388794,0.1907012462615966,0.9907243251800536,0.5100805759429932,0.8420796990394592,0.2139723896980285,0.9897145628929138,0.541700541973114,0.85787433385849,0.2005629241466522,0.9245972037315368,0.513244092464447,0.850975513458252,0.2251257300376892,0.9296408891677856,0.5508474111557007,0.8992267847061157,0.1374990493059158,0.9852506518363952,0.4947185218334198,0.8810685873031616,0.165380448102951,0.983285129070282
0.5296382308006287,0.4464158117771148,-0.1899946331977844,0.9999856352806092,0.5342777967453003,0.4359654784202575,-0.1800676137208938,0.9999602437019348,0.5371736288070679,0.4364323914051056,-0.1800583004951477,0.9999588131904602,0.5391198396682739,0.4371703863143921,-0.1800427883863449,0.9999576210975648,0.525719404220581,0.4356192350387573,-0.1807264536619186,0.9999516606330872,0.5228773355484009,0.4357542693614959,-0.1807310432195663,0.9999438524246216,0.5210675597190857,0.4362480640411377,-0.1807269304990768,0.9999362826347352,0.5422629714012146,0.4442648291587829,-0.1153521686792373,0.999926745891571,0.5183754563331604,0.4422669410705566,-0.120310790836811,0.999874472618103,0.5348075032234192,0.4603100419044494,-0.1654879450798034,0.9999827146530152,0.5246169567108154,0.4605425894260406,-0.1668772995471954,0.9999796748161316,0.562299907207489,0.5165776610374451,-0.0806296244263649,0.9999738335609436,0.4987598061561584,0.5041937828063965,-0.0795400291681289,0.9999013543128968,0.5661801099777222,0.5974102020263672,-0.0579661913216114,0.9863689541816713,0.4763965010643005,0.5755501985549927,-0.0941812172532081,0.933485507965088,0.5661069750785828,0.6663228273391724,-0.1145653873682022,0.977961003780365,0.4962743520736694,0.6378085017204285,-0.1768816858530044,0.8565353155136108,0.5688962936401367,0.6917713284492493,-0.1343718022108078,0.9605473875999452,0.4982216656208038,0.6587802767753601,-0.2001758068799972,0.8047745227813721,0.562971830368042,0.6917145848274231,-0.1527247428894043,0.961783766746521,0.5045737624168396,0.653217613697052,-0.212130457162857,0.8080666661262512,0.5609155297279358,0.6853060126304626,-0.1224506944417953,0.9538761377334596,0.5047228336334229,0.6451929807662964,-0.1850660890340805,0.8005571365356445,0.5483542680740356,0.6691774725914001,-0.0026019264478236,0.9998984932899476,0.5142163634300232,0.666169285774231,0.002562835579738,0.999886989593506,0.5484085083007812,0.774195671081543,0.053927406668663,0.9929698705673218,0.5129086971282959,0.7687316536903381,0.064270481467247,0.9914094805717468,0.5457246899604797,0.8516303896903992,0.1944011747837066,0.9906801581382751,0.5101020932197571,0.8421822786331177,0.2057904750108719,0.9898233413696288,0.5415687561035156,0.8575106859207153,0.2045074999332428,0.9251819252967834,0.5132468938827515,0.8510562181472778,0.2165697962045669,0.929571568965912,0.5508785247802734,0.8992278575897217,0.1417263448238372,0.9851606488227844,0.4947609305381775,0.8811670541763306,0.1562080383300781,0.9832955598831176
0.5292786359786987,0.4464159607887268,-0.1879832297563552,0.9999860525131226,0.5338923931121826,0.4359789192676544,-0.1782575249671936,0.9999616742134094,0.5367835760116577,0.4364587366580963,-0.1782511621713638,0.9999602437019348,0.5388120412826538,0.4372267127037048,-0.1782390177249908,0.999959111213684,0.5254340171813965,0.4356125295162201,-0.1784350574016571,0.999953269958496,0.5225805640220642,0.4357434511184692,-0.1784364879131317,0.9999457001686096,0.5208263993263245,0.436218112707138,-0.1784300804138183,0.9999380707740784,0.5416486859321594,0.4442591667175293,-0.114260509610176,0.9999295473098756,0.5178737044334412,0.4422585666179657,-0.1169637069106102,0.9998779296875,0.5342432260513306,0.4603132605552673,-0.1637726575136184,0.9999831914901732,0.5240412354469299,0.4605365097522735,-0.1645227372646331,0.9999800324440002,0.5617982745170593,0.5162148475646973,-0.0803446844220161,0.999974012374878,0.4981566667556762,0.5059351921081543,-0.0755374729633331,0.9998948574066162,0.566173255443573,0.5973066687583923,-0.0579870976507663,0.9863433837890624,0.4796786904335022,0.5785611271858215,-0.0939941480755806,0.929288387298584,0.5663941502571106,0.6663233041763306,-0.1126438528299331,0.9784055352211,0.4983502924442291,0.6384205222129822,-0.1750784069299698,0.8515075445175171,0.569410502910614,0.6917035579681396,-0.1321058422327041,0.9612742066383362,0.4999562203884125,0.658912718296051,-0.1981353163719177,0.8009225130081177,0.5634846091270447,0.6916167140007019,-0.1503825336694717,0.96251779794693,0.5059701800346375,0.6539250016212463,-0.2115626186132431,0.804283082485199,0.5613908171653748,0.6852614879608154,-0.1203759089112281,0.954755425453186,0.5062147974967957,0.6455324292182922,-0.1831151694059372,0.796355128288269,0.5486902594566345,0.6691805720329285,-0.0023384320084005,0.9999004006385804,0.5145149827003479,0.666472852230072,0.0022989388089627,0.9998884201049804,0.5487356781959534,0.7742027640342712,0.0535511896014213,0.9929435849189758,0.5134469866752625,0.7687246203422546,0.0654603317379951,0.9913681745529176,0.5456945896148682,0.8514349460601807,0.1921920031309127,0.9905530214309692,0.5102835893630981,0.8419570922851562,0.2144990414381027,0.9897494316101074,0.5414689779281616,0.8572906255722046,0.202029213309288,0.925495982170105,0.5133110284805298,0.8508016467094421,0.2261637598276138,0.9286192655563354,0.5508779287338257,0.8992679715156555,0.1397040784358978,0.9850096106529236,0.494964063167572,0.8811101913452148,0.1666405797004699,0.9831032156944276
0.5291454195976257,0.4464304745197296,-0.1887943893671035,0.9999859929084778,0.5336650013923645,0.4360177218914032,-0.1789269596338272,0.9999614953994752,0.5365385413169861,0.436521053314209,-0.1789217889308929,0.9999600648880004,0.5385364890098572,0.4373123049736023,-0.1789087206125259,0.999958872795105,0.5253018736839294,0.435610681772232,-0.1791236996650695,0.9999529123306274,0.522416353225708,0.4357357323169708,-0.1791248619556427,0.9999454617500304,0.5206267237663269,0.4362129867076874,-0.1791211068630218,0.9999371767044068,0.5411410927772522,0.444256454706192,-0.113801933825016,0.9999292492866516,0.5174645185470581,0.4422589242458343,-0.1167329475283622,0.9998754262924194,0.5339261889457703,0.4603160917758941,-0.1643444597721099,0.9999831318855286,0.5238217115402222,0.4605324268341064,-0.1650668084621429,0.9999796152114868,0.5612457394599915,0.5158481001853943,-0.0786112323403358,0.9999737739562988,0.4977245628833771,0.5073090195655823,-0.0741683095693588,0.9998837113380432,0.5662230849266052,0.5972654819488525,-0.054592840373516,0.9862935543060304,0.4816009104251861,0.5799458622932434,-0.0848742797970771,0.9247643351554872,0.5668010115623474,0.6663954854011536,-0.1101602017879486,0.978788435459137,0.5003153681755066,0.6415236592292786,-0.1664093285799026,0.8445723652839661,0.5700933933258057,0.6915858387947083,-0.1294394582509994,0.9618511199951172,0.5015522837638855,0.6619013547897339,-0.189602717757225,0.7945848703384399,0.5641022324562073,0.6915510892868042,-0.1483819186687469,0.9631227254867554,0.5077619552612305,0.6580805778503418,-0.2049439698457718,0.7980961799621582,0.5618957281112671,0.6852284073829651,-0.1181416884064674,0.9554100036621094,0.508133590221405,0.6494268178939819,-0.1749190837144851,0.7895777821540833,0.5493677258491516,0.6689611673355103,-0.0018487703055143,0.9999005794525146,0.5150613188743591,0.6668673753738403,0.0018161456100642,0.999887228012085,0.5490585565567017,0.7740170359611511,0.0466637089848518,0.9930280447006226,0.5138346552848816,0.7686949968338013,0.0656266137957573,0.9913761019706726,0.5457465648651123,0.8511365056037903,0.1870462745428085,0.9905306100845336,0.510566771030426,0.841724157333374,0.2176643908023834,0.9897257089614868,0.5415292978286743,0.8570669889450073,0.1970554143190384,0.92596697807312,0.513349711894989,0.8506330251693726,0.2295713871717453,0.927307665348053,0.5508769154548645,0.8992931842803955,0.1295228451490402,0.9850119352340698,0.4954002201557159,0.8809916377067566,0.1677585691213607,0.9830127358436584
0.5290567278862,0.4464423954486847,-0.189502328634262,0.9999852776527404,0.533477246761322,0.4360792636871338,-0.1796919554471969,0.9999586939811708,0.5363214612007141,0.4366459250450134,-0.1796870529651641,0.9999573826789856,0.5382044315338135,0.4374845325946808,-0.1796729862689972,0.9999558329582214,0.5252293348312378,0.435605376958847,-0.1798996031284332,0.9999497532844543,0.5223710536956787,0.4357097744941711,-0.1799018830060959,0.9999424815177916,0.5204703211784363,0.436165988445282,-0.1798987090587616,0.9999327063560486,0.5407196879386902,0.444286584854126,-0.1138852685689926,0.9999242424964904,0.5172551274299622,0.4422370791435241,-0.1173967942595481,0.999864935874939,0.533639132976532,0.4603432118892669,-0.1649493873119354,0.9999821186065674,0.523672878742218,0.4605195522308349,-0.165672555565834,0.999977707862854,0.560860276222229,0.5150334239006042,-0.0761085450649261,0.9999725818634032,0.4975000321865082,0.5079110264778137,-0.0741939768195152,0.999872088432312,0.5664288997650146,0.5970510840415955,-0.0471067056059837,0.9861878752708436,0.4835048317909241,0.5829245448112488,-0.0767147168517112,0.9198980331420898,0.5672107338905334,0.6664478778839111,-0.1010718643665313,0.9789323806762696,0.5014506578445435,0.6470568180084229,-0.1531424522399902,0.8382851481437683,0.5706313848495483,0.6913558840751648,-0.1192969903349876,0.961999237537384,0.5036231875419617,0.6662921905517578,-0.175417959690094,0.7889876365661621,0.5646362900733948,0.6913450360298157,-0.1392960846424102,0.963331401348114,0.5086967945098877,0.661554217338562,-0.1922264844179153,0.792795717716217,0.5623932480812073,0.6851099729537964,-0.1094066724181175,0.955598771572113,0.5090855956077576,0.6532302498817444,-0.1619312912225723,0.7834094166755676,0.5499358773231506,0.6689095497131348,-0.0016675130464136,0.9998976588249208,0.5155854821205139,0.6676269173622131,0.0016416262369602,0.9998846054077148,0.549406886100769,0.7740221619606018,0.0452763698995113,0.9931429028511048,0.5139822363853455,0.7687185406684875,0.0604698620736599,0.9914760589599608,0.5457488298416138,0.8511297106742859,0.1862668246030807,0.9905206561088562,0.5107305645942688,0.8423749804496765,0.2073852717876434,0.9898382425308228,0.5415691137313843,0.8570692539215088,0.1962206363677978,0.9261087775230408,0.513475775718689,0.8515059947967529,0.2182686179876327,0.9270195364952089,0.550876259803772,0.8993246555328369,0.1274703443050384,0.9849818348884584,0.4953988790512085,0.880995512008667,0.1535490453243255,0.9831394553184508
0.5289089679718018,0.4464884102344513,-0.1872677057981491,0.999984860420227,0.5330755710601807,0.4362296760082245,-0.177014872431755,0.9999568462371826,0.5358791351318359,0.4368575513362884,-0.1770143806934356,0.9999556541442872,0.5376756191253662,0.4377144575119018,-0.1769987791776657,0.9999538660049438,0.5250095129013062,0.4356329143047333,-0.1777791976928711,0.9999474883079528,0.5221933722496033,0.4357160031795501,-0.1777797639369964,0.9999402761459352,0.5201473832130432,0.4361681342124939,-0.1777774840593338,0.999929130077362,0.540063738822937,0.4443858563899994,-0.111256331205368,0.9999211430549622,0.5168611407279968,0.4422964453697204,-0.1164279729127883,0.9998568892478944,0.5332607626914978,0.4604365825653076,-0.1626266837120056,0.9999812841415404,0.523438036441803,0.4605371952056885,-0.1640010476112365,0.9999760985374452,0.5600501894950867,0.5144340991973877,-0.0750064402818679,0.9999722242355348,0.4972850084304809,0.5089460611343384,-0.0735542997717857,0.9998615980148317,0.5667254328727722,0.5958975553512573,-0.0476905107498168,0.9864284992218018,0.4845977425575256,0.5845468640327454,-0.0750653371214866,0.9161008596420288,0.5676916837692261,0.6661854982376099,-0.1028008535504341,0.979725420475006,0.502709150314331,0.6485767960548401,-0.1516803354024887,0.8343787789344788,0.5712262988090515,0.690696656703949,-0.1216920167207717,0.963226556777954,0.5049564242362976,0.6666872501373291,-0.1737563014030456,0.7859814763069153,0.5651445984840393,0.6906564235687256,-0.1412812769412994,0.964560091495514,0.5097112059593201,0.6628392338752747,-0.1905767768621444,0.7900711894035339,0.5628750324249268,0.6845740079879761,-0.111016072332859,0.9570074081420898,0.5101897716522217,0.6545522809028625,-0.1604758352041244,0.7801180481910706,0.5503362417221069,0.6688545942306519,-0.0015401733107864,0.9998955130577089,0.5161829590797424,0.6679389476776123,0.0015143104828894,0.9998841881752014,0.549474835395813,0.7739235758781433,0.0490950122475624,0.9931877255439758,0.514300525188446,0.7683018445968628,0.054612398147583,0.9915857315063475,0.5456709265708923,0.8510581851005554,0.1893582493066787,0.9904638528823853,0.5111731290817261,0.8428813815116882,0.1901616603136062,0.989949643611908,0.5415528416633606,0.8571127653121948,0.1991965472698211,0.9264025688171388,0.5139869451522827,0.8523222208023071,0.1997989863157272,0.9267765879631042,0.5509694814682007,0.8993263244628906,0.1327222138643264,0.984826922416687,0.4953833520412445,0.8810074329376221,0.1355693936347961,0.9831950664520264
0.5285220742225647,0.4467110931873321,-0.1858111023902893,0.9999842643737792,0.5325758457183838,0.4368637204170227,-0.1757224351167678,0.9999544620513916,0.5353831648826599,0.4375961720943451,-0.1757228970527649,0.9999532103538512,0.5370972752571106,0.4384017884731293,-0.175709992647171,0.9999513626098632,0.5245344042778015,0.4358609616756439,-0.1764050424098968,0.999944806098938,0.5217329263687134,0.4358598589897156,-0.1764042824506759,0.9999376535415648,0.5195496082305908,0.4362668395042419,-0.1764016598463058,0.999925136566162,0.5395128130912781,0.4446049630641937,-0.1108352020382881,0.999916970729828,0.5162668228149414,0.4424761831760406,-0.1156734973192215,0.9998469948768616,0.5326150059700012,0.4607406258583069,-0.1614106744527816,0.9999802708625792,0.5228556990623474,0.4607434868812561,-0.1627536118030548,0.9999741315841676,0.5595001578330994,0.5138643383979797,-0.07527457177639,0.999971330165863,0.4968696236610412,0.5104451775550842,-0.0724204704165458,0.999849498271942,0.5672250390052795,0.5946953296661377,-0.0458272099494934,0.9866957068443298,0.4855859875679016,0.5853704810142517,-0.0729137510061264,0.9084487557411194,0.5682881474494934,0.6657553315162659,-0.0943499132990837,0.9803282022476196,0.5022314786911011,0.6470422148704529,-0.1492381244897842,0.8260124921798706,0.5717856884002686,0.6901233196258545,-0.1119395196437835,0.964107871055603,0.5039976835250854,0.6660380363464355,-0.1705743372440338,0.7794008255004883,0.5656381845474243,0.6899446249008179,-0.1310188472270965,0.9654552340507508,0.5092052221298218,0.6624923348426819,-0.1882243603467941,0.7839735746383667,0.5633987188339233,0.6839624643325806,-0.1021169200539588,0.958039402961731,0.5097829699516296,0.654137909412384,-0.1584085375070572,0.7735724449157715,0.5505760908126831,0.6687136888504028,-0.0015096062561497,0.999892234802246,0.5164602398872375,0.6680551171302795,0.0014805656392127,0.9998823404312134,0.5494817495346069,0.7738052606582642,0.050614520907402,0.9931855201721193,0.5145917534828186,0.7677589058876038,0.0506136305630207,0.991673707962036,0.5455381870269775,0.8509155511856079,0.1896602511405944,0.9903892278671264,0.5114714503288269,0.8430812358856201,0.1801123768091201,0.9900601506233216,0.5415384769439697,0.8570955395698547,0.1994297355413437,0.9268569350242616,0.5145348310470581,0.8529455661773682,0.189214289188385,0.9265755414962769,0.5509907007217407,0.8993087410926819,0.1352197527885437,0.9846071600914,0.4954064488410949,0.8809983134269714,0.1262226402759552,0.9832139611244202
0.5281998515129089,0.4477979838848114,-0.1893034279346466,0.9999842047691344,0.5321208238601685,0.4384443759918213,-0.1787955462932586,0.9999539852142334,0.5348379015922546,0.4390886723995209,-0.1787987202405929,0.9999527335166932,0.5364736318588257,0.4396639764308929,-0.1787912547588348,0.9999508857727052,0.5241764187812805,0.4371610879898071,-0.1801601201295852,0.9999440908432008,0.5213944315910339,0.4371296167373657,-0.1801578551530838,0.999937117099762,0.5190075635910034,0.4373810291290283,-0.1801519393920898,0.999923825263977,0.5388179421424866,0.4451014697551727,-0.1115535199642181,0.9999164342880248,0.5157334208488464,0.4431907832622528,-0.1187835931777954,0.9998437166213988,0.5321274995803833,0.4615449905395508,-0.1636202335357666,0.999980092048645,0.5225017070770264,0.4614924490451813,-0.1658570915460586,0.9999734163284302,0.5590574741363525,0.5131736993789673,-0.0759486779570579,0.9999713897705078,0.4965552091598511,0.5113804936408997,-0.0737641751766204,0.9998415112495422,0.5676373839378357,0.5932992100715637,-0.0447882339358329,0.986975073814392,0.4862667620182037,0.5857581496238708,-0.074445404112339,0.9043779969215392,0.5690885186195374,0.6653211712837219,-0.0950344279408454,0.981007993221283,0.5025882720947266,0.646384596824646,-0.1523323655128479,0.8214465975761414,0.5723108053207397,0.6893789172172546,-0.1131617352366447,0.965112566947937,0.5038201808929443,0.6656612157821655,-0.1741091907024383,0.7760438323020935,0.5662806034088135,0.6891652345657349,-0.1328610777854919,0.9664692878723145,0.5095707774162292,0.6622309684753418,-0.1909766197204589,0.7809089422225952,0.5641009211540222,0.6832872629165649,-0.1031010001897811,0.9591760635375975,0.5101783871650696,0.6539204716682434,-0.1612663567066192,0.7695238590240479,0.5510227084159851,0.6686391830444336,-0.0011792650911957,0.9998909831047058,0.5168814063072205,0.6682572960853577,0.0011502194683998,0.9998818635940552,0.5498536229133606,0.7738810777664185,0.0511551722884178,0.9932584166526794,0.5148831605911255,0.7674041986465454,0.0503882281482219,0.9918551445007324,0.545474648475647,0.8509045839309692,0.1955885738134384,0.990342915058136,0.5114859938621521,0.8431015014648438,0.1853173226118087,0.9902463555336,0.5415376424789429,0.8571146130561829,0.2060215920209884,0.9277204871177672,0.5146418809890747,0.8530934453010559,0.1950321793556213,0.926523745059967,0.5510852932929993,0.8993237614631653,0.1416338384151458,0.9845089912414552,0.4954217076301574,0.8810492157936096,0.1305664479732513,0.9833976030349731
0.5277716517448425,0.4486596882343292,-0.1935492157936096,0.9999836087226868,0.5314460396766663,0.4395298957824707,-0.1832979023456573,0.9999515414237976,0.5340802073478699,0.4401028454303741,-0.1833004355430603,0.9999504685401917,0.5357081294059753,0.4405394494533539,-0.1832912117242813,0.9999486207962036,0.5236862301826477,0.4382377862930298,-0.1845505386590957,0.9999407529830932,0.5209423303604126,0.4382714629173279,-0.1845501214265823,0.9999337792396544,0.5184270143508911,0.4384911358356476,-0.1845467388629913,0.9999186992645264,0.5379048585891724,0.4455007016658783,-0.1159441992640495,0.9999129176139832,0.51517653465271,0.4440465271472931,-0.1231093928217887,0.9998316168785096,0.5316283702850342,0.4621855318546295,-0.1679370999336242,0.9999792575836182,0.5221364498138428,0.4621883928775787,-0.1700007170438766,0.9999712109565736,0.5587703585624695,0.5117813944816589,-0.0772221237421035,0.9999712705612184,0.4964036643505096,0.5128874778747559,-0.076538398861885,0.9998267889022828,0.5680016875267029,0.5915974974632263,-0.047271829098463,0.9873449206352234,0.4880739748477936,0.5867956876754761,-0.0744177401065826,0.8989534974098206,0.5693762302398682,0.6648188829421997,-0.0964347049593925,0.981728494167328,0.5037569403648376,0.6469176411628723,-0.1489375978708267,0.816129207611084,0.5725927352905273,0.688584566116333,-0.1142496019601821,0.9661825299263,0.5044987797737122,0.6656332015991211,-0.1702504903078079,0.7718988656997681,0.5665480494499207,0.6884000897407532,-0.1339145600795745,0.9675390720367432,0.5104178190231323,0.6623850464820862,-0.1886801868677139,0.7771430015563965,0.5643711686134338,0.6825981736183167,-0.1044223308563232,0.9604111909866332,0.5110185742378235,0.6540358662605286,-0.1583872884511947,0.7651594877243042,0.5513240694999695,0.6683071851730347,-0.0012363166315481,0.9998881816864014,0.5173808336257935,0.6682572960853577,0.0012068916112184,0.9998780488967896,0.5499610304832458,0.7736241817474365,0.0509276539087295,0.9932685494422911,0.5152367949485779,0.7664402723312378,0.0518913343548774,0.991923987865448,0.5454761981964111,0.8509095907211304,0.1938331574201584,0.990303635597229,0.5115099549293518,0.8430037498474121,0.1862810105085373,0.9903362393379213,0.5416543483734131,0.8571372628211975,0.2042305022478103,0.9281939268112184,0.5147346258163452,0.8532125353813171,0.1958620250225067,0.9262639284133912,0.5512192845344543,0.899285614490509,0.1407968997955322,0.9843858480453492,0.4954325258731842,0.8810506463050842,0.1313008666038513,0.9834526777267456
0.5273967981338501,0.4494807422161102,-0.2018241882324218,0.9999834895133972,0.5308668613433838,0.4404248297214508,-0.1916045993566513,0.9999507665634156,0.5334407687187195,0.4408983290195465,-0.1916076242923736,0.9999499320983888,0.5350759625434875,0.441217839717865,-0.1915958970785141,0.999948024749756,0.5231808423995972,0.4392347931861877,-0.1929496973752975,0.9999390840530396,0.5204570889472961,0.4393422305583954,-0.1929512023925781,0.999932050704956,0.5178768634796143,0.4395561218261719,-0.1929493844509124,0.999915599822998,0.5372768640518188,0.4457966387271881,-0.1229143515229225,0.9999125599861144,0.5146426558494568,0.4448787569999695,-0.1304346621036529,0.999825656414032,0.5312901139259338,0.462673008441925,-0.175585001707077,0.9999791383743286,0.5218983292579651,0.4627276360988617,-0.1777013689279556,0.9999702572822572,0.5585759282112122,0.5108488202095032,-0.0816204324364662,0.9999722242355348,0.4962677955627441,0.513702929019928,-0.0816136077046394,0.9998167753219604,0.5685418248176575,0.5900334119796753,-0.0498667210340499,0.9877415299415588,0.4887290000915527,0.5874106884002686,-0.0749616846442222,0.8958439826965332,0.569705069065094,0.6639925837516785,-0.1063816398382186,0.9825376868247986,0.5045254230499268,0.6487491726875305,-0.150935485959053,0.8138115406036377,0.5728886127471924,0.6880156993865967,-0.1262139678001403,0.9674737453460692,0.5052791833877563,0.6680045127868652,-0.1727260053157806,0.7704383134841919,0.566877543926239,0.6877869367599487,-0.1470400542020797,0.9688121676445008,0.5104280114173889,0.6631614565849304,-0.1900356560945511,0.7759349346160889,0.5647135376930237,0.6818976402282715,-0.1150264963507652,0.9618887901306152,0.5111956000328064,0.6563839316368103,-0.1602532267570495,0.7634535431861877,0.5515881180763245,0.6679479479789734,-0.0012455875985324,0.9998890161514282,0.5175879597663879,0.6682552695274353,0.0012202033540233,0.9998769164085388,0.5501163601875305,0.7730933427810669,0.0513081401586532,0.9933120012283324,0.5153571963310242,0.7657595276832581,0.055762130767107,0.9919456243515016,0.5455144643783569,0.8509383797645569,0.1946135461330413,0.9903109669685364,0.5115048289299011,0.842689037322998,0.1990430057048797,0.9903839230537416,0.5418311953544617,0.8572044968605042,0.2048189043998718,0.9285721778869628,0.5147332549095154,0.8532474637031555,0.2094462215900421,0.9261628985404968,0.5512493252754211,0.8992924094200134,0.1392140537500381,0.984419584274292,0.4954325258731842,0.8810375928878784,0.1426447480916977,0.9835375547409058
0.5267052054405212,0.4500810801982879,-0.2050831913948059,0.9999829530715942,0.5300891399383545,0.4409880936145782,-0.1951242834329605,0.9999489784240724,0.5326935648918152,0.4414264559745788,-0.1951300799846649,0.9999484419822692,0.5344250798225403,0.441684752702713,-0.1951208561658859,0.9999465346336364,0.5223897695541382,0.4399654865264892,-0.1960484981536865,0.9999358654022216,0.5196583271026611,0.4401766955852508,-0.1960490494966507,0.9999284744262696,0.5171975493431091,0.4404032528400421,-0.1960487365722656,0.9999101758003236,0.5367202758789062,0.4460430443286896,-0.1265071779489517,0.9999111890792848,0.5140888690948486,0.4457455575466156,-0.1319901049137115,0.999814510345459,0.5308377146720886,0.4630811810493469,-0.1787637770175933,0.9999787211418152,0.5213235020637512,0.4632226228713989,-0.1802818924188614,0.9999685883522034,0.5585923790931702,0.5107209086418152,-0.0849338620901107,0.9999731183052064,0.4962342977523803,0.5141867995262146,-0.0820220559835434,0.9998066425323486,0.5687577128410339,0.5898969769477844,-0.053557526320219,0.9880526065826416,0.4898342490196228,0.5876548290252686,-0.0733476653695106,0.890481173992157,0.5701342225074768,0.6639691591262817,-0.1109706982970237,0.983094036579132,0.504968523979187,0.6495842933654785,-0.1470219492912292,0.8075186610221863,0.5732061862945557,0.6879844665527344,-0.1311882585287094,0.9683464169502258,0.5056855082511902,0.6692487001419067,-0.1689987033605575,0.7650134563446045,0.5672537088394165,0.6876943707466125,-0.1518678367137909,0.9696834683418274,0.5103784799575806,0.6640083193778992,-0.1885894834995269,0.7709389925003052,0.5650944113731384,0.6817708611488342,-0.1196028813719749,0.9628742933273317,0.5112673044204712,0.657914936542511,-0.1570368111133575,0.758182942867279,0.5517682433128357,0.667941689491272,-0.0014080031542107,0.9998898506164552,0.5177354216575623,0.6682995557785034,0.0013903869548812,0.9998754262924194,0.5502675175666809,0.7730377316474915,0.051757201552391,0.9933003783226012,0.5154527425765991,0.7652873992919922,0.0583326332271099,0.9919512271881104,0.5455930829048157,0.8510713577270508,0.1968753188848495,0.9902961254119872,0.5114859938621521,0.8422604203224182,0.2046073377132415,0.9904001951217652,0.5418698191642761,0.8574140667915344,0.2071833163499832,0.9286932349205016,0.5147446990013123,0.8532418012619019,0.2153109759092331,0.9260416030883788,0.5512966513633728,0.8992927670478821,0.1398523598909378,0.984429895877838,0.495417058467865,0.8810444474220276,0.1489860117435455,0.9836050868034364
0.5261653065681458,0.4505751132965088,-0.2128671705722808,0.9999828338623048,0.5295482873916626,0.4413378834724426,-0.2031072080135345,0.9999483227729796,0.5321792960166931,0.44172403216362,-0.2031071335077285,0.999948024749756,0.5339738726615906,0.441927433013916,-0.2031021267175674,0.999946117401123,0.5217745900154114,0.4405012130737304,-0.2039895951747894,0.9999343752861024,0.5190160274505615,0.4407840371131897,-0.2039923071861267,0.9999268651008606,0.5166809558868408,0.4410199820995331,-0.2039910852909088,0.999907374382019,0.5362730026245117,0.4461662471294403,-0.1342839300632476,0.9999111890792848,0.513583242893219,0.4464097619056701,-0.1396997570991516,0.9998090863227844,0.530479371547699,0.4633924067020416,-0.186357706785202,0.99997878074646,0.5208805203437805,0.4635913372039795,-0.1878711134195327,0.9999679327011108,0.5585823059082031,0.5107587575912476,-0.0902382805943489,0.9999739527702332,0.4961878359317779,0.5141479969024658,-0.0891762897372245,0.9997985363006592,0.5689056515693665,0.5900535583496094,-0.0558685809373855,0.9883847832679749,0.4902047216892242,0.5872882008552551,-0.0777904242277145,0.8870203495025635,0.5706644654273987,0.6639931201934814,-0.1103248447179794,0.9836214184761048,0.5048961043357849,0.6494131684303284,-0.1490940153598785,0.8010522127151489,0.5739267468452454,0.687982976436615,-0.1301675587892532,0.9691205024719238,0.5058764219284058,0.6687979698181152,-0.1710319072008133,0.7585763931274414,0.5678812861442566,0.6877276301383972,-0.1503660827875137,0.970464527606964,0.510458767414093,0.664150595664978,-0.1895228326320648,0.7647911906242371,0.5656706690788269,0.6817770600318909,-0.1187815740704536,0.9637590050697328,0.5113515853881836,0.6573454737663269,-0.1586744636297226,0.7516810297966003,0.551786482334137,0.6675683259963989,-0.0013266458408907,0.9998910427093506,0.5177002549171448,0.6681540012359619,0.001308629871346,0.9998738765716552,0.5503339767456055,0.7726640701293945,0.0516267605125904,0.993294894695282,0.5156709551811218,0.7646926641464233,0.0586256124079227,0.991945743560791,0.5456435084342957,0.8509522080421448,0.1977584511041641,0.990297555923462,0.5114710330963135,0.8418019413948059,0.2069902122020721,0.990421175956726,0.5419406890869141,0.8573627471923828,0.2082246989011764,0.9288002252578736,0.5147518515586853,0.8530411124229431,0.2179644405841827,0.9253820776939392,0.551303505897522,0.8992823362350464,0.140313521027565,0.9844561219215392,0.4954551458358764,0.8810824751853943,0.1514312773942947,0.9836735725402832
0.52569580078125,0.4508735239505768,-0.216020792722702,0.9999817609786988,0.5291381478309631,0.4415057599544525,-0.2064451426267624,0.9999454021453856,0.5317813754081726,0.4418706893920898,-0.2064486891031265,0.9999454617500304,0.5336224436759949,0.4420577585697174,-0.2064526081085205,0.9999438524246216,0.5213540196418762,0.4407431781291961,-0.2071268707513809,0.9999291896820068,0.5185928344726562,0.4410375654697418,-0.2071263194084167,0.9999207258224488,0.5163213014602661,0.4412736892700195,-0.2071236819028854,0.9998983144760132,0.535897970199585,0.4462538063526153,-0.1371108144521713,0.999908447265625,0.5132524967193604,0.4466369748115539,-0.1418248116970062,0.9997878670692444,0.530076801776886,0.463604986667633,-0.1891909539699554,0.9999778270721436,0.5204542279243469,0.4638140201568603,-0.1905128508806228,0.9999651312828064,0.5585676431655884,0.5106457471847534,-0.0929968506097793,0.9999744296073914,0.4961479902267456,0.5142766237258911,-0.0887680724263191,0.9997737407684326,0.5691916942596436,0.5901309847831726,-0.058617927134037,0.9886391758918762,0.4944214522838592,0.5904759168624878,-0.0785437077283859,0.8750585317611694,0.5709450244903564,0.6639755368232727,-0.1100076809525489,0.9839098453521729,0.504672110080719,0.6459122896194458,-0.150342658162117,0.7833788990974426,0.5743981599807739,0.687882661819458,-0.1295583248138427,0.9694538712501526,0.5058724284172058,0.6664719581604004,-0.1719158291816711,0.742716372013092,0.5683229565620422,0.6876842379570007,-0.1495709717273712,0.9708405137062072,0.5103814601898193,0.6634805798530579,-0.1922421753406524,0.7494813799858093,0.5660574436187744,0.6817325353622437,-0.1183398216962814,0.9641366004943848,0.5112482309341431,0.6559197902679443,-0.1607033908367157,0.7356250882148743,0.551793098449707,0.6674742102622986,-0.0012471122900024,0.9998910427093506,0.5176636576652527,0.6680924296379089,0.0012308923760429,0.9998687505722046,0.5503759980201721,0.7725709676742554,0.0510341711342334,0.9931516647338868,0.5158445239067078,0.7642955183982849,0.0585392899811267,0.9918320178985596,0.5456533432006836,0.8508622050285339,0.1981566101312637,0.9901567697525024,0.5114520192146301,0.8416699171066284,0.2078351080417633,0.9903270602226256,0.5419468283653259,0.8573124408721924,0.2088842242956161,0.9287394881248474,0.5147489309310913,0.8528645634651184,0.2190332114696502,0.9239504337310792,0.5513126850128174,0.8992683291435242,0.1405083388090133,0.9842923283576964,0.4955067634582519,0.8814611434936523,0.1520866453647613,0.9835270047187804
0.5253159403800964,0.4508693516254425,-0.2169996351003646,0.9999810457229614,0.5288344621658325,0.4414609372615814,-0.2075220793485641,0.999943196773529,0.5315257906913757,0.4418355524539947,-0.2075237184762954,0.9999434351921082,0.5333815813064575,0.4420347213745117,-0.2075266540050506,0.9999419450759888,0.521018385887146,0.4406999051570892,-0.2081311196088791,0.9999255537986756,0.5182314515113831,0.4409814476966858,-0.2081318497657776,0.9999165534973145,0.516020655632019,0.4412221610546112,-0.2081299424171447,0.9998921751976012,0.5357303023338318,0.4462579488754272,-0.1388150751590728,0.99990576505661,0.5130656361579895,0.4465974569320678,-0.1431419253349304,0.9997740387916564,0.5297057032585144,0.4636589586734772,-0.1904227584600448,0.9999771118164062,0.5200861692428589,0.4638693630695343,-0.1916287988424301,0.9999632239341736,0.5585337281227112,0.510589063167572,-0.0942359715700149,0.9999746680259703,0.4961147904396057,0.514258086681366,-0.0905861109495163,0.9997581839561462,0.5693475008010864,0.5901777148246765,-0.0592141188681125,0.988804042339325,0.4961776733398437,0.5927988886833191,-0.0797044709324836,0.8663814663887024,0.5711239576339722,0.6639763116836548,-0.1093804910778999,0.9840685129165648,0.5056255459785461,0.6445821523666382,-0.1510222256183624,0.7710363268852234,0.5747577548027039,0.6877582669258118,-0.1279926002025604,0.9695873856544496,0.5061783790588379,0.6655759215354919,-0.1726940721273422,0.7314411401748657,0.5686353445053101,0.6876172423362732,-0.1484435349702835,0.9710153937339784,0.5105145573616028,0.663404643535614,-0.1923312842845916,0.7386146783828735,0.5663382411003113,0.6816659569740295,-0.1176792085170745,0.9643088579177856,0.5113885998725891,0.6552727818489075,-0.1610431522130966,0.7242282032966614,0.5517703890800476,0.6674748063087463,-0.0011027109576389,0.9998918175697328,0.5176407098770142,0.6680909395217896,0.0010860768379643,0.9998657703399658,0.550420880317688,0.7724418640136719,0.0494113229215145,0.993087649345398,0.5159277319908142,0.7640360593795776,0.058564219623804,0.9917904734611512,0.5456715822219849,0.8507921099662781,0.1979920268058776,0.9901065826416016,0.5114380121231079,0.8416391015052795,0.2083516716957092,0.9903411865234376,0.5419579148292542,0.857293963432312,0.208406388759613,0.9289304614067078,0.5147466659545898,0.8528345823287964,0.2195760905742645,0.9232599139213562,0.5513249635696411,0.8992516994476318,0.1391849815845489,0.984236180782318,0.4955008924007416,0.8817508220672607,0.153075560927391,0.9835661053657532
0.5250626802444458,0.4509165585041046,-0.2130865305662155,0.9999803900718688,0.5286262035369873,0.4414642453193664,-0.2035860121250152,0.9999414682388306,0.5313432812690735,0.441832035779953,-0.2035829126834869,0.999941885471344,0.5332069993019104,0.4420299828052521,-0.2035764157772064,0.9999405741691588,0.5207979679107666,0.4407760500907898,-0.2042420804500579,0.9999227523803712,0.5179973244667053,0.4410894215106964,-0.2042464613914489,0.9999131560325624,0.5158237814903259,0.4413370192050934,-0.2042463719844818,0.9998871684074402,0.5356231331825256,0.4462799429893493,-0.1373607218265533,0.9999041557312012,0.5129048228263855,0.4467522501945495,-0.1421748250722885,0.9997617602348328,0.5294504761695862,0.4637448191642761,-0.1873800307512283,0.9999764561653136,0.5198249220848083,0.4639927744865417,-0.1886463910341262,0.9999613761901855,0.5585049390792847,0.5106161832809448,-0.0932360738515853,0.9999749064445496,0.4960356950759887,0.5146379470825195,-0.0863549709320068,0.9997421503067015,0.5694333910942078,0.5902640223503113,-0.0568975955247879,0.9889505505561828,0.4966544210910797,0.5939345359802246,-0.0776112452149391,0.8554057478904724,0.5712903141975403,0.6640230417251587,-0.1046468392014503,0.9841979146003724,0.5064015984535217,0.6424432992935181,-0.1516681760549545,0.7572934627532959,0.5750682353973389,0.6877776384353638,-0.1227644234895706,0.9697275161743164,0.5067139863967896,0.6648321747779846,-0.1734787821769714,0.7196868658065796,0.5688813328742981,0.6876382827758789,-0.1431399285793304,0.9711957573890686,0.5109507441520691,0.6632598638534546,-0.1934277862310409,0.7273003458976746,0.5665330290794373,0.6816818118095398,-0.1127827167510986,0.9644685983657836,0.5117838978767395,0.6546617746353149,-0.1619315594434738,0.7121400833129883,0.551851212978363,0.6676037311553955,-0.0011115858796983,0.999891996383667,0.5178127288818359,0.6685584187507629,0.0010936248581856,0.99986332654953,0.5504723787307739,0.7723524570465088,0.0488706454634666,0.9930025339126588,0.5159568190574646,0.7640599012374878,0.0574960447847843,0.9917386174201964,0.5456971526145935,0.8507477045059204,0.1971007883548736,0.9900163412094116,0.5114334225654602,0.8415902256965637,0.2060881555080413,0.9903457164764404,0.5419827699661255,0.8572834730148315,0.2074118107557296,0.928981602191925,0.5147787928581238,0.8528018593788147,0.2171561121940612,0.9227121472358704,0.5513302683830261,0.8992071151733398,0.1389197558164596,0.9841465950012208,0.4954948723316192,0.8819664716720581,0.1501622945070266,0.9835765957832336
0.5250580906867981,0.4508916735649109,-0.2114331424236297,0.99997878074646,0.5286048650741577,0.4414250552654266,-0.2010572403669357,0.9999366402626038,0.5313388705253601,0.4417990148067474,-0.2010724246501922,0.9999376535415648,0.5331756472587585,0.4420108795166015,-0.2010741531848907,0.9999365210533142,0.5207613706588745,0.4407405257225036,-0.2017312794923782,0.9999149441719056,0.5179917812347412,0.4410536289215088,-0.2017291039228439,0.9999045729637146,0.5157625079154968,0.4413220584392547,-0.2017347812652588,0.9998749494552612,0.5357083678245544,0.4462768733501434,-0.1322406679391861,0.9998977184295654,0.5129565000534058,0.4468370378017425,-0.1362756192684173,0.9997300505638124,0.5294960141181946,0.4637381434440613,-0.1850171834230423,0.99997478723526,0.5198501944541931,0.4639925360679626,-0.1861019134521484,0.9999569058418274,0.5586071014404297,0.5106400847434998,-0.0895545408129692,0.9999749660491944,0.4960814118385315,0.516074001789093,-0.0837488323450088,0.9997175931930542,0.569593071937561,0.5903200507164001,-0.0552235729992389,0.988990068435669,0.4993516802787781,0.5971015691757202,-0.0727643519639968,0.8442420959472656,0.5712850093841553,0.6640456914901733,-0.1043671518564224,0.984168827533722,0.5083075165748596,0.6465588212013245,-0.14609295129776,0.7411335706710815,0.5750645995140076,0.6877507567405701,-0.1228251978754997,0.9696005582809448,0.5080400705337524,0.6686311364173889,-0.1681425124406814,0.7054115533828735,0.5688740611076355,0.6876558661460876,-0.1431241184473037,0.9711341857910156,0.5120230913162231,0.667367160320282,-0.188291311264038,0.7134911417961121,0.5665232539176941,0.6816945672035217,-0.1125513166189193,0.9643552303314208,0.5142195820808411,0.6584887504577637,-0.1563156992197036,0.6978654861450195,0.5519727468490601,0.6681076884269714,-0.0011176692787557,0.9998922944068908,0.5179831981658936,0.6691970825195312,0.0011006027925759,0.9998602271080016,0.5504751205444336,0.7722506523132324,0.0488402470946311,0.9927434921264648,0.5159696936607361,0.7640879154205322,0.0575477816164493,0.991521179676056,0.5457783937454224,0.8507785797119141,0.1975032836198806,0.9897071719169616,0.5114182829856873,0.8412169218063354,0.2068226486444473,0.9900673031806946,0.5421594977378845,0.8573627471923828,0.208143725991249,0.9276617169380188,0.5147883892059326,0.8525628447532654,0.2180144190788269,0.9205805659294128,0.5512821674346924,0.8991984724998474,0.1393976807594299,0.9837456345558168,0.495526522397995,0.8818538784980774,0.1511569172143936,0.9831823110580444
0.5250979661941528,0.4508325755596161,-0.2120448946952819,0.999977707862854,0.5286740064620972,0.4413670301437378,-0.2016465663909912,0.999933421611786,0.5314093828201294,0.4417119026184082,-0.2016578614711761,0.9999347925186156,0.5332432985305786,0.4419377148151397,-0.2016579061746597,0.9999338388442992,0.5207826495170593,0.4406770765781402,-0.2023725509643554,0.999909520149231,0.5180264711380005,0.4409623742103576,-0.2023719698190689,0.9998987317085266,0.5157550573348999,0.4412707686424255,-0.2023757398128509,0.999866545200348,0.5357621908187866,0.4462389945983886,-0.1320173293352127,0.9998931288719176,0.5130065083503723,0.4468159079551697,-0.1362837851047516,0.99970680475235,0.5295470952987671,0.4637316465377807,-0.1854223757982254,0.9999737739562988,0.5198932886123657,0.463983803987503,-0.1866170912981033,0.9999538064002992,0.5588928461074829,0.5105795860290527,-0.0894112884998321,0.9999750256538392,0.4960942566394806,0.5175686478614807,-0.0854038670659065,0.9996989369392396,0.569737434387207,0.5903412103652954,-0.0553552992641925,0.9889542460441588,0.4978202581405639,0.5960490703582764,-0.0733380541205406,0.8338367938995361,0.5713350176811218,0.6642701029777527,-0.104604385793209,0.9839785695075988,0.5093050599098206,0.6487001776695251,-0.1448574364185333,0.7241718173027039,0.5750194787979126,0.6877748370170593,-0.1232094541192054,0.9691353440284728,0.508726179599762,0.6706104874610901,-0.1667786389589309,0.6898084878921509,0.5688610076904297,0.687771201133728,-0.1438757330179214,0.9707559943199158,0.5137264728546143,0.6692513823509216,-0.1871838122606277,0.6983650326728821,0.5665374994277954,0.6818139553070068,-0.1129732802510261,0.9638819098472596,0.5153074264526367,0.6605033874511719,-0.15509894490242,0.6825072765350342,0.5523099303245544,0.6682810187339783,-0.0010715787066146,0.9998926520347596,0.5184273719787598,0.6697591543197632,0.001058833557181,0.9998578429222108,0.5505282878875732,0.7720429301261902,0.0488478504121303,0.9925243258476256,0.516004741191864,0.7642714381217957,0.0574054196476936,0.9913710355758668,0.5459110736846924,0.8507605195045471,0.2024818211793899,0.9893959164619446,0.5114138126373291,0.8405002951622009,0.2096131891012191,0.989852011203766,0.5424139499664307,0.8573644757270813,0.213832676410675,0.9264973402023317,0.5148455500602722,0.8519923686981201,0.2211831510066986,0.9186519384384156,0.5512655377388,0.8992000222206116,0.1442328244447708,0.98336923122406,0.4955163300037384,0.8816396594047546,0.153386652469635,0.9829058051109314
0.5251324772834778,0.4508690237998962,-0.2183118313550949,0.9999772310256958,0.5287217497825623,0.4413420855998993,-0.2076597362756729,0.999931812286377,0.5314579606056213,0.4416844546794891,-0.2076673358678817,0.9999332427978516,0.5332885980606079,0.4419170320034027,-0.2076652646064758,0.9999322891235352,0.5207716822624207,0.4407152533531189,-0.2088630646467209,0.9999069571495056,0.518020510673523,0.4410581588745117,-0.2088665813207626,0.9998959898948668,0.5157395601272583,0.4414061903953552,-0.2088722884654998,0.9998626112937928,0.5359485745429993,0.4462496638298034,-0.1352926939725875,0.9998899698257446,0.5130399465560913,0.4470563232898712,-0.1416103243827819,0.9996966123580932,0.529560923576355,0.4637804627418518,-0.1906309276819229,0.9999734163284302,0.5199244022369385,0.464104026556015,-0.192444235086441,0.9999526143074036,0.5591651797294617,0.5106473565101624,-0.0892515480518341,0.9999752044677734,0.4961027503013611,0.51851487159729,-0.092558279633522,0.999690055847168,0.5698193311691284,0.5906264781951904,-0.0547472685575485,0.9887145757675172,0.4971628189086914,0.5957410931587219,-0.0819297358393669,0.8294313549995422,0.5713211297988892,0.6643267869949341,-0.1047429144382476,0.9835795164108276,0.5102006793022156,0.6506672501564026,-0.1529325395822525,0.7126721739768982,0.5749761462211609,0.6877866983413696,-0.1233765631914138,0.9683087468147278,0.5101796388626099,0.671848714351654,-0.1757477670907974,0.6782481670379639,0.5688453912734985,0.6877774000167847,-0.1441443562507629,0.9700369238853456,0.5150459408760071,0.6702863574028015,-0.1957333236932754,0.6870911717414856,0.5665284395217896,0.6818203926086426,-0.1130528971552848,0.9629755020141602,0.5163228511810303,0.6617141366004944,-0.1629043221473693,0.670526921749115,0.5525431036949158,0.6688747406005859,-1.6340705997208715e-06,0.999894678592682,0.5185355544090271,0.6705423593521118,2.4160715383914062e-06,0.9998575448989868,0.5505604147911072,0.7720416784286499,0.0465986169874668,0.992412805557251,0.5160009264945984,0.7646870613098145,0.0574470572173595,0.9912421703338624,0.5460590720176697,0.8507605791091919,0.2018006145954132,0.9891642332077026,0.5113632678985596,0.8399001359939575,0.2196712046861648,0.9896625876426696,0.5426579117774963,0.8574007749557495,0.2132560908794403,0.9257771372795104,0.5148259997367859,0.8513094782829285,0.2322541028261184,0.91661536693573,0.5512781739234924,0.8993368148803711,0.1430785208940506,0.9831775426864624,0.4955164790153503,0.8816379308700562,0.1627372056245803,0.98273104429245
0.5252475142478943,0.450835108757019,-0.2195874601602554,0.9999761581420898,0.5289614796638489,0.4412707984447479,-0.2088588625192642,0.9999293684959412,0.5315471887588501,0.4416112601757049,-0.2088692635297775,0.9999309182167052,0.5334718227386475,0.4418833553791046,-0.2088728100061416,0.999930202960968,0.5208903551101685,0.4405957758426666,-0.2098848819732666,0.9999027252197266,0.5182625651359558,0.4408650994300842,-0.2098879814147949,0.9998912215232848,0.5158374905586243,0.4412447214126587,-0.2098948210477829,0.9998559951782228,0.5365193486213684,0.4462564885616302,-0.135976493358612,0.9998867511749268,0.513228178024292,0.4469946324825287,-0.1418172866106033,0.999680519104004,0.5296493768692017,0.4637938439846039,-0.1917486637830734,0.9999727606773376,0.520037829875946,0.4640982151031494,-0.1934019178152084,0.9999507665634156,0.5596222281455994,0.5109824538230896,-0.0899399667978286,0.9999752640724182,0.4961399137973785,0.5182757377624512,-0.0914173498749733,0.999670386314392,0.5701372623443604,0.5911376476287842,-0.0570398680865764,0.9884698390960692,0.4967063367366791,0.5956875681877136,-0.0844712778925895,0.8200951814651489,0.5713411569595337,0.664474606513977,-0.1111063510179519,0.9830512404441832,0.5101373791694641,0.6503508687019348,-0.1645078808069229,0.6977563500404358,0.574932336807251,0.6877950429916382,-0.130629226565361,0.9673436880111694,0.5097833275794983,0.6713764667510986,-0.1883684694766998,0.6650230884552002,0.5688086748123169,0.6877884864807129,-0.151498332619667,0.9691836833953856,0.5145655274391174,0.669573187828064,-0.2079307585954666,0.674250066280365,0.5665109157562256,0.6818313002586365,-0.1196440607309341,0.9618861079216005,0.5163816213607788,0.6610308289527893,-0.174580842256546,0.6570661664009094,0.5525708794593811,0.6690488457679749,0.0001449002302251,0.9998971223831176,0.5185195207595825,0.6707193851470947,-0.0001430224074283,0.99985671043396,0.5505437254905701,0.7721315622329712,0.0454628616571426,0.992346465587616,0.515963613986969,0.7649227976799011,0.0593578778207302,0.9910920262336732,0.5461527705192566,0.8507615327835083,0.203949749469757,0.988997519016266,0.5112927556037903,0.838674008846283,0.2283852398395538,0.989433765411377,0.5428021550178528,0.8574059009552002,0.2158613353967666,0.9250943064689636,0.514706552028656,0.8499857783317566,0.2415312081575393,0.9143487215042114,0.5512788891792297,0.8994686007499695,0.1438705176115036,0.9830161333084106,0.4955179393291473,0.8815469145774841,0.1720974296331405,0.9824976325035096
0.5255722999572754,0.4508233666419983,-0.225127175450325,0.9999753832817078,0.5295737385749817,0.441254198551178,-0.2145130187273025,0.9999277591705322,0.5319263339042664,0.4415898621082306,-0.2145208865404129,0.9999292492866516,0.5342093110084534,0.4418696165084839,-0.2145258635282516,0.9999287128448486,0.521259605884552,0.440575897693634,-0.2157597243785858,0.999899923801422,0.5186828970909119,0.4408424794673919,-0.2157649546861648,0.999888241291046,0.5161659717559814,0.441222220659256,-0.2157725691795349,0.9998522400856018,0.5375844836235046,0.4463159739971161,-0.1409561783075332,0.9998842477798462,0.5135735273361206,0.4469809234142303,-0.1478351056575775,0.9996726512908936,0.5300508737564087,0.4638171195983886,-0.1969123631715774,0.999972403049469,0.5204037427902222,0.4640989899635315,-0.1988743841648101,0.999949872493744,0.5603458285331726,0.5112560987472534,-0.0925967544317245,0.999975323677063,0.4962317645549774,0.5183209180831909,-0.0965130478143692,0.9996606111526488,0.5702508687973022,0.5919873118400574,-0.0581578090786933,0.988134264945984,0.4962824285030365,0.5952312350273132,-0.0884156301617622,0.8154592514038086,0.571327269077301,0.6648264527320862,-0.1120336577296257,0.9823356866836548,0.510089099407196,0.6500482559204102,-0.165888026356697,0.6870108842849731,0.5749097466468811,0.6879485249519348,-0.1315703839063644,0.9660671949386596,0.5095809102058411,0.6710684895515442,-0.1896184831857681,0.6549319624900818,0.5687848329544067,0.6878804564476013,-0.1524656563997268,0.968020796775818,0.514877200126648,0.669326663017273,-0.2089666426181793,0.6643713116645813,0.5664976835250854,0.6818763613700867,-0.1206426322460174,0.9604756236076356,0.5163980722427368,0.6608259081840515,-0.175765261054039,0.6464697122573853,0.5525596141815186,0.6693236231803894,0.0005155255203135,0.9998997449874878,0.5184940099716187,0.6707412600517273,-0.0005142294685356,0.9998565316200256,0.5504558086395264,0.7723795175552368,0.0457289442420005,0.9923123717308044,0.5158851742744446,0.7650440335273743,0.0626867935061454,0.991024613380432,0.5461804270744324,0.8507558703422546,0.2074495702981948,0.9888570308685304,0.511282205581665,0.8374565839767456,0.2349770069122314,0.9892560839653016,0.542851448059082,0.8573983311653137,0.2196489721536636,0.9244511127471924,0.5147015452384949,0.8489189147949219,0.2485760897397995,0.9124327898025512,0.5512294173240662,0.8996371030807495,0.1473211944103241,0.9828919172286988,0.4955318868160248,0.8813890814781189,0.1799260675907135,0.9823526740074158
0.525765061378479,0.4506619870662689,-0.2278979420661926,0.9999750256538392,0.5301892161369324,0.44106525182724,-0.2175046354532241,0.999926745891571,0.5324190855026245,0.4414307475090027,-0.2175086438655853,0.9999281764030457,0.5350500345230103,0.4417518973350525,-0.2175111770629882,0.999927580356598,0.5215190052986145,0.4402979612350464,-0.2183830589056015,0.9998985528945924,0.5189799070358276,0.4404126405715942,-0.2183896154165268,0.9998869299888612,0.5164916515350342,0.4406684935092926,-0.2183983027935028,0.9998509287834167,0.5385844707489014,0.4463116526603699,-0.1451744735240936,0.9998819231987,0.5139930248260498,0.4465082287788391,-0.1505122631788253,0.999671459197998,0.5302424430847168,0.4637976586818695,-0.2001691162586212,0.9999722838401794,0.5205990672111511,0.4639960527420044,-0.2016817927360534,0.9999500513076782,0.5611240267753601,0.5114825963973999,-0.0966943204402923,0.9999752044677734,0.4963284432888031,0.5181917548179626,-0.0987530797719955,0.9996639490127563,0.5702703595161438,0.5925431251525879,-0.0616781078279018,0.9879923462867736,0.4960202872753143,0.5950225591659546,-0.0872714668512344,0.8159814476966858,0.5708481669425964,0.6650549173355103,-0.1147882640361785,0.9818304181098938,0.5099690556526184,0.6503232717514038,-0.1634391397237777,0.6837450861930847,0.5743518471717834,0.688215970993042,-0.1345606744289398,0.965093433856964,0.5093919634819031,0.6711217164993286,-0.1864595264196396,0.6509504914283752,0.5681062936782837,0.687957227230072,-0.1550337821245193,0.9671028852462769,0.5147873759269714,0.6691650152206421,-0.2056023627519607,0.6604076623916626,0.565761923789978,0.6819036602973938,-0.1232483014464378,0.9593714475631714,0.5162916779518127,0.6607470512390137,-0.1733309626579284,0.6420161128044128,0.5525360703468323,0.6693328022956848,0.000670127919875,0.9999023079872132,0.518229067325592,0.6706556677818298,-0.0006733426707796,0.999858260154724,0.5503193736076355,0.7723621129989624,0.0475650019943714,0.9923434257507324,0.5157569646835327,0.7650550007820129,0.0631984397768974,0.9911258816719056,0.5461875200271606,0.8506959080696106,0.2110658138990402,0.988860249519348,0.511277973651886,0.8370858430862427,0.2324552834033966,0.9892630577087402,0.5428579449653625,0.857385516166687,0.2232981324195861,0.9242982268333436,0.5147373676300049,0.8485885858535767,0.2457001358270645,0.9115960001945496,0.5512030124664307,0.89975506067276,0.1516145765781402,0.982933521270752,0.4955370724201202,0.8813747763633728,0.177076369524002,0.9824427366256714
0.5264942646026611,0.4504092335700989,-0.2340615391731262,0.999973475933075,0.5311539769172668,0.4408584535121918,-0.2237957119941711,0.9999223351478576,0.5334296822547913,0.44129678606987,-0.2237997502088546,0.9999238848686218,0.5362926125526428,0.441680371761322,-0.2238055318593979,0.999923288822174,0.5226291418075562,0.4398224949836731,-0.2243898510932922,0.9998924732208252,0.5198912024497986,0.4397650063037872,-0.2243999540805816,0.9998807311058044,0.5176006555557251,0.4398105144500732,-0.2244134843349456,0.9998438954353333,0.5400281548500061,0.4463323950767517,-0.1520011723041534,0.9998736381530762,0.5147514939308167,0.4456749260425567,-0.1559783667325973,0.9996565580368042,0.5307025909423828,0.4637549221515655,-0.2065217941999435,0.9999710321426392,0.5211716890335083,0.463771253824234,-0.2076576799154281,0.9999483823776244,0.5616340041160583,0.5126359462738037,-0.1040806323289871,0.9999744296073914,0.4965061247348785,0.5180188417434692,-0.1019983738660812,0.9996635317802428,0.570216715335846,0.5947837829589844,-0.0688137039542198,0.9876248240470886,0.4980633556842804,0.5961459279060364,-0.0862236022949218,0.8154942989349365,0.5704917311668396,0.6676371097564697,-0.1201837509870529,0.9805925488471984,0.5098880529403687,0.6501301527023315,-0.1521150767803192,0.6788846850395203,0.573680579662323,0.6903144121170044,-0.1398413032293319,0.9629334211349488,0.5092655420303345,0.6713333129882812,-0.1737967282533645,0.6452125906944275,0.5678874254226685,0.6900603175163269,-0.1599951088428497,0.965038001537323,0.5136587619781494,0.6694301962852478,-0.1943429559469223,0.654788613319397,0.5655933618545532,0.6833975911140442,-0.1285261660814285,0.9569615721702576,0.5162718892097473,0.6609362959861755,-0.1621331125497818,0.6361814737319946,0.5525309443473816,0.669356644153595,0.0006329194293357,0.9999038577079772,0.5181190967559814,0.6705931425094604,-0.0006350394687615,0.999857783317566,0.5501328706741333,0.7725639939308167,0.0465946458280086,0.9923527836799622,0.5155624747276306,0.7654885649681091,0.0629599317908287,0.9911866784095764,0.5461898446083069,0.8508841395378113,0.2112048268318176,0.9888576865196228,0.5111773610115051,0.8369797468185425,0.2333652824163437,0.9892516136169434,0.5428733229637146,0.8575085401535034,0.2236420810222625,0.9237488508224488,0.514673113822937,0.8482595682144165,0.2468433231115341,0.910740315914154,0.5511573553085327,0.900033175945282,0.1516742408275604,0.9829328656196594,0.4955138564109802,0.8813732862472534,0.1778010874986648,0.9825212955474854
0.5275958180427551,0.4499887526035309,-0.2291493862867355,0.9999720454216005,0.532180666923523,0.4406594038009643,-0.2187307476997375,0.9999183416366576,0.5347179770469666,0.4411596059799194,-0.2187364995479583,0.999919891357422,0.537526547908783,0.4416141510009765,-0.218741625547409,0.9999194741249084,0.524039626121521,0.4395075738430023,-0.2193472236394882,0.999886989593506,0.5211876630783081,0.4393931627273559,-0.2193542271852493,0.9998745918273926,0.5188801288604736,0.4393625855445862,-0.2193665206432342,0.9998372197151184,0.5412681698799133,0.4463843107223511,-0.1471998840570449,0.9998669028282166,0.5154682397842407,0.4451966285705566,-0.1513615697622299,0.999640941619873,0.5314457416534424,0.463621973991394,-0.2017650604248047,0.9999700784683228,0.5220458507537842,0.4634855687618255,-0.2029002755880355,0.9999471306800842,0.5619102716445923,0.5133737921714783,-0.1014810428023338,0.999974012374878,0.4966396689414978,0.5176783204078674,-0.0990816876292228,0.9996616840362548,0.569962203502655,0.5957258343696594,-0.0689252465963363,0.9873318672180176,0.4976167380809784,0.5951094031333923,-0.0828198492527008,0.8144247531890869,0.5694677829742432,0.6684826016426086,-0.1217591017484664,0.9798377156257628,0.5091240406036377,0.650246798992157,-0.1500988900661468,0.6770263910293579,0.5723163485527039,0.6913512945175171,-0.1418863981962204,0.9617513418197632,0.5081380009651184,0.6717389225959778,-0.172204241156578,0.642727792263031,0.566848874092102,0.690832793712616,-0.1619907021522522,0.9638969898223876,0.5121192336082458,0.6695815324783325,-0.1925992518663406,0.6524726152420044,0.5646601915359497,0.6840640306472778,-0.1301343888044357,0.9555333256721495,0.5141793489456177,0.6612154841423035,-0.1601486802101135,0.6337050199508667,0.5523397922515869,0.6695203185081482,0.0001633795036468,0.9999057054519652,0.5177610516548157,0.670592188835144,-0.0001713216915959,0.9998576045036316,0.5500032901763916,0.7727745175361633,0.0403449609875679,0.9925068616867064,0.5150127410888672,0.7664445638656616,0.064444862306118,0.9912371039390564,0.5461947917938232,0.850999116897583,0.2072424292564392,0.9889904260635376,0.511117696762085,0.8369649052619934,0.2384122908115387,0.9893113970756532,0.542890191078186,0.8575671315193176,0.2202923893928527,0.9232284426689148,0.5146653056144714,0.8480039834976196,0.2521992921829223,0.9105455875396729,0.5511465668678284,0.9003108739852905,0.1454808413982391,0.9831369519233704,0.4954226911067962,0.8813731074333191,0.1837857663631439,0.9827634692192078
0.529343843460083,0.4495897591114044,-0.2295557707548141,0.9999719858169556,0.5336201190948486,0.4403997957706451,-0.2188395857810974,0.9999183416366576,0.5363944172859192,0.4410043656826019,-0.2188406139612198,0.9999196529388428,0.538934588432312,0.4415598809719085,-0.2188405990600586,0.9999189376831056,0.5259432196617126,0.4390019476413727,-0.2198036462068557,0.999888002872467,0.5231208205223083,0.4388400912284851,-0.2198134064674377,0.9998758435249328,0.5207109451293945,0.4387952983379364,-0.2198265641927719,0.9998398423194884,0.5424706339836121,0.4464703500270843,-0.1470062136650085,0.9998648166656494,0.5167626142501831,0.4447530210018158,-0.1526342779397964,0.9996486306190492,0.532749354839325,0.463463693857193,-0.202181801199913,0.9999703764915466,0.5234683752059937,0.4631045460700989,-0.2037816196680069,0.9999486207962036,0.5623287558555603,0.5144646763801575,-0.1018310710787773,0.9999734163284302,0.4971404075622558,0.5176265835762024,-0.1015632152557373,0.9996712803840636,0.5697553157806396,0.5967573523521423,-0.071313701570034,0.9870412945747375,0.4975880086421966,0.5949209332466125,-0.086854837834835,0.8215553760528564,0.5682055950164795,0.6694881319999695,-0.1265819221735,0.9792718887329102,0.5078123807907104,0.6521860361099243,-0.1522408276796341,0.6853482127189636,0.5699517130851746,0.6923397183418274,-0.1473641842603683,0.96079283952713,0.5072099566459656,0.6740749478340149,-0.1748492866754531,0.6490296125411987,0.5649508833885193,0.6914095282554626,-0.1669944375753402,0.9629433751106262,0.5111502408981323,0.6712770462036133,-0.1940900534391403,0.6585647463798523,0.5630066394805908,0.6845593452453613,-0.1349123269319534,0.9543817639350892,0.5134826898574829,0.6628615260124207,-0.1616344302892685,0.6398448944091797,0.5521031618118286,0.6698885560035706,0.0001470688730478,0.999907612800598,0.5174301862716675,0.6706003546714783,-0.0001547920837765,0.99985933303833,0.5498161911964417,0.7728593945503235,0.0410668514668941,0.9926791191101074,0.514691948890686,0.766697347164154,0.0691141411662101,0.991287112236023,0.546198308467865,0.8510255217552185,0.2014517337083816,0.9891859292984008,0.5110807418823242,0.8370007872581482,0.2451656460762024,0.9893602728843688,0.5428980588912964,0.8575807213783264,0.2135155946016311,0.9235000014305116,0.5146644711494446,0.8479890823364258,0.2591650784015655,0.9103429317474364,0.5511459708213806,0.9003782868385315,0.1400341093540191,0.9834597110748292,0.4953919649124145,0.8813719749450684,0.1915473043918609,0.9829658269882202
0.5308015942573547,0.4492108821868896,-0.2276289016008377,0.9999702572822572,0.5348413586616516,0.4400207102298736,-0.2169960141181945,0.9999143481254578,0.5376729369163513,0.4406823515892029,-0.2169989496469497,0.9999157190322876,0.5400410890579224,0.4413443803787231,-0.2170006334781646,0.9999149441719056,0.5273334383964539,0.4384938180446625,-0.2179181724786758,0.999882996082306,0.5244675874710083,0.438293844461441,-0.2179262936115265,0.9998706579208374,0.5219968557357788,0.4382467865943908,-0.2179381996393203,0.9998347759246826,0.5434902310371399,0.446466714143753,-0.1454687267541885,0.9998584389686584,0.5178827047348022,0.4442141354084015,-0.1509190946817398,0.9996400475502014,0.5339042544364929,0.4631461501121521,-0.2003490775823593,0.9999690651893616,0.5246661305427551,0.4626857042312622,-0.2019073814153671,0.9999475479125975,0.563068151473999,0.5151582360267639,-0.1019207313656807,0.999972403049469,0.4980389773845672,0.5171487331390381,-0.1001135930418968,0.9996683597564696,0.5696423053741455,0.5976836681365967,-0.0716747716069221,0.9866604804992676,0.4970526099205017,0.5938170552253723,-0.0811685621738433,0.8228217363357544,0.5671995878219604,0.6708354353904724,-0.1246370002627372,0.9781413674354552,0.5062713623046875,0.6522294282913208,-0.1438446789979934,0.6830529570579529,0.5681789517402649,0.6939905881881714,-0.144977256655693,0.9590386748313904,0.5061569809913635,0.6742011904716492,-0.1649859100580215,0.6453238129615784,0.5633313655853271,0.6923657655715942,-0.164255678653717,0.9612159729003906,0.5105767846107483,0.6713321805000305,-0.1844997406005859,0.6549233198165894,0.5615301728248596,0.6853748559951782,-0.1327211260795593,0.9522867202758788,0.5122856497764587,0.6627839207649231,-0.1533276587724685,0.6365212202072144,0.5520187616348267,0.6703296303749084,-0.0006520947208628,0.99990713596344,0.5171602964401245,0.6706417798995972,0.0006364804576151,0.9998565316200256,0.5496194362640381,0.7730893492698669,0.0407536998391151,0.99277526140213,0.5144132971763611,0.7669391632080078,0.0686183124780654,0.9912958145141602,0.5462113618850708,0.85117107629776,0.1997158378362655,0.9893503785133362,0.5110411643981934,0.8370121717453003,0.2413945794105529,0.9893823862075806,0.5429381132125854,0.8576928377151489,0.2115107029676437,0.922714114189148,0.5146763920783997,0.848014771938324,0.2547600865364074,0.9100573062896729,0.5511419773101807,0.9004489183425903,0.139015257358551,0.983642280101776,0.4953566491603851,0.8813995718955994,0.1868555843830108,0.9830822944641112
0.5318307280540466,0.4488159716129303,-0.2325130999088287,0.9999688267707824,0.5360133051872253,0.4397604167461395,-0.2218008786439895,0.9999106526374816,0.5388363599777222,0.4405209720134735,-0.2218029350042343,0.9999120235443116,0.5412251353263855,0.441272884607315,-0.2218061536550521,0.9999109506607056,0.5283393263816833,0.4379510879516601,-0.2228454798460006,0.9998791217803956,0.5254630446434021,0.4376793801784515,-0.2228580117225647,0.9998670816421508,0.5229273438453674,0.4375890791416168,-0.2228732705116272,0.9998319745063782,0.5447186231613159,0.4464674592018127,-0.1502760946750641,0.999851405620575,0.5188986659049988,0.4433543980121612,-0.156048834323883,0.9996370673179626,0.5349055528640747,0.4628703892230987,-0.2052124142646789,0.9999679327011108,0.525490939617157,0.4621961712837219,-0.2068785578012466,0.9999470710754396,0.5637832880020142,0.5153851509094238,-0.1069065257906913,0.999971330165863,0.4985091090202331,0.5168870687484741,-0.1019187271595001,0.9996715188026428,0.5696495175361633,0.5980416536331177,-0.0756211951375007,0.986458420753479,0.4961250424385071,0.5936821103096008,-0.0792717263102531,0.8282531499862671,0.5664330720901489,0.6717151403427124,-0.1276996433734893,0.9769977927207948,0.5054860711097717,0.6538950204849243,-0.1341117173433303,0.6852657794952393,0.567177414894104,0.6947661638259888,-0.148221269249916,0.9570699334144592,0.5061533451080322,0.6758691668510437,-0.15413299202919,0.6445958018302917,0.5623447895050049,0.692858874797821,-0.1669910848140716,0.9592640995979308,0.5103816390037537,0.6723244786262512,-0.1741020828485489,0.6541645526885986,0.5605164766311646,0.685796320438385,-0.1356087476015091,0.9500002861022948,0.5117732882499695,0.6652058362960815,-0.1434687674045562,0.63620525598526,0.5520252585411072,0.670320451259613,-0.001384581089951,0.9999054670333862,0.5171279907226562,0.6706048250198364,0.0013674695510417,0.9998525977134703,0.5495361089706421,0.7730888724327087,0.0392603129148483,0.992848813533783,0.5142227411270142,0.7671626210212708,0.0678326115012168,0.9912762641906738,0.5462130308151245,0.8512606620788574,0.1983780413866043,0.9894723296165466,0.5110026001930237,0.8370415568351746,0.2397230118513107,0.9893912076950072,0.5429384708404541,0.8577623963356018,0.2100904136896133,0.9217133522033693,0.5146851539611816,0.8480324149131775,0.2530814111232757,0.9099342226982116,0.551007866859436,0.9004871845245361,0.1381802856922149,0.9837337136268616,0.495254784822464,0.8813680410385132,0.1854663640260696,0.9831506609916688
0.5331321358680725,0.4486980140209198,-0.230350986123085,0.9999682307243348,0.5376437306404114,0.4397555887699127,-0.2198214679956436,0.9999095797538756,0.5402354598045349,0.4405128061771393,-0.219824731349945,0.999910831451416,0.5428028702735901,0.4412664771080017,-0.2198273539543151,0.999909520149231,0.5297366380691528,0.4378172159194946,-0.220697671175003,0.9998786449432372,0.5267178416252136,0.4374379813671112,-0.2207069844007492,0.999867022037506,0.5240567922592163,0.4372909069061279,-0.2207193970680236,0.9998334050178528,0.5459417104721069,0.4465087950229645,-0.148349329829216,0.9998493194580078,0.5198372006416321,0.4428151845932007,-0.153876319527626,0.9996435046195984,0.5361213684082031,0.4628016650676727,-0.2030546218156814,0.9999673366546632,0.5265657305717468,0.4620105922222137,-0.2046082317829132,0.999947428703308,0.5644494891166687,0.5162067413330078,-0.104860670864582,0.9999698400497437,0.4989648759365082,0.5160033106803894,-0.1004390195012092,0.999676525592804,0.5694618821144104,0.5983957648277283,-0.0732970759272575,0.9859362244606018,0.494378387928009,0.5919420719146729,-0.0774718970060348,0.8330997824668884,0.5652680993080139,0.6720260381698608,-0.1252631992101669,0.9754473567008972,0.5042062997817993,0.6536411046981812,-0.1339000314474105,0.6881479024887085,0.5662330389022827,0.695392370223999,-0.1455163806676864,0.9546754956245422,0.5049777626991272,0.6755397319793701,-0.1540044397115707,0.6451048254966736,0.5612953305244446,0.693340003490448,-0.165059894323349,0.9568713903427124,0.5096455216407776,0.6722578406333923,-0.1738174259662628,0.6547017693519592,0.559263288974762,0.6860939264297485,-0.1333558559417724,0.9472417831420898,0.5107641220092773,0.6650943756103516,-0.1433109492063522,0.6374168395996094,0.551970362663269,0.6703222393989563,-0.0019448206294327,0.9999021291732788,0.5170739889144897,0.67049640417099,0.0019242063863202,0.999849021434784,0.5494421720504761,0.7730935215950012,0.0390294231474399,0.9930279850959778,0.5137002468109131,0.7676817774772644,0.060929849743843,0.9914465546607972,0.5461870431900024,0.8513001799583435,0.1966958194971084,0.989719569683075,0.5109421610832214,0.8375462293624878,0.2173743695020675,0.9896206259727478,0.5429366827011108,0.8577926158905029,0.2080885022878646,0.9209911823272704,0.5147048234939575,0.8485320210456848,0.2291240692138672,0.9110215902328492,0.5508617162704468,0.9004507064819336,0.1370243728160858,0.9839685559272766,0.4949946701526642,0.8814030289649963,0.1615078300237655,0.9835045337677002
0.5341447591781616,0.4485391080379486,-0.2165322750806808,0.9999640583992004,0.5388372540473938,0.439730167388916,-0.2056398242712021,0.9998998641967772,0.5413819551467896,0.4405056834220886,-0.2056543231010437,0.999900996685028,0.5441127419471741,0.4412628710269928,-0.2056671977043151,0.999899923801422,0.530862033367157,0.4375895857810974,-0.2063054293394088,0.9998658299446106,0.5278538465499878,0.437110424041748,-0.2063098698854446,0.999852418899536,0.5250974297523499,0.4368829131126404,-0.2063269168138504,0.9998173713684082,0.5470467805862427,0.4466312527656555,-0.1348513513803482,0.9998357892036438,0.5207340717315674,0.4421536326408386,-0.1392602622509002,0.999607801437378,0.5370604395866394,0.4627589583396911,-0.1896364688873291,0.9999630451202391,0.5274726152420044,0.4617761075496673,-0.1909528374671936,0.9999417066574096,0.5646424889564514,0.5172284841537476,-0.0974208265542984,0.9999666213989258,0.4993468821048736,0.5138384103775024,-0.0838316157460212,0.9996576309204102,0.5690021514892578,0.599410355091095,-0.0693302527070045,0.9848660230636596,0.49513640999794,0.5917837619781494,-0.0699137821793556,0.822343647480011,0.5645321607589722,0.6722047924995422,-0.117100790143013,0.97284734249115,0.5038036704063416,0.6477218866348267,-0.1382086426019668,0.6742545366287231,0.5657433271408081,0.6957324743270874,-0.1362895965576172,0.9510669708251952,0.5044060945510864,0.6694884896278381,-0.1589875519275665,0.6329062581062317,0.5606540441513062,0.6936256885528564,-0.1547506153583526,0.9533451795578004,0.5095755457878113,0.6662525534629822,-0.1786821186542511,0.6429264545440674,0.5585737228393555,0.6862924695014954,-0.1246794909238815,0.9430501461029052,0.5072919130325317,0.6620328426361084,-0.1478044986724853,0.6261969208717346,0.5516766905784607,0.6703194975852966,-0.002873019548133,0.9998974204063416,0.5169315338134766,0.6703455448150635,0.0028557700570672,0.9998431205749512,0.5492282509803772,0.7731744647026062,0.0365859642624855,0.993055820465088,0.5136424899101257,0.768018901348114,0.0552273206412792,0.99142324924469,0.5461255311965942,0.8514054417610168,0.1930980533361435,0.98978990316391,0.5109752416610718,0.8385018706321716,0.2070898860692978,0.9897319674491882,0.5428906679153442,0.8578326106071472,0.2043465673923492,0.9195342063903807,0.514941930770874,0.8494876623153687,0.2184241712093353,0.9118290543556212,0.5508240461349487,0.9004654884338379,0.1335492581129074,0.9839857816696168,0.4949869513511657,0.8814800977706909,0.1507003009319305,0.983700692653656
0.5350355505943298,0.448531836271286,-0.2065553069114685,0.999960720539093,0.5398035645484924,0.4398274719715118,-0.1956566125154495,0.9998927116394044,0.5422729849815369,0.4406569302082062,-0.1956732124090194,0.9998940229415894,0.5449765920639038,0.4414377808570862,-0.1956863850355148,0.999893307685852,0.5318117737770081,0.4375905990600586,-0.1963080614805221,0.9998554587364196,0.5288126468658447,0.4370763003826141,-0.1963085830211639,0.9998401999473572,0.5260444283485413,0.4367991089820862,-0.1963202506303787,0.9998034834861756,0.547739565372467,0.4468772411346435,-0.125767782330513,0.999827802181244,0.5217419862747192,0.4418783187866211,-0.1302289217710495,0.9995765686035156,0.5378950238227844,0.4627567231655121,-0.1800921857357025,0.9999593496322632,0.5283579230308533,0.4616902470588684,-0.1814311295747757,0.99993634223938,0.5648471713066101,0.5177835822105408,-0.0910970494151115,0.9999640583992004,0.4999502897262573,0.5125181078910828,-0.0758619531989097,0.9996299147605896,0.568756103515625,0.600093424320221,-0.0649970844388008,0.9839808940887452,0.4931900799274444,0.5872205495834351,-0.0688765943050384,0.8098089098930359,0.563905656337738,0.6722820401191711,-0.1113825961947441,0.9709185361862184,0.5035121440887451,0.6409634351730347,-0.142964705824852,0.6597287058830261,0.565208375453949,0.6960973143577576,-0.1301551312208175,0.948484182357788,0.5039278268814087,0.6634196043014526,-0.1639241129159927,0.6208170652389526,0.5600301027297974,0.6940286159515381,-0.1481941193342209,0.9507989287376404,0.5050575137138367,0.6611539721488953,-0.1824864447116851,0.6311975121498108,0.5578902363777161,0.6865763068199158,-0.1187252700328826,0.9399977326393129,0.5061696767807007,0.6551399230957031,-0.1527909338474273,0.6151153445243835,0.551314115524292,0.670251727104187,-0.0034306868910789,0.9998936653137208,0.5167683362960815,0.6699646711349487,0.0034134262241423,0.9998375177383424,0.5490534901618958,0.7731528282165527,0.0364451482892036,0.9930458068847656,0.5136535167694092,0.7681277394294739,0.0525179021060466,0.9913366436958312,0.5460859537124634,0.8514813184738159,0.1877956837415695,0.9898489117622375,0.5110684037208557,0.8388558626174927,0.1985140442848205,0.9897863268852234,0.5428335666656494,0.857833743095398,0.1984497904777526,0.9180485010147096,0.5151885747909546,0.8497571349143982,0.209269180893898,0.912299394607544,0.5507877469062805,0.9004623293876648,0.128214418888092,0.9839881658554076,0.4949856400489807,0.8814745545387268,0.1423166394233703,0.9838109016418456
0.5354702472686768,0.4483753144741058,-0.198674127459526,0.9999572038650512,0.5403263568878174,0.4398075640201568,-0.1880151182413101,0.9998847842216492,0.542840301990509,0.4406529366970062,-0.188032865524292,0.999886155128479,0.5456028580665588,0.4414538741111755,-0.1880471557378769,0.9998860955238342,0.5323540568351746,0.4374269843101501,-0.188280388712883,0.9998438358306884,0.5294163823127747,0.4368643760681152,-0.1882777959108352,0.9998260736465454,0.5266961455345154,0.4365629851818084,-0.1882888525724411,0.9997875690460204,0.5486089587211609,0.4470895826816559,-0.1199855655431747,0.9998172521591188,0.5226964354515076,0.4414926767349243,-0.1227660477161407,0.9995400309562684,0.5384036302566528,0.4627194404602051,-0.1729423999786377,0.999955117702484,0.5288208723068237,0.4614448845386505,-0.1737927049398422,0.9999303817749025,0.5650584697723389,0.5189071297645569,-0.0873273611068725,0.9999611377716064,0.5006290078163147,0.5105189681053162,-0.0696117654442787,0.9996097683906556,0.5683716535568237,0.6012514233589172,-0.0622385814785957,0.9830085039138794,0.4941133558750152,0.586388885974884,-0.0608194954693317,0.7993565797805786,0.5630791783332825,0.6731517314910889,-0.1065200641751289,0.9690269827842712,0.5027357935905457,0.6401979923248291,-0.1354686617851257,0.6480178236961365,0.564475417137146,0.6970661282539368,-0.1250004917383194,0.9460298418998718,0.5030909180641174,0.6626723408699036,-0.1556930243968963,0.611006498336792,0.5591301321983337,0.6951256990432739,-0.1426838338375091,0.9483333826065063,0.5051661133766174,0.6579523682594299,-0.1744548678398132,0.6216771602630615,0.5569496750831604,0.6875282526016235,-0.1136991307139396,0.9370494484901428,0.505125105381012,0.6525831818580627,-0.1452420502901077,0.6065354347229004,0.5508080124855042,0.6702626943588257,-0.0039413780905306,0.9998912811279296,0.5165104269981384,0.6695564389228821,0.0039242827333509,0.999834418296814,0.5487669110298157,0.773198127746582,0.0365644134581089,0.993019163608551,0.5136474967002869,0.7681675553321838,0.0530173331499099,0.9913086891174316,0.5460559129714966,0.8521600961685181,0.1853937059640884,0.989883542060852,0.511108934879303,0.8392171263694763,0.1978734880685806,0.9898677468299866,0.5427156090736389,0.8583914637565613,0.195896178483963,0.9169915914535522,0.5153101682662964,0.8499876260757446,0.208602637052536,0.9132024049758912,0.5508087277412415,0.900463342666626,0.1272222697734832,0.9839622378349304,0.4948676824569702,0.881453275680542,0.1433990150690078,0.9839603900909424
0.5361847281455994,0.4482452869415283,-0.1924762427806854,0.999955713748932,0.5410119891166687,0.4397767782211303,-0.1818435937166214,0.999881625175476,0.5435377359390259,0.4406491219997406,-0.1818598359823227,0.9998830556869508,0.5463054180145264,0.4414680898189544,-0.1818700134754181,0.9998834133148192,0.5331948399543762,0.4372612535953522,-0.182247057557106,0.9998387694358826,0.5303329229354858,0.4366578161716461,-0.1822425276041031,0.99981951713562,0.5276402235031128,0.4363371729850769,-0.1822499930858612,0.9997803568840028,0.5493441224098206,0.4472270309925079,-0.1150660961866378,0.9998136162757874,0.523720383644104,0.4411070346832275,-0.1185558810830116,0.9995219111442566,0.5390750765800476,0.4626618921756744,-0.1673275381326675,0.9999529123306274,0.5296059846878052,0.4611570835113525,-0.1683734506368637,0.9999273419380188,0.5651843547821045,0.5195560455322266,-0.0842266827821731,0.9999595284461976,0.5014678835868835,0.5089856386184692,-0.0674387291073799,0.9995960593223572,0.5681831240653992,0.6013811826705933,-0.0604220777750015,0.9822930693626404,0.4930635690689087,0.5829010605812073,-0.0599377378821373,0.7899838089942932,0.5627855062484741,0.6734837293624878,-0.1047419086098671,0.9681482911109924,0.5020467638969421,0.6395305395126343,-0.1344013810157776,0.6397891044616699,0.5640776753425598,0.6974670886993408,-0.1229721009731292,0.9450539350509644,0.5026530623435974,0.6622793674468994,-0.1544352024793625,0.604860246181488,0.5586146712303162,0.6956235766410828,-0.1404963880777359,0.9473044276237488,0.505320131778717,0.6566944718360901,-0.1732586026191711,0.6158627271652222,0.5565310716629028,0.6879689693450928,-0.1118583306670188,0.9357784986495972,0.5056129693984985,0.6513742208480835,-0.1441895067691803,0.6017031669616699,0.5502053499221802,0.6702359914779663,-0.0039657605811953,0.9998897910118104,0.5161446928977966,0.6687876582145691,0.003945339936763,0.999832570552826,0.5484562516212463,0.7732061743736267,0.036203283816576,0.9930238723754884,0.5136379599571228,0.7680015563964844,0.0512610413134098,0.991275668144226,0.5460137128829956,0.8522288799285889,0.1794312447309494,0.9899451732635498,0.5111076235771179,0.8395187258720398,0.1908811628818512,0.9899155497550964,0.5427077412605286,0.8583914637565613,0.1894064247608184,0.9155781269073486,0.5153058171272278,0.8500986695289612,0.2011210620403289,0.913342297077179,0.5507261157035828,0.900375247001648,0.1219639554619789,0.9839497208595276,0.4948630928993225,0.8812985420227051,0.137073278427124,0.9840471148490906
0.5370509624481201,0.4481964111328125,-0.1953223645687103,0.9999558329582214,0.5418118834495544,0.4397744536399841,-0.1844412982463836,0.9998822808265686,0.5443342328071594,0.4406885504722595,-0.1844589561223983,0.999883472919464,0.5470635294914246,0.4415602385997772,-0.1844677925109863,0.9998838305473328,0.5341794490814209,0.4371853470802307,-0.1853542625904083,0.9998390674591064,0.5314019918441772,0.4365363419055938,-0.1853507310152053,0.9998193979263306,0.5287379026412964,0.4361883103847503,-0.185356929898262,0.999780297279358,0.5500177145004272,0.4474177956581116,-0.1161291971802711,0.9998143315315248,0.5247640609741211,0.4408273100852966,-0.1220028921961784,0.9995201230049132,0.5398721098899841,0.4626414477825165,-0.1695805639028549,0.9999523758888244,0.5305450558662415,0.4609341025352478,-0.1713042259216308,0.999926745891571,0.5654259324073792,0.5196163058280945,-0.0828862935304641,0.9999587535858154,0.5021399855613708,0.5083680748939514,-0.0712111890316009,0.9995840787887572,0.5680619478225708,0.6013531684875488,-0.0583028197288513,0.9818019270896912,0.4930644929409027,0.5830882787704468,-0.0635725110769271,0.7820694446563721,0.562671422958374,0.6738438606262207,-0.1053978949785232,0.9679964184761048,0.5021522641181946,0.6393092274665833,-0.141688585281372,0.6345508694648743,0.5638777017593384,0.6977998614311218,-0.1240048035979271,0.944926381111145,0.502678632736206,0.6622464060783386,-0.1625602692365646,0.6017383933067322,0.5583621859550476,0.6960583329200745,-0.1419589966535568,0.947152614593506,0.5056246519088745,0.6578683257102966,-0.1814217269420623,0.6131124496459961,0.5563375949859619,0.6883943676948547,-0.112770177423954,0.9356265664100648,0.5041745901107788,0.6516609191894531,-0.1517050564289093,0.5996737480163574,0.5499995946884155,0.6699819564819336,-0.0036964195314794,0.9998887777328492,0.5160279870033264,0.6675915122032166,0.0036709087435156,0.99983149766922,0.548270583152771,0.7731212377548218,0.0365227647125721,0.9930086135864258,0.5136430263519287,0.7678180932998657,0.0498654879629612,0.9911993741989136,0.5459462404251099,0.8521988391876221,0.1806070804595947,0.9899214506149292,0.5110446810722351,0.8397506475448608,0.1911767274141311,0.9899330735206604,0.542667031288147,0.8581240773200989,0.1907471716403961,0.9149904251098632,0.5151281356811523,0.8501420617103577,0.2015677988529205,0.9130948781967164,0.5507412552833557,0.9002590179443359,0.1235669627785682,0.9838684797286988,0.4949334859848022,0.8812474012374878,0.136489599943161,0.9840469360351562
0.5380657315254211,0.4481302499771118,-0.1904904097318649,0.9999565482139589,0.5427942872047424,0.4397681951522827,-0.1795869618654251,0.9998853802680968,0.5453182458877563,0.4407030045986175,-0.1796048134565353,0.9998862147331238,0.5480252504348755,0.4416134655475616,-0.1796135604381561,0.9998866319656372,0.5352292656898499,0.4370384216308594,-0.1806908994913101,0.9998427033424376,0.5324822664260864,0.4363375306129455,-0.1806867271661758,0.9998229146003724,0.5297953486442566,0.4359569251537323,-0.1806866079568863,0.999784529209137,0.5508200526237488,0.4475342333316803,-0.1113357618451118,0.9998201727867126,0.5255618691444397,0.4403377771377563,-0.1185797601938247,0.999529242515564,0.5407628417015076,0.4625977873802185,-0.1648205369710922,0.999952495098114,0.5315011143684387,0.4606532752513885,-0.16694076359272,0.9999271631240844,0.5656721591949463,0.5195839405059814,-0.0793543756008148,0.9999571442604064,0.5024392008781433,0.5073996782302856,-0.0689307525753974,0.9995582699775696,0.5680578351020813,0.6014648675918579,-0.0556836538016796,0.9812190532684326,0.4922080934047699,0.5819218158721924,-0.0758622884750366,0.7700868248939514,0.5625385642051697,0.6741191148757935,-0.1011647209525108,0.967554807662964,0.501610517501831,0.6320393681526184,-0.1729484051465988,0.626343846321106,0.5637420415878296,0.6980459094047546,-0.1191029027104377,0.9444373846054076,0.4985499680042267,0.6512049436569214,-0.1956955939531326,0.5974061489105225,0.5581756830215454,0.6963241696357727,-0.1363138556480407,0.9466391801834106,0.5000768303871155,0.6467940211296082,-0.2127778232097625,0.6091971397399902,0.5562054514884949,0.6886634826660156,-0.1081474795937538,0.9351691603660583,0.502082884311676,0.6409077644348145,-0.1826367527246475,0.5963793396949768,0.5497236251831055,0.6696842908859253,-0.0034503941424191,0.999887466430664,0.5158583521842957,0.6665611267089844,0.0034175536129623,0.9998302459716796,0.5481660962104797,0.7730672359466553,0.0382175296545028,0.9930498003959656,0.5136474967002869,0.7672983407974243,0.0491388253867626,0.9911693334579468,0.5457877516746521,0.8518131971359253,0.1806112378835678,0.9899998903274536,0.5110437870025635,0.8398439288139343,0.1846837848424911,0.990011990070343,0.5425747632980347,0.8574348092079163,0.1904540508985519,0.915154218673706,0.5150894522666931,0.8501487374305725,0.1945144087076187,0.9133781790733336,0.5507319569587708,0.9002142548561096,0.1243938952684402,0.9838927984237672,0.495004266500473,0.881128191947937,0.1302688717842102,0.9840649962425232
0.5389014482498169,0.4481284022331238,-0.194026917219162,0.9999576807022096,0.5436252951622009,0.4397721886634826,-0.1832228004932403,0.9998892545700072,0.5461041927337646,0.4407601952552795,-0.1832341104745865,0.9998895525932312,0.5487679243087769,0.4417130351066589,-0.1832415163516998,0.9998898506164552,0.5361162424087524,0.4369720220565796,-0.1845131069421768,0.99984872341156,0.5334044098854065,0.4362285733222961,-0.1845118850469589,0.999829351902008,0.5307369232177734,0.4358133971691131,-0.1845142543315887,0.9997929930686952,0.5514190793037415,0.4476427137851715,-0.1147806718945503,0.9998252391815186,0.5263391137123108,0.439957708120346,-0.1225724220275878,0.99955153465271,0.5414674282073975,0.4625942409038543,-0.1682005375623703,0.9999534487724304,0.532328724861145,0.4605260491371155,-0.1705470979213714,0.999929904937744,0.5658797025680542,0.5196456909179688,-0.0812843963503837,0.9999560713768004,0.5027686357498169,0.5070713758468628,-0.0718761533498764,0.9995660185813904,0.568049967288971,0.6016203165054321,-0.0569099560379982,0.9802374243736268,0.4898633658885956,0.5800709128379822,-0.082824595272541,0.7713608145713806,0.5624918341636658,0.6741029024124146,-0.1034102141857147,0.9664153456687928,0.5011668801307678,0.6338468194007874,-0.1692894846200943,0.6242032051086426,0.5636599063873291,0.6980723738670349,-0.1216190829873085,0.9429193139076232,0.4993185997009277,0.6541913747787476,-0.191257506608963,0.5952111482620239,0.5581657886505127,0.696382462978363,-0.1390805691480636,0.9450982213020324,0.5007086992263794,0.6501673460006714,-0.2073068916797638,0.6068118214607239,0.5562117695808411,0.6887234449386597,-0.1105855256319046,0.9334593415260316,0.5028418302536011,0.6441827416419983,-0.1781301945447921,0.5947836637496948,0.5495595932006836,0.6695886850357056,-0.0027188307140022,0.9998872876167296,0.5158120393753052,0.6662015318870544,0.002680514473468,0.9998313784599304,0.5481456518173218,0.7729132771492004,0.0398417711257934,0.9931111931800842,0.5136197209358215,0.76702481508255,0.0500159338116645,0.9911664128303528,0.5453978776931763,0.8516359329223633,0.1794136613607406,0.9901223182678224,0.511042594909668,0.8397937417030334,0.1908616572618484,0.9900725483894348,0.5421038269996643,0.857329785823822,0.1890289634466171,0.9156956076622008,0.5150859355926514,0.850077748298645,0.2012102305889129,0.9134178161621094,0.5505894422531128,0.9001615047454834,0.1233092099428176,0.9840580821037292,0.4951446652412414,0.8809528350830078,0.1369984745979309,0.9841180443763732
0.5395039916038513,0.4481263160705566,-0.1947900950908661,0.9999583959579468,0.5442740321159363,0.439781129360199,-0.1842314153909683,0.9998913407325744,0.5467574596405029,0.4408319294452667,-0.1842414289712906,0.999890923500061,0.5493869781494141,0.441825270652771,-0.1842490136623382,0.9998908638954164,0.536803126335144,0.4368999004364013,-0.1856024861335754,0.9998528361320496,0.5341195464134216,0.4361107647418976,-0.1856030523777008,0.999833643436432,0.531480073928833,0.4356496930122375,-0.1856091916561126,0.9997991323471068,0.5519818067550659,0.447753369808197,-0.115830086171627,0.999827206134796,0.5270631909370422,0.4395725727081299,-0.1239887624979019,0.9995693564414978,0.5419763326644897,0.4625902771949768,-0.1687919795513153,0.9999538660049438,0.5328935384750366,0.4604215323925018,-0.1712470650672912,0.999932050704956,0.5664107203483582,0.5195985436439514,-0.0808460339903831,0.9999549984931946,0.5032436847686768,0.5061829686164856,-0.0736273452639579,0.9995808601379396,0.568053126335144,0.6018232107162476,-0.0559329278767108,0.9796060919761658,0.4885381162166595,0.5770078897476196,-0.0814097002148628,0.7763425707817078,0.5625982284545898,0.6743292212486267,-0.1031768396496772,0.9660157561302184,0.4985516369342804,0.6349852681159973,-0.1632847487926483,0.6305958032608032,0.5638023018836975,0.6982789635658264,-0.1212535947561264,0.9424724578857422,0.4975742697715759,0.6548784971237183,-0.1847675591707229,0.600732147693634,0.5583357214927673,0.6965308785438538,-0.138997420668602,0.9446027278900146,0.5013408660888672,0.651974618434906,-0.2017234414815902,0.6121920347213745,0.5563637614250183,0.6888636946678162,-0.1105224713683128,0.9329429864883424,0.5029022097587585,0.6458686590194702,-0.172330766916275,0.6006784439086914,0.5494705438613892,0.6695849299430847,-0.0025044297799468,0.9998865127563475,0.5156688094139099,0.6659744381904602,0.0024655072484165,0.999833047389984,0.5481485724449158,0.7728992104530334,0.0391268618404865,0.9932026267051696,0.5131924748420715,0.7670285105705261,0.050419270992279,0.9912140965461732,0.545214831829071,0.8513795137405396,0.1757448613643646,0.9902366995811462,0.5110459327697754,0.8398939967155457,0.1929166316986084,0.9902326464653016,0.5418558716773987,0.8571460247039795,0.1852276474237442,0.916432797908783,0.5150848627090454,0.8500781655311584,0.2033197432756424,0.9148768186569214,0.5505896210670471,0.8999733328819275,0.1204079762101173,0.9842430353164672,0.4951194524765014,0.8807948231697083,0.1397509425878524,0.9843395352363586
