x_0,y_0,z_0,visibility_0,x_1,y_1,z_1,visibility_1,x_2,y_2,z_2,visibility_2,x_3,y_3,z_3,visibility_3,x_4,y_4,z_4,visibility_4,x_5,y_5,z_5,visibility_5,x_6,y_6,z_6,visibility_6,x_7,y_7,z_7,visibility_7,x_8,y_8,z_8,visibility_8,x_9,y_9,z_9,visibility_9,x_10,y_10,z_10,visibility_10,x_11,y_11,z_11,visibility_11,x_12,y_12,z_12,visibility_12,x_13,y_13,z_13,visibility_13,x_14,y_14,z_14,visibility_14,x_15,y_15,z_15,visibility_15,x_16,y_16,z_16,visibility_16,x_17,y_17,z_17,visibility_17,x_18,y_18,z_18,visibility_18,x_19,y_19,z_19,visibility_19,x_20,y_20,z_20,visibility_20,x_21,y_21,z_21,visibility_21,x_22,y_22,z_22,visibility_22,x_23,y_23,z_23,visibility_23,x_24,y_24,z_24,visibility_24,x_25,y_25,z_25,visibility_25,x_26,y_26,z_26,visibility_26,x_27,y_27,z_27,visibility_27,x_28,y_28,z_28,visibility_28,x_29,y_29,z_29,visibility_29,x_30,y_30,z_30,visibility_30,x_31,y_31,z_31,visibility_31,x_32,y_32,z_32,visibility_32
0.2268361151218414,-0.6315796375274658,-0.1398856490850448,0.9986469745635986,0.1969200819730758,-0.6724737286567688,-0.1319887489080429,0.9973248839378356,0.1972328871488571,-0.6727343201637268,-0.131409153342247,0.9972906708717346,0.1969242691993713,-0.6734045743942261,-0.131269633769989,0.997690200805664,0.1995221972465515,-0.6627633571624756,-0.167790025472641,0.9978411197662354,0.2003948092460632,-0.6636157035827637,-0.1684359461069107,0.997826099395752,0.1999285072088241,-0.6648914217948914,-0.1675041019916534,0.997974455356598,0.0833052843809127,-0.6729819178581238,-0.0513787418603897,0.9946914315223694,0.079200841486454,-0.632072925567627,-0.2269391268491745,0.9976512789726256,0.1881580799818039,-0.6115037202835083,-0.107303999364376,0.9974468946456908,0.1867012977600097,-0.5993489027023315,-0.1576395779848098,0.9985141158103944,0.0048245275393128,-0.5285309553146362,0.0659721195697784,0.9983543753623962,0.0116966571658849,-0.4467821717262268,-0.2658858597278595,0.9997703433036804,0.0771710947155952,-0.3676314949989319,0.1940654069185257,0.0275465454906225,0.1381604075431823,-0.2294386476278305,-0.2460020929574966,0.9693564176559448,0.2630724608898163,-0.4785605370998382,0.1912863105535507,0.09101253002882,0.2795577645301819,-0.3723663985729217,-0.1061941757798194,0.9083841443061828,0.2953125834465027,-0.512624204158783,0.1889784783124923,0.1312578171491623,0.3172539174556732,-0.4100930690765381,-0.1221828833222389,0.8795936107635498,0.3158094882965088,-0.5284411907196045,0.177819937467575,0.137126088142395,0.2985555529594421,-0.453999251127243,-0.1224566325545311,0.8665491342544556,0.2790683507919311,-0.4894935488700866,0.1842417269945144,0.1368124186992645,0.2778751254081726,-0.3986669182777405,-0.1049156859517097,0.8001484870910645,0.0183532256633043,-0.0174363516271114,0.1103170737624168,0.9975134134292604,-0.0186973586678504,0.0166617315262556,-0.1090299412608146,0.9984943866729736,-0.0031659584492444,0.3492124676704407,0.3109135329723358,0.3097212314605713,-0.012872121296823,0.3789707720279693,0.0837625339627265,0.964443862438202,-0.0495503172278404,0.6385064125061035,0.4888362884521484,0.6226085424423218,-0.0606669895350933,0.6975100040435791,0.279012531042099,0.9827171564102172,-0.0430986657738685,0.677314281463623,0.501239538192749,0.7137635350227356,-0.0600466579198837,0.7395108342170715,0.2928812205791473,0.9519517421722412,0.0710309147834777,0.7015287280082703,0.4828682243824005,0.8618577122688293,0.0570805892348289,0.7702314257621765,0.2326682806015014,0.9772531390190125
0.2269305437803268,-0.6248416900634766,-0.1487467437982559,0.998656690120697,0.1983224302530288,-0.6662557721138,-0.1409660577774047,0.9974351525306702,0.1985840797424316,-0.6664606928825378,-0.1403972506523132,0.9973719120025636,0.1982094645500183,-0.6671594977378845,-0.1402327567338943,0.997771382331848,0.2000284492969513,-0.6565508842468262,-0.1765678375959396,0.997910499572754,0.200881689786911,-0.657403826713562,-0.1772737354040146,0.9978926181793212,0.200381800532341,-0.6586598753929138,-0.1763561367988586,0.998039722442627,0.0843912661075592,-0.670615553855896,-0.0565370842814445,0.9949831366539,0.0792548879981041,-0.6292440295219421,-0.2317700982093811,0.9977484345436096,0.1882595717906952,-0.6062392592430115,-0.1146035641431808,0.9974784255027772,0.1864901632070541,-0.5938696265220642,-0.1647917926311493,0.9984635710716248,0.008415468968451,-0.5256277918815613,0.0656867548823356,0.9982895851135254,0.0165805909782648,-0.4428300559520721,-0.2678346037864685,0.9997119903564452,0.113006442785263,-0.3777416944503784,0.1861172765493393,0.0318443439900875,0.1691787242889404,-0.2390818893909454,-0.2464877218008041,0.9692115187644958,0.2674417793750763,-0.5266163349151611,0.1814935952425003,0.1040549576282501,0.2744859755039215,-0.4155016243457794,-0.1035863682627677,0.9117696285247804,0.2927559018135071,-0.5667605996131897,0.1800895184278488,0.1427888125181198,0.3067969083786011,-0.4593318998813629,-0.1162100881338119,0.8834055662155151,0.3100073039531708,-0.5814133286476135,0.1754026710987091,0.1480982899665832,0.291950523853302,-0.4957082271575928,-0.1178730502724647,0.8709257245063782,0.2799630165100097,-0.5389150381088257,0.1768006682395935,0.1483267545700073,0.2689049839973449,-0.4408746063709259,-0.1024317145347595,0.8067867755889893,0.0175066795200109,-0.0170057415962219,0.1093138009309768,0.9975425601005554,-0.0179404430091381,0.016224917024374,-0.10809276252985,0.998407542705536,-0.0085160201415419,0.3543539643287658,0.3059870898723602,0.3241989314556122,-0.0137382382526993,0.3794584572315216,0.0832162573933601,0.9627768397331238,-0.051643218845129,0.6469303965568542,0.4766916334629059,0.6291037201881409,-0.0609329380095005,0.6977102160453796,0.2667075395584106,0.9823158979415894,-0.0451905168592929,0.6856495141983032,0.4882528483867645,0.7163253426551819,-0.0604544542729854,0.7397462725639343,0.2800085246562958,0.9523676037788392,0.0666879117488861,0.7060644626617432,0.4712567329406738,0.8626341819763184,0.0542152486741542,0.7702668309211731,0.2220298498868942,0.9770952463150024
0.227868840098381,-0.6149294972419739,-0.1527231484651565,0.9984091520309448,0.2029045075178146,-0.6571202278137207,-0.1456197053194046,0.9972140192985536,0.2030312716960907,-0.6572265625,-0.1450606435537338,0.9970722198486328,0.2026406228542328,-0.6579701900482178,-0.1448793262243271,0.9975652694702148,0.2039592713117599,-0.6480068564414978,-0.1806988716125488,0.9976993203163148,0.2047390192747116,-0.6488772034645081,-0.1814071536064148,0.997696578502655,0.204196035861969,-0.650107741355896,-0.1805099099874496,0.9978616833686828,0.0912703052163124,-0.6676560640335083,-0.0629749447107315,0.994766891002655,0.083403579890728,-0.6280530095100403,-0.2356952875852584,0.9975310564041138,0.1883851140737533,-0.5990273952484131,-0.1188510209321975,0.9970278143882751,0.1865794360637664,-0.5873818397521973,-0.1684944778680801,0.9979623556137084,0.0086999200284481,-0.5257121324539185,0.06414844840765,0.9980586171150208,0.0244398564100265,-0.4411335289478302,-0.2688977420330047,0.999606192111969,0.113965168595314,-0.4054555594921112,0.1859488636255264,0.0337932929396629,0.1971723437309265,-0.2557540535926819,-0.2473818808794021,0.968393862247467,0.2483359277248382,-0.5645427107810974,0.2012079060077667,0.1073613092303276,0.2684471905231476,-0.4488503336906433,-0.1093080267310142,0.9135562777519226,0.2912769615650177,-0.6061979532241821,0.2026379853487014,0.145370215177536,0.2995032966136932,-0.4990867674350738,-0.122253194451332,0.8858915567398071,0.2880034744739532,-0.6185502409934998,0.201907679438591,0.1501562595367431,0.2569315731525421,-0.529611349105835,-0.125804603099823,0.8740791082382202,0.2649967968463897,-0.576768159866333,0.1990061849355697,0.1513100713491439,0.2634297311306,-0.473747044801712,-0.1086760237812995,0.8117146492004395,0.0140682533383369,-0.0170595757663249,0.1079157516360282,0.997573733329773,-0.0146086625754833,0.016291469335556,-0.1067944541573524,0.9983394145965576,-0.0154428575187921,0.3571592271327972,0.3036155700683594,0.3332855999469757,-0.0136160664260387,0.3796931207180023,0.0807589292526245,0.9604020714759828,-0.0517262816429138,0.655133068561554,0.4732532799243927,0.6285625100135803,-0.0600785687565803,0.6979576945304871,0.2450306862592697,0.9816271662712096,-0.0451169461011886,0.6941624283790588,0.4848204851150512,0.7126868963241577,-0.0599114149808883,0.7399441003799438,0.2568468749523163,0.9524304866790771,0.0659379884600639,0.7080529928207397,0.4672512412071228,0.8579736948013306,0.0531552284955978,0.7679880857467651,0.1980843991041183,0.9762966632843018
0.2341042309999466,-0.599235475063324,-0.1571974009275436,0.9979024529457092,0.2150901556015014,-0.6425129771232605,-0.150560513138771,0.9965993165969848,0.2151196300983429,-0.6425807476043701,-0.1500143110752105,0.996302604675293,0.2147134691476822,-0.6433287262916565,-0.1498267352581024,0.9969773292541504,0.2152029722929,-0.6341629028320312,-0.185508906841278,0.9971956610679626,0.2159164994955063,-0.6350083947181702,-0.1862494796514511,0.9972407817840576,0.2153483778238296,-0.6362131237983704,-0.1853976547718048,0.9974513649940492,0.1044484451413154,-0.6615356206893921,-0.0687202736735344,0.9939411878585817,0.0936777517199516,-0.6248793005943298,-0.2403472512960434,0.997065544128418,0.1917437613010406,-0.5866492390632629,-0.1234640702605247,0.9961315393447876,0.1893249452114105,-0.5759786367416382,-0.1728271842002868,0.9970686435699464,0.0178683344274759,-0.5255756974220276,0.0597263164818286,0.9977368116378784,0.0275085847824811,-0.4389342665672302,-0.2699675858020782,0.9994910359382628,0.1327586024999618,-0.4115449786186218,0.1803998798131942,0.0363702028989791,0.2025599181652069,-0.2610715627670288,-0.2471846044063568,0.966208279132843,0.2389348745346069,-0.5639023780822754,0.1884442567825317,0.1085674166679382,0.2644140124320984,-0.4587748646736145,-0.1043756082653999,0.913299560546875,0.2771459221839905,-0.6013822555541992,0.1888271272182464,0.1448353677988052,0.2821294665336609,-0.5094214081764221,-0.1139795407652854,0.8859784007072449,0.2645673751831054,-0.6132548451423645,0.1881294101476669,0.1490641683340072,0.2218114882707595,-0.5378139615058899,-0.1188073977828025,0.8746500015258789,0.2596583962440491,-0.575580358505249,0.1858407855033874,0.1510470062494278,0.2477386593818664,-0.4832776188850403,-0.1037455573678016,0.8133782744407654,0.0136200105771422,-0.0170394424349069,0.1057175025343895,0.997588276863098,-0.0142066227272152,0.016272272914648,-0.1046841740608215,0.998252809047699,-0.0205192379653453,0.3612895011901855,0.2995255291461944,0.3459390103816986,-0.0136458035558462,0.3799817562103271,0.0801462158560752,0.9577465653419496,-0.0520864501595497,0.6593902111053467,0.4679233133792877,0.632047176361084,-0.0596707947552204,0.698036789894104,0.2385584712028503,0.980728805065155,-0.0452491454780101,0.6982026696205139,0.4793949127197265,0.7120370864868164,-0.0597182251513004,0.7399928569793701,0.2499788105487823,0.9524009227752686,0.064216561615467,0.7099341750144958,0.4613715410232544,0.8549476265907288,0.0515257157385349,0.7668488025665283,0.1903930753469467,0.9753434062004088
0.2380859702825546,-0.594706118106842,-0.1622761189937591,0.997456967830658,0.2203713804483413,-0.638222873210907,-0.1559051871299743,0.9960183501243592,0.2203802466392517,-0.6382903456687927,-0.1553589552640915,0.9956071376800536,0.2199933528900146,-0.6390689611434937,-0.1551787704229354,0.996371567249298,0.2200458645820617,-0.6302825808525085,-0.1911786496639251,0.9967092871665956,0.220705360174179,-0.6310462355613708,-0.1919485181570053,0.9968426823616028,0.2201240807771682,-0.6322530508041382,-0.1911544352769851,0.9970675110816956,0.1089520081877708,-0.6594617366790771,-0.0741418972611427,0.993276834487915,0.0963615477085113,-0.6245903968811035,-0.246201604604721,0.9966885447502136,0.1942103505134582,-0.5828069448471069,-0.1285103410482406,0.9953191876411438,0.1912268251180648,-0.5726184248924255,-0.1779447495937347,0.9961920380592346,0.0242684707045555,-0.525550127029419,0.0543992593884468,0.9975436925888062,0.02780681848526,-0.438920795917511,-0.2721248567104339,0.999390423297882,0.1372909098863601,-0.401094913482666,0.1771265417337417,0.0373200960457325,0.2052722126245498,-0.274333119392395,-0.247087076306343,0.9645700454711914,0.2266344428062439,-0.50706946849823,0.181834191083908,0.105156272649765,0.2513824999332428,-0.4760840833187103,-0.1034690737724304,0.9143216013908386,0.2363607883453369,-0.5321007370948792,0.1817792803049087,0.1394161283969879,0.257546991109848,-0.5276273488998413,-0.1143212914466857,0.8879237174987793,0.2264923155307769,-0.5426551699638367,0.180391177535057,0.1433005332946777,0.1949140280485153,-0.5563508868217468,-0.1220591962337493,0.8772624731063843,0.2316337972879409,-0.5156314373016357,0.179013967514038,0.1459657549858093,0.2245952039957046,-0.5007205009460449,-0.1043108701705932,0.817493736743927,0.013758503831923,-0.0170843750238418,0.104256086051464,0.9976239800453186,-0.0143697848543524,0.0163183361291885,-0.1032800823450088,0.9981983304023744,-0.0249570440500974,0.3637776672840118,0.3001130223274231,0.3592332303524017,-0.0165159180760383,0.3803541958332062,0.0801487565040588,0.9564160704612732,-0.052760861814022,0.6593297123908997,0.4701904058456421,0.6387845277786255,-0.061090663075447,0.6977463364601135,0.2402352541685104,0.9800292253494264,-0.0454955101013183,0.6980705857276917,0.4818789660930633,0.7150543928146362,-0.0611892528831958,0.7395910024642944,0.251667708158493,0.9524775147438048,0.0639919638633728,0.709477961063385,0.4638323783874511,0.8543302416801453,0.0471670776605606,0.7658080458641052,0.1876406371593475,0.974470317363739
0.2379706054925918,-0.5951061844825745,-0.1648870110511779,0.9972957968711852,0.2193370908498764,-0.6388624906539917,-0.1586138308048248,0.995781183242798,0.2193776071071624,-0.6389601230621338,-0.1580531746149063,0.9953295588493348,0.2190036028623581,-0.639741837978363,-0.1578674912452697,0.9960977435112,0.2192794531583786,-0.6308988332748413,-0.1938119977712631,0.9964951276779176,0.2199567258358001,-0.6316337585449219,-0.1946031600236892,0.9966984391212464,0.2193930298089981,-0.632860541343689,-0.1937977522611618,0.9969105124473572,0.1078951135277748,-0.6597370505332947,-0.0777579545974731,0.9931299090385436,0.0962332487106323,-0.6249690651893616,-0.24892558157444,0.996525764465332,0.1940526962280273,-0.5829221606254578,-0.131498098373413,0.995023548603058,0.1910237669944763,-0.5727799534797668,-0.180538147687912,0.9957894682884216,0.0242711976170539,-0.5257484316825867,0.0500284656882286,0.9975065588951112,0.0277497675269842,-0.4393777549266815,-0.273743212223053,0.9993480443954468,0.124863788485527,-0.3932329714298248,0.1784635037183761,0.0380573831498622,0.2017953693866729,-0.2881139814853668,-0.2477535456418991,0.9646187424659728,0.1960351318120956,-0.499796986579895,0.2012414187192917,0.1024644002318382,0.2344392985105514,-0.483425885438919,-0.1093647927045822,0.9177328944206238,0.1988343596458435,-0.5078021287918091,0.2057301253080368,0.1350770592689514,0.238831028342247,-0.5338162779808044,-0.1229139417409896,0.8927356600761414,0.1929135173559188,-0.5091704726219177,0.2034697830677032,0.1387254893779754,0.1798672080039978,-0.5615964531898499,-0.1308220773935318,0.8828091621398926,0.1952982544898986,-0.5029674172401428,0.1993244439363479,0.1421332359313964,0.2071619033813476,-0.5068257451057434,-0.110828123986721,0.8255014419555664,0.0140586718916893,-0.0170990116894245,0.1034627482295036,0.9977128505706788,-0.0146794784814119,0.0163336116820573,-0.1025283932685852,0.9982227683067322,-0.026384025812149,0.3646429181098938,0.3003305196762085,0.3720050752162933,-0.020088106393814,0.3807842433452606,0.0801779255270958,0.9566864967346193,-0.0529816709458828,0.6591811776161194,0.4710553288459778,0.6482023000717163,-0.0657557174563407,0.6979146599769592,0.2426877617835998,0.9800775051116944,-0.0454936362802982,0.6978936195373535,0.4827267527580261,0.7214479446411133,-0.0658084452152252,0.7397426962852478,0.2541477978229522,0.9534244537353516,0.0640851855278015,0.709252119064331,0.4653027057647705,0.8564156889915466,0.0400489345192909,0.7659066319465637,0.1880892664194107,0.974376142024994
0.2373017817735672,-0.5953813791275024,-0.1639246940612793,0.997004508972168,0.21869558095932,-0.639273464679718,-0.1579669415950775,0.995381236076355,0.2187643051147461,-0.6393860578536987,-0.1574097722768783,0.9948468208312988,0.2184055894613266,-0.640156090259552,-0.1572241634130478,0.9956611394882202,0.2188909351825714,-0.6314197778701782,-0.1932712793350219,0.9961726069450378,0.2195848673582077,-0.6321477293968201,-0.1940891593694687,0.996448278427124,0.2190405428409576,-0.633378803730011,-0.1933011710643768,0.9966657161712646,0.1072528883814811,-0.6600152254104614,-0.0770240649580955,0.9927454590797424,0.0959660559892654,-0.625216007232666,-0.2482542097568512,0.9962836503982544,0.192988708615303,-0.5831201076507568,-0.1305003315210342,0.9945381283760072,0.1899546980857849,-0.5731663107872009,-0.1795641481876373,0.9952651262283324,0.0242373496294021,-0.5260568261146545,0.0503519847989082,0.9974022507667542,0.027260947972536,-0.441008448600769,-0.2725996971130371,0.9992957711219788,0.124456025660038,-0.3937852680683136,0.185415431857109,0.0383309200406074,0.19739730656147,-0.2963643670082092,-0.2432736158370971,0.9634634256362916,0.1863345354795456,-0.4886696934700012,0.2168511599302292,0.0997438952326774,0.2203644067049026,-0.4908642172813415,-0.1026232913136482,0.91893869638443,0.1875886917114257,-0.505511462688446,0.2221957296133041,0.1309932172298431,0.2254809439182281,-0.5405348539352417,-0.1149158477783203,0.8951141834259033,0.1854872703552246,-0.5139951705932617,0.2226598113775253,0.1343007236719131,0.1693872213363647,-0.5667595267295837,-0.1248525083065033,0.8857107758522034,0.1853936165571212,-0.4950496852397918,0.2161305844783783,0.1381707042455673,0.1949902772903442,-0.5136767029762268,-0.1046415716409683,0.8299180865287781,0.0141595574095845,-0.0170775465667247,0.1024795323610305,0.9977712035179138,-0.0147913992404937,0.0163137428462505,-0.1015731394290924,0.9982235431671144,-0.0283085852861404,0.3658386468887329,0.3005855679512024,0.3854976296424866,-0.0217129606753587,0.3808739483356476,0.0794166252017021,0.9563124775886536,-0.0529637672007083,0.6592317819595337,0.4714666306972503,0.6565433144569397,-0.0669626966118812,0.6978793740272522,0.2374816983938217,0.9797710180282592,-0.0452938228845596,0.6978657841682434,0.4832972884178161,0.7264799475669861,-0.0671023279428482,0.7396519780158997,0.2485631853342056,0.9537593126296996,0.0642487481236457,0.7090511918067932,0.4665316343307495,0.8575435876846313,0.0372396782040596,0.76566481590271,0.1808832883834839,0.9739142656326294
0.2346937656402588,-0.5950502157211304,-0.1630146652460098,0.9966585636138916,0.2171540409326553,-0.6388673186302185,-0.1574003249406814,0.9948608875274658,0.2171832174062729,-0.6389797329902649,-0.1568527072668075,0.9942453503608704,0.216811403632164,-0.6397523880004883,-0.1566651910543441,0.9951080679893494,0.2172628939151764,-0.6312139630317688,-0.1926372796297073,0.9957526922225952,0.2179251015186309,-0.6319347023963928,-0.1934752017259597,0.996128261089325,0.2173573076725006,-0.6331691741943359,-0.1927071809768676,0.996350646018982,0.1065473556518554,-0.659996747970581,-0.0769078582525253,0.9922492504119872,0.0951132625341415,-0.6253592371940613,-0.2478006184101104,0.9959681630134584,0.1904547959566116,-0.5829131603240967,-0.1297826170921325,0.9940293431282043,0.1876035332679748,-0.5732097029685974,-0.1786920875310897,0.9947367310523988,0.0237816702574491,-0.5262044668197632,0.0504242815077304,0.9973118901252748,0.0269538890570402,-0.4429156184196472,-0.2721969783306122,0.9992727041244508,0.1212266907095909,-0.39150470495224,0.1873553097248077,0.0384038276970386,0.1974333524703979,-0.3001220822334289,-0.2398394793272018,0.9627385139465332,0.1777337938547134,-0.4776992201805115,0.2208716124296188,0.0967450439929962,0.2104334086179733,-0.4907078444957733,-0.098331518471241,0.9206631183624268,0.1790002882480621,-0.4959167838096618,0.226864218711853,0.1267831474542617,0.2152541130781173,-0.5407207608222961,-0.1109016835689544,0.8980483412742615,0.1779134273529052,-0.5052892565727234,0.2274772673845291,0.129777729511261,0.1598894000053405,-0.5654953718185425,-0.1219659075140953,0.8891674876213074,0.1768691092729568,-0.484318196773529,0.2203324288129806,0.134040281176567,0.1861127614974975,-0.5127807855606079,-0.1007054299116134,0.8351290225982666,0.0141731090843677,-0.0170761961489915,0.1022274792194366,0.9978095889091492,-0.0148027082905173,0.0163125302642583,-0.1013326421380043,0.9982311725616456,-0.0288115032017231,0.3657258152961731,0.3012309670448303,0.390667974948883,-0.022432392463088,0.3810684084892273,0.0775022655725479,0.9556148052215576,-0.0529537387192249,0.6587074995040894,0.4725638926029205,0.6583065986633301,-0.068680852651596,0.6985498666763306,0.2299244403839111,0.9791958332061768,-0.0452114082872867,0.6973497867584229,0.4843682646751404,0.7273038625717163,-0.0689595937728881,0.7403429746627808,0.2403721362352371,0.953738808631897,0.0645402073860168,0.7088627219200134,0.4670231938362121,0.8558254241943359,0.0359366945922374,0.765687882900238,0.1714399755001068,0.9730708003044128
0.2332923114299774,-0.5941061973571777,-0.1630113571882248,0.9965037107467652,0.2162950038909912,-0.6380661129951477,-0.1572657972574234,0.9946171641349792,0.2162982523441314,-0.6381847858428955,-0.1567061692476272,0.9940105080604552,0.2159477919340133,-0.6389466524124146,-0.1565222293138504,0.9948047399520874,0.2163224220275879,-0.6307398676872253,-0.1923154592514038,0.9954509735107422,0.2169408649206161,-0.6314292550086975,-0.1931499391794204,0.9959143996238708,0.2163773328065872,-0.6326652765274048,-0.1923691183328628,0.9960891604423524,0.106289617717266,-0.6598461866378784,-0.0778293758630752,0.9920024871826172,0.0943452417850494,-0.6258659362792969,-0.2476455718278885,0.995685577392578,0.1891410946846008,-0.5821809768676758,-0.13015216588974,0.9938240051269532,0.1862470805644989,-0.572894811630249,-0.1786993443965912,0.9944453835487366,0.0231836624443531,-0.5236414074897766,0.048754297196865,0.9973382353782654,0.0263879131525754,-0.4458650052547455,-0.2729746401309967,0.9992847442626952,0.1021681576967239,-0.3383604288101196,0.1869739294052124,0.0372345708310604,0.1919808387756347,-0.2972729504108429,-0.2406797558069229,0.9632841348648072,0.1482714265584945,-0.3129808902740478,0.2129764258861541,0.092239536345005,0.2016114443540573,-0.4771735668182373,-0.1030157431960105,0.9238367080688475,0.1539330780506134,-0.3036643862724304,0.2163531482219696,0.1212882027029991,0.2078595906496048,-0.5255704522132874,-0.1163391098380088,0.9025224447250366,0.1541412472724914,-0.3105679154396057,0.2168924063444137,0.1241463422775268,0.1543255448341369,-0.5523085594177246,-0.1240984424948692,0.8942266702651978,0.1479652971029281,-0.3131606578826904,0.2119381725788116,0.1288228034973144,0.1786350458860397,-0.4990186989307403,-0.1045840084552764,0.8426224589347839,0.0147926239296793,-0.0164895392954349,0.1022672206163406,0.9978893995285034,-0.0153951216489076,0.0157112851738929,-0.1013774648308754,0.9982956051826476,-0.0287873372435569,0.3662278652191162,0.3104308843612671,0.391943871974945,-0.0243904162198305,0.3808952867984772,0.0768618807196617,0.9562247395515442,-0.0530284866690635,0.6581936478614807,0.4915961921215057,0.6620469093322754,-0.0714568868279457,0.6985238194465637,0.232652798295021,0.9790655374526978,-0.0451876334846019,0.6968282461166382,0.5036507844924927,0.7316434383392334,-0.0717724412679672,0.7403318881988525,0.2432225942611694,0.9543219208717346,0.0655108168721199,0.7087032794952393,0.4811078906059265,0.8567257523536682,0.0343771800398826,0.7656880617141724,0.173777088522911,0.9728256464004515
0.2326984405517578,-0.5927847623825073,-0.1629471033811569,0.9963866472244264,0.215749591588974,-0.6368793249130249,-0.1570027321577072,0.9944790601730348,0.2157288938760757,-0.6370033025741577,-0.1564387083053589,0.9938843846321106,0.2154184728860855,-0.6377498507499695,-0.1562552154064178,0.9945665001869202,0.2158498466014862,-0.6297957897186279,-0.1920444816350937,0.995210826396942,0.216428741812706,-0.6304452419281006,-0.1928866058588028,0.9957417249679564,0.2158810794353485,-0.6316781640052795,-0.1921019405126571,0.995855450630188,0.1052610725164413,-0.6592803001403809,-0.0779587849974632,0.9917818307876588,0.0929780676960945,-0.6260216236114502,-0.2478480637073516,0.9954915046691896,0.1884264200925827,-0.581006646156311,-0.1302623003721237,0.9937318563461304,0.1854641139507293,-0.5720246434211731,-0.1787334531545639,0.9942775964736938,0.0225009117275476,-0.5188080072402954,0.0475984178483486,0.9974177479743958,0.0255824476480484,-0.448555588722229,-0.2741264402866363,0.9993100762367249,0.0785060003399849,-0.2942139208316803,0.1719769537448883,0.0355885587632656,0.1894269287586212,-0.296236515045166,-0.2386149019002914,0.963648796081543,0.1310221254825592,-0.2042801529169082,0.164791464805603,0.0870958343148231,0.1929434835910797,-0.4773341715335846,-0.0968742817640304,0.92705100774765,0.1418954581022262,-0.1804787665605545,0.1654136776924133,0.1153777167201042,0.1992913782596588,-0.5279509425163269,-0.1123400628566742,0.9072940945625304,0.140054315328598,-0.1847465187311172,0.1522713303565979,0.1182374209165573,0.1451133638620376,-0.5561234951019287,-0.1230921447277069,0.8996270298957825,0.1300405859947204,-0.2002234607934951,0.1576272100210189,0.1233616098761558,0.1698645949363708,-0.4996859729290008,-0.0996843725442886,0.8508715033531189,0.0154691794887185,-0.0158732905983924,0.1025858521461486,0.9979820847511292,-0.0160415582358837,0.015070860274136,-0.1017015799880027,0.998378038406372,-0.0295201130211353,0.3665523827075958,0.3169597387313843,0.3892107307910919,-0.0272182710468769,0.3807810246944427,0.0767232328653335,0.9566441178321838,-0.0563391409814357,0.6577903032302856,0.5025675296783447,0.663831889629364,-0.0761235207319259,0.698670506477356,0.2344559729099273,0.9787057042121888,-0.0482980646193027,0.6964025497436523,0.5148229598999023,0.7353720664978027,-0.0766164064407348,0.7405794262886047,0.2454012930393219,0.9546063542366028,0.0651058256626129,0.7084739208221436,0.491829514503479,0.857022762298584,0.0314792469143867,0.766159176826477,0.1767940074205398,0.9723262190818788
0.2320509999990463,-0.5922698974609375,-0.1628845036029815,0.9963381290435792,0.2145619839429855,-0.6364095211029053,-0.1567711532115936,0.9944722056388856,0.214526891708374,-0.6365351676940918,-0.1562036126852035,0.9938963651657104,0.2142678648233413,-0.6372724175453186,-0.1560210883617401,0.9944647550582886,0.2149718850851059,-0.6293202638626099,-0.1918351948261261,0.9950968027114868,0.2155163139104843,-0.6299377083778381,-0.192685067653656,0.9956609010696412,0.2149941474199295,-0.631169319152832,-0.1919053196907043,0.995718777179718,0.1025667339563369,-0.658940851688385,-0.0779597535729408,0.991687536239624,0.090879201889038,-0.6262431740760803,-0.2483445554971695,0.995429754257202,0.1876063048839569,-0.5804821252822876,-0.1303150057792663,0.9937286376953124,0.1846606433391571,-0.5715101361274719,-0.1788303703069687,0.9942232966423036,0.0205834172666072,-0.5154429078102112,0.0459686964750289,0.9975091814994812,0.0248044598847627,-0.4499762654304504,-0.2753965556621551,0.9993378520011902,0.0547947660088539,-0.2794077396392822,0.154945358633995,0.0337413437664508,0.1870709955692291,-0.2941579222679138,-0.234255313873291,0.963451087474823,0.1169479861855506,-0.1698919236660003,0.1248138546943664,0.0820620507001876,0.1873895972967147,-0.4754506945610046,-0.0828925371170044,0.9292877912521362,0.1315745711326599,-0.1403139680624008,0.1207087934017181,0.1098527386784553,0.1947964429855346,-0.5265598893165588,-0.0988915339112281,0.9111528396606444,0.1289413720369339,-0.1430300027132034,0.1031461209058761,0.1127675846219062,0.1412965953350067,-0.5562073588371277,-0.1116800457239151,0.9040804505348206,0.1158905252814292,-0.163998857140541,0.1147492527961731,0.1183722838759422,0.1647513508796692,-0.4984031319618225,-0.0861499607563018,0.8579384088516235,0.0158812403678894,-0.0153447100892663,0.1028627678751945,0.9980754256248474,-0.0164254382252693,0.0145183261483907,-0.1019699946045875,0.9984626770019532,-0.0336501449346542,0.3665996789932251,0.3234026432037353,0.3855907320976257,-0.0304227489978075,0.3801377415657043,0.0768565014004707,0.9568310379981996,-0.0606731660664081,0.6575707793235779,0.5135160088539124,0.6661751866340637,-0.0787812918424606,0.6985797882080078,0.2373393923044204,0.9781599044799804,-0.0520976521074771,0.6962219476699829,0.5262858867645264,0.7395949959754944,-0.0791466683149337,0.7405478954315186,0.247847318649292,0.9546219110488892,0.0643414482474327,0.7079282402992249,0.5045598149299622,0.8575596809387207,0.0304172784090042,0.7661767601966858,0.1787863373756408,0.9715877175331116
0.2307641059160232,-0.5924250483512878,-0.1627929210662841,0.9962006211280824,0.2128432542085647,-0.6364754438400269,-0.1566378325223922,0.9943064451217652,0.2128122299909591,-0.6366047263145447,-0.1560687571763992,0.993726909160614,0.2125652581453323,-0.6373375654220581,-0.1558881103992462,0.9941997528076172,0.2135133892297744,-0.6294173002243042,-0.1916353702545166,0.994880199432373,0.2140479534864425,-0.6300333738327026,-0.1924786269664764,0.9955065846443176,0.2135302424430847,-0.6312656998634338,-0.19169482588768,0.9955193400382996,0.1004545763134956,-0.6587345600128174,-0.0778788551688194,0.9913965463638306,0.0893495008349418,-0.6263250708580017,-0.2482669353485107,0.9952908754348756,0.1863334327936172,-0.5804708003997803,-0.1302589029073715,0.99357008934021,0.1834952980279922,-0.5715687274932861,-0.1787314414978027,0.9940613508224488,0.0187782887369394,-0.5152334570884705,0.0458162762224674,0.9975512623786926,0.0239025298506021,-0.451547622680664,-0.2757627964019775,0.9993576407432556,0.0566075220704078,-0.291107714176178,0.1554947346448898,0.0322844870388507,0.1853600442409515,-0.2956115305423736,-0.2319236397743225,0.963224232196808,0.1209940165281295,-0.2189076393842697,0.1346871703863144,0.0776512846350669,0.1774731427431106,-0.4770255088806152,-0.0787678882479667,0.9310224652290344,0.1344974488019943,-0.201237604022026,0.1328679323196411,0.1048173010349273,0.1828634142875671,-0.5289270281791687,-0.0941900759935379,0.9141319394111632,0.1325918138027191,-0.2056900411844253,0.1186992451548576,0.1077136024832725,0.1284215748310089,-0.5566043257713318,-0.1076581478118896,0.9075371026992798,0.120439201593399,-0.2159246355295181,0.1263936758041381,0.1136528626084327,0.1542394906282425,-0.4992774426937103,-0.0821407958865165,0.8634465932846069,0.0159273482859134,-0.0152084864675998,0.1030455157160759,0.9981308579444884,-0.0164670515805482,0.0143730649724602,-0.1021491214632988,0.9985194206237792,-0.0344408750534057,0.3668939471244812,0.3243789076805115,0.3836396932601928,-0.0312283057719469,0.3801394999027252,0.0753924623131752,0.957079529762268,-0.0614828020334243,0.6574057340621948,0.5133715867996216,0.6677340865135193,-0.0795635730028152,0.6991344094276428,0.2357783764600753,0.9778579473495485,-0.0527867041528224,0.6960467100143433,0.525954008102417,0.7423630952835083,-0.0799801796674728,0.741262674331665,0.2460172027349472,0.9547527432441713,0.0641503483057022,0.7077922821044922,0.5040872693061829,0.8577786087989807,0.0301145687699317,0.7672886252403259,0.177406758069992,0.9711185693740844
0.2288475632667541,-0.5920152068138123,-0.1617195755243301,0.9959695935249328,0.2102921307086944,-0.6360214352607727,-0.1551788449287414,0.9940184354782104,0.2102719098329544,-0.6361535787582397,-0.1546155661344528,0.9934516549110411,0.2100514471530914,-0.6368764638900757,-0.1544345468282699,0.9937756061553956,0.2113065272569656,-0.6290010213851929,-0.1905167251825332,0.9944979548454284,0.2118298113346099,-0.6296026706695557,-0.1914016753435135,0.995215117931366,0.2113273739814758,-0.6308374404907227,-0.190635934472084,0.9951468110084534,0.0972666665911674,-0.6584218144416809,-0.0768433660268783,0.990815818309784,0.0869282409548759,-0.6264983415603638,-0.2479719817638397,0.9950389862060548,0.1844607591629028,-0.5800976753234863,-0.1293146014213562,0.9932685494422911,0.1817120909690857,-0.5712466835975647,-0.1779914945363998,0.9937610626220704,0.0162732601165771,-0.5142813324928284,0.045877818018198,0.9976139068603516,0.0231000911444425,-0.4532657563686371,-0.2758266627788543,0.999378740787506,0.0461660511791706,-0.2826551795005798,0.1496386677026748,0.0305733699351549,0.1847311556339264,-0.296220064163208,-0.2250885516405105,0.9623122811317444,0.1140714958310127,-0.1826097965240478,0.1188678294420242,0.0731066688895225,0.1721368283033371,-0.4775737822055816,-0.0630531311035156,0.9319943189620972,0.1304014474153518,-0.1568743288516998,0.1153858453035354,0.0996262654662132,0.1784831136465072,-0.530243992805481,-0.0773616209626197,0.916404128074646,0.1266056448221206,-0.1591203957796096,0.0997470766305923,0.1025490015745163,0.1239062547683715,-0.5576680302619934,-0.0917733758687973,0.9102571606636048,0.1127789840102195,-0.1771052926778793,0.1094406098127365,0.1088253259658813,0.1488707363605499,-0.4997517168521881,-0.0664331689476966,0.8681528568267822,0.0160568635910749,-0.0149680050089955,0.1033387705683708,0.9981865882873536,-0.0165809597820043,0.0141226146370172,-0.1024319976568222,0.9985759854316713,-0.0356911495327949,0.3668483793735504,0.3256661593914032,0.379707396030426,-0.0325579121708869,0.3800323903560638,0.0746553987264633,0.9570463299751282,-0.0633216127753257,0.657229483127594,0.5130627751350403,0.6684243679046631,-0.0811214447021484,0.6992821097373962,0.2363246977329254,0.9773402214050292,-0.0544502288103103,0.6958553194999695,0.5254935622215271,0.7448511719703674,-0.081530213356018,0.7415510416030884,0.2465911656618118,0.9546263813972472,0.0638064816594123,0.7075070142745972,0.5043326020240784,0.8575040102005005,0.0296523235738277,0.7677913308143616,0.1783572286367416,0.9703757166862488
0.2273948490619659,-0.5924471616744995,-0.158881738781929,0.9957548379898072,0.2081823796033859,-0.6363690495491028,-0.1519706696271896,0.9937592148780824,0.2081862837076187,-0.636501669883728,-0.1514072567224502,0.9932029247283936,0.2079710662364959,-0.6372189521789551,-0.1512349843978881,0.9934001564979552,0.2094318270683288,-0.6294347643852234,-0.187404379248619,0.994139850139618,0.2099655419588089,-0.6300158500671387,-0.188306525349617,0.9949332475662231,0.2094643712043762,-0.6312552094459534,-0.1875546723604202,0.9947912693023682,0.0951609313488006,-0.6586878299713135,-0.0743705406785011,0.9902815222740172,0.0854164958000183,-0.6275113224983215,-0.2457272261381149,0.9947840571403505,0.1832512617111206,-0.5805261135101318,-0.1268016099929809,0.9929878115653992,0.1805685460567474,-0.5717735886573792,-0.1754964143037796,0.9935006499290466,0.0142362238839268,-0.5143564343452454,0.0466009862720966,0.9976595640182496,0.0230819005519151,-0.4565832614898681,-0.2753546237945556,0.9993916153907776,0.0392772704362869,-0.284699410200119,0.1494194269180297,0.0289200078696012,0.1829752326011657,-0.2997733354568481,-0.2207224071025848,0.96073180437088,0.1100922301411628,-0.1906140595674514,0.1211232021450996,0.0689180716872215,0.1681667417287826,-0.4774535298347473,-0.0522900223731994,0.9310150146484376,0.1275772452354431,-0.166422501206398,0.1182215809822082,0.0948387756943702,0.1748978197574615,-0.5288681983947754,-0.0652105286717414,0.9165368676185608,0.1246024295687675,-0.169413685798645,0.103057637810707,0.097785897552967,0.1217253729701042,-0.5555054545402527,-0.0793661251664161,0.9107362627983092,0.1093603521585464,-0.1857318431138992,0.1119856834411621,0.1042512878775596,0.1454485356807708,-0.4989471137523651,-0.0553695522248744,0.8700345158576965,0.0161443594843149,-0.014818737283349,0.103665105998516,0.998230516910553,-0.0166546367108821,0.0139659857377409,-0.1027399599552154,0.998619258403778,-0.0356730334460735,0.3668344616889953,0.3259517550468445,0.3790528774261474,-0.0330270230770111,0.3800218105316162,0.0734093561768531,0.9574820399284364,-0.0632684826850891,0.6570927500724792,0.5120388269424438,0.6719379425048828,-0.0811621844768524,0.6996282935142517,0.2356831580400467,0.9771969318389891,-0.0543758608400821,0.695719838142395,0.5245703458786011,0.7486922740936279,-0.0815593153238296,0.7420632243156433,0.2459056973457336,0.9547581076622008,0.0639022216200828,0.7074273228645325,0.5032610893249512,0.8588423728942871,0.0296964850276708,0.768782377243042,0.1785058230161667,0.970169186592102
0.225359559059143,-0.5928494930267334,-0.1571381986141204,0.9955589175224304,0.205927699804306,-0.6365792155265808,-0.1501671522855758,0.9935427904129028,0.2059710919857025,-0.6367083191871643,-0.1496013551950454,0.9929948449134828,0.2057326883077621,-0.6374196410179138,-0.1494309455156326,0.9930985569953918,0.2072765529155731,-0.6297844648361206,-0.1855119317770004,0.9938756823539734,0.2078254967927932,-0.6303523182868958,-0.1864121258258819,0.9947468042373656,0.2072967886924743,-0.6315953135490417,-0.1856493055820465,0.994552731513977,0.0936988443136215,-0.6587324142456055,-0.0727832019329071,0.9898956418037416,0.0841418802738189,-0.6283057332038879,-0.2439181059598922,0.9946463108062744,0.1815903186798095,-0.5808518528938293,-0.1252150386571884,0.992728590965271,0.1789681166410446,-0.5722869038581848,-0.1738536655902862,0.9932920336723328,0.0123373083770275,-0.5146436095237732,0.047653455287218,0.9976612329483032,0.0230378042906522,-0.4585427343845367,-0.2748375236988067,0.9993990659713744,0.0413706041872501,-0.2912554442882538,0.1498346328735351,0.0274211950600147,0.1797715276479721,-0.30042365193367,-0.2170884609222412,0.9588937759399414,0.1113976091146469,-0.2231785655021667,0.1263868659734726,0.0649682804942131,0.1620835661888122,-0.474756121635437,-0.0442843995988369,0.9288206100463868,0.1273782700300216,-0.2069614082574844,0.1244052723050117,0.0901632159948349,0.1675282418727874,-0.5257254242897034,-0.0558992214500904,0.914984941482544,0.1250929981470108,-0.2114879637956619,0.1104150488972663,0.0930483862757682,0.1143153607845306,-0.5514804720878601,-0.0695278793573379,0.9093436598777772,0.1108630374073982,-0.2204716950654983,0.1180473268032074,0.0995760560035705,0.1391087770462036,-0.4958507120609283,-0.0471179224550724,0.8693298697471619,0.0161703471094369,-0.0146046979352831,0.1037842109799385,0.9982547760009766,-0.0166754964739084,0.0137469246983528,-0.1028535217046737,0.9986319541931152,-0.0360136814415454,0.3674995601177215,0.3245653212070465,0.3809101581573486,-0.0340874046087265,0.3799907863140106,0.0730059146881103,0.9579718708992004,-0.0632382854819297,0.6580240726470947,0.5035591721534729,0.676661491394043,-0.0811310783028602,0.6998137831687927,0.2354708760976791,0.9773949384689332,-0.0543596036732196,0.6968314051628113,0.5147841572761536,0.7528553009033203,-0.0815171524882316,0.742338240146637,0.2457349151372909,0.9552176594734192,0.0636971071362495,0.7087820768356323,0.4925263226032257,0.8609648942947388,0.0294960122555494,0.7694871425628662,0.1789046674966812,0.9703688621520996
0.225333571434021,-0.5930407047271729,-0.1560653448104858,0.9951056838035583,0.2056516110897064,-0.6367319822311401,-0.1483606845140457,0.9930314421653748,0.2057035565376281,-0.6368668079376221,-0.1477980613708496,0.9925451874732972,0.2054639756679535,-0.6375725865364075,-0.1476418524980545,0.9924394488334656,0.2070942670106887,-0.6299151182174683,-0.1840486526489257,0.993121325969696,0.2076380997896194,-0.6304799914360046,-0.1849975883960724,0.9941188097000122,0.2071232199668884,-0.6317277550697327,-0.1842493414878845,0.993747353553772,0.0929997786879539,-0.658561646938324,-0.0703787505626678,0.9888230562210084,0.0835196003317833,-0.6283923387527466,-0.2429248243570327,0.9941279292106628,0.1815714538097381,-0.580955982208252,-0.1239636540412902,0.9920831322669984,0.1789255738258361,-0.5723779797554016,-0.1728989779949188,0.9926548004150392,0.0110068172216415,-0.5137701034545898,0.0481553673744201,0.9977203011512756,0.0228905323892831,-0.4600370526313782,-0.2745634019374847,0.9994018077850342,0.0236185584217309,-0.2764152884483337,0.1280985623598098,0.0260677672922611,0.1726496666669845,-0.2994046211242676,-0.2145270407199859,0.956678032875061,0.0943175479769706,-0.1545515060424804,0.0668491646647453,0.0616236105561256,0.1555598974227905,-0.4732299149036407,-0.0444698072969913,0.9263336062431335,0.1125853881239891,-0.121139645576477,0.0594898015260696,0.086467258632183,0.1630088090896606,-0.5224837064743042,-0.0575430244207382,0.9138063192367554,0.1108309105038642,-0.1202765479683876,0.0434996746480464,0.0893424302339553,0.1107785627245903,-0.5487217903137207,-0.0708283856511116,0.9084979295730592,0.0938756018877029,-0.1463557928800583,0.0562186725437641,0.0960957407951355,0.1331196129322052,-0.4945873320102691,-0.0473872013390064,0.8696926832199097,0.0162008367478847,-0.0143239190801978,0.1045141145586967,0.998299241065979,-0.016697647050023,0.0134659567847847,-0.1035599485039711,0.9986495971679688,-0.0379040390253067,0.367654025554657,0.3244766891002655,0.3813073337078094,-0.0361956469714641,0.3799798786640167,0.0730571821331977,0.9581616520881652,-0.0646082460880279,0.6584296822547913,0.5033378005027771,0.6819913387298584,-0.0810660868883133,0.7000759243965149,0.2387740314006805,0.9771608114242554,-0.0555120259523391,0.6972360014915466,0.5144915580749512,0.7586244940757751,-0.0814105942845344,0.7427205443382263,0.2489195317029953,0.955690324306488,0.0633404105901718,0.7089301347732544,0.4922269284725189,0.8631833791732788,0.0296687893569469,0.768945038318634,0.1810401976108551,0.9700607061386108
0.2236515879631042,-0.5915052890777588,-0.1532611548900604,0.995132565498352,0.204449251294136,-0.6345950365066528,-0.1458560526371002,0.993151307106018,0.204544186592102,-0.634721040725708,-0.1453254520893097,0.9927196502685548,0.2042971104383468,-0.6354073882102966,-0.1451570689678192,0.992501974105835,0.2058165371417999,-0.6282122135162354,-0.1817556172609329,0.9931855201721193,0.2063368707895279,-0.6287516951560974,-0.1827489584684372,0.9942288994789124,0.2058087736368179,-0.6300016641616821,-0.1819750815629959,0.993796408176422,0.0920084044337272,-0.6572813987731934,-0.0675563514232635,0.988937258720398,0.0823357999324798,-0.6284744739532471,-0.2415432929992675,0.9943230748176576,0.1796368211507797,-0.5799390077590942,-0.1211059093475341,0.9922813177108764,0.1770185381174087,-0.571742832660675,-0.170469731092453,0.9928559064865112,0.0104431398212909,-0.5138247609138489,0.0492293164134025,0.9978092908859252,0.0185067392885684,-0.4610191881656647,-0.2738149762153625,0.9994359016418456,0.0286571960896253,-0.2816358804702759,0.1090419366955757,0.0247799642384052,0.1619216650724411,-0.2971943616867065,-0.2041293531656265,0.9558446407318116,0.0997224748134613,-0.1906903684139251,0.028708403930068,0.0580608583986759,0.1475270688533783,-0.4618585407733917,-0.0221703946590423,0.9252536296844482,0.1167064607143402,-0.1685161739587783,0.0208015851676464,0.082112118601799,0.1554774045944214,-0.5160897970199585,-0.0319873541593551,0.9127324223518372,0.1108283102512359,-0.1709534227848053,0.0103526739403605,0.0849529430270195,0.0991433337330818,-0.5404810309410095,-0.0480562038719654,0.9076271653175354,0.097276285290718,-0.1860805600881576,0.019975172355771,0.0917915999889373,0.1233251020312309,-0.4834518432617187,-0.0256836749613285,0.8694303035736084,0.0166140142828226,-0.0139116020873188,0.10457144677639,0.9983493685722352,-0.0170716363936662,0.0130608789622783,-0.1036188006401062,0.9986732602119446,-0.0385625176131725,0.3714342415332794,0.3203730285167694,0.3864216804504394,-0.0382320955395698,0.379963219165802,0.0694964453577995,0.9589990973472596,-0.0645131394267082,0.6612946391105652,0.4870004951953888,0.687684178352356,-0.0810136795043945,0.7005389928817749,0.2305810153484344,0.977549374103546,-0.0554284341633319,0.7003616690635681,0.4964560866355896,0.7640672326087952,-0.0813241079449653,0.7433997988700867,0.2403628975152969,0.95651113986969,0.0633161514997482,0.7122621536254883,0.4724451303482055,0.865612268447876,0.0296805351972579,0.7702478170394897,0.1724367588758468,0.9705060124397278
0.2241751849651336,-0.5892737507820129,-0.1527208834886551,0.9949353933334352,0.2048119455575943,-0.6328151226043701,-0.1447144895792007,0.993070900440216,0.204925388097763,-0.6329479813575745,-0.1441629827022552,0.9927093386650084,0.204667255282402,-0.6335996389389038,-0.1440230906009674,0.9923322796821594,0.206013336777687,-0.6264244914054871,-0.1808735579252243,0.9929212927818298,0.2065198272466659,-0.6269114017486572,-0.1818973124027252,0.9940119981765748,0.2060036808252334,-0.6281708478927612,-0.1811671555042266,0.9934553503990172,0.0920568406581878,-0.6558689475059509,-0.0640195310115814,0.9886611104011536,0.0814055427908897,-0.6281093955039978,-0.2396300286054611,0.9942868947982788,0.1799642890691757,-0.5780280232429504,-0.1199361905455589,0.9921637773513794,0.1770691871643066,-0.569817841053009,-0.1696096807718277,0.9927313327789308,0.0107046654447913,-0.5095255970954895,0.0508487410843372,0.997887909412384,0.0167041197419166,-0.4609915912151336,-0.2721865773200989,0.9994569420814514,0.0220471005886793,-0.2655864953994751,0.0741006359457969,0.02368682064116,0.1551219075918197,-0.2897202670574188,-0.1981725245714187,0.9552903771400452,0.0853375792503357,-0.1384161561727523,-0.0492282845079898,0.0550843700766563,0.1406855285167694,-0.447463184595108,-0.0223457738757133,0.923799991607666,0.1002648770809173,-0.1010683476924896,-0.0644076690077781,0.0787554755806922,0.1493070423603058,-0.4996008574962616,-0.0358806811273098,0.9122323393821716,0.0974472910165786,-0.0993089452385902,-0.0780658423900604,0.0815885215997695,0.0976276323199272,-0.5267065763473511,-0.051079336553812,0.9075155258178712,0.0829183682799339,-0.1295289695262909,-0.0609164386987686,0.088490329682827,0.1182918027043342,-0.4690284729003906,-0.0262430906295776,0.8703232407569885,0.0175892524421215,-0.0126833692193031,0.1049586087465286,0.9984123706817628,-0.0179757010191679,0.0118474084883928,-0.1040011420845985,0.9986924529075624,-0.0406862646341323,0.3734325170516968,0.3188798129558563,0.3968358337879181,-0.0409362278878688,0.3801266551017761,0.0708526819944381,0.960170567035675,-0.0662039294838905,0.6626325249671936,0.4845835566520691,0.698289155960083,-0.0809647068381309,0.7005835771560669,0.2406148910522461,0.9776031374931335,-0.0570839568972587,0.7014365792274475,0.4942930042743683,0.7728245854377747,-0.0812522545456886,0.7434676885604858,0.250354915857315,0.9571364521980286,0.0608339831233024,0.7136496305465698,0.4685657918453216,0.8702374696731567,0.0295709371566772,0.7689148783683777,0.1789658218622207,0.9707528352737428
0.2254934757947921,-0.5894402265548706,-0.1520031988620758,0.9945217370986938,0.2055414617061615,-0.6330261826515198,-0.1434756070375442,0.9926852583885192,0.20567587018013,-0.6331607699394226,-0.1428904384374618,0.9923836588859558,0.2053886950016021,-0.6338140964508057,-0.1427817493677139,0.991859495639801,0.2066873759031295,-0.6265652179718018,-0.1798147112131118,0.992285430431366,0.2071931362152099,-0.6270544528961182,-0.1808342188596725,0.9934192299842834,0.2066951692104339,-0.6283171772956848,-0.1801405996084213,0.9927250146865844,0.092166893184185,-0.6557800769805908,-0.0618643797934055,0.987866222858429,0.0812672078609466,-0.6280757188796997,-0.2381301075220108,0.9938698410987854,0.181081160902977,-0.5780908465385437,-0.1188266277313232,0.9915802478790284,0.1778041124343872,-0.5697908997535706,-0.1687139570713043,0.9921616315841676,0.010468078777194,-0.5078176856040955,0.0532702133059501,0.9979204535484314,0.0169511623680591,-0.4612415134906769,-0.2713256776332855,0.999450385570526,0.0150551199913024,-0.2606778144836426,0.0835335478186607,0.0226531438529491,0.1550119370222091,-0.2860121130943298,-0.1982782185077667,0.9535833597183228,0.078942485153675,-0.1262755990028381,-0.0148072354495525,0.0522249862551689,0.1454591602087021,-0.4393387734889984,-0.0252164117991924,0.9195863008499146,0.0938575938344001,-0.0854827463626861,-0.0262352973222732,0.0753184407949447,0.1546119600534439,-0.4877323806285858,-0.0399248003959655,0.9095320105552672,0.0967211127281189,-0.0826507657766342,-0.0405127517879009,0.0780874863266944,0.1026886031031608,-0.515583872795105,-0.053642276674509,0.9051673412322998,0.0793241038918495,-0.1160749122500419,-0.025988845154643,0.0849581286311149,0.1238009259104728,-0.4599836766719818,-0.0287517253309488,0.8686683177947998,0.017692482098937,-0.0122007727622985,0.1056167334318161,0.9984343647956848,-0.0180617831647396,0.0113647067919373,-0.1046271547675132,0.9986732006072998,-0.0427699014544487,0.3737248182296753,0.3187701404094696,0.4055550694465637,-0.0421890169382095,0.3809925615787506,0.0715940669178962,0.9608351588249208,-0.0679240301251411,0.6636501550674438,0.4852589070796966,0.7074983716011047,-0.0811618566513061,0.7014690041542053,0.2459470778703689,0.9773024916648864,-0.0588236711919307,0.7023175954818726,0.4952330291271209,0.7803307771682739,-0.081431545317173,0.7444145679473877,0.2557077407836914,0.9573373794555664,0.0582248978316783,0.715235710144043,0.4697235822677612,0.8743502497673035,0.0288801174610853,0.7688458561897278,0.183415412902832,0.9706484079360962
0.2256296277046203,-0.5905164480209351,-0.1501123607158661,0.9946155548095704,0.2055661976337433,-0.6337550282478333,-0.1420445740222931,0.992830753326416,0.2057071328163147,-0.6338913440704346,-0.1415065973997116,0.9925888180732728,0.2054194957017898,-0.6345431208610535,-0.1413645893335342,0.9920040369033812,0.206788033246994,-0.6274327039718628,-0.1784027367830276,0.9923968315124512,0.2073007971048355,-0.6279335618019104,-0.1794116199016571,0.9935637712478638,0.206797644495964,-0.6292049288749695,-0.1786726713180542,0.9928290247917176,0.0920811295509338,-0.6561277508735657,-0.0614420548081398,0.9881721138954164,0.0816027745604515,-0.6290181279182434,-0.2376968413591385,0.994031548500061,0.1811688691377639,-0.5789716839790344,-0.1174376532435417,0.9917660355567932,0.1781471967697143,-0.5708851218223572,-0.1673320829868316,0.9923468232154846,0.0101230889558792,-0.5093640685081482,0.0536506436765193,0.997954487800598,0.0169870276004076,-0.4623591601848602,-0.2713556885719299,0.9994668960571288,0.0184056758880615,-0.2620534896850586,0.0912444591522216,0.0215627569705247,0.1514302492141723,-0.28322634100914,-0.1998921185731887,0.9519934058189392,0.0852423757314682,-0.153288334608078,0.0107486797496676,0.0492257587611675,0.1481937021017074,-0.4340128004550934,-0.022515470162034,0.915328562259674,0.0999083593487739,-0.1297766715288162,0.000968303065747,0.0714097023010253,0.1577650010585785,-0.4840710461139679,-0.0340291485190391,0.9048901200294496,0.1019666641950607,-0.1371976882219314,-0.0154057601466774,0.0741282850503921,0.1061349660158157,-0.5116057991981506,-0.0482211969792842,0.9004971385002136,0.0855026319622993,-0.1508455574512481,-0.0003057116409763,0.0809462592005729,0.1265505850315094,-0.4552389681339264,-0.0257424730807542,0.8636432886123657,0.0177097711712121,-0.0121086733415722,0.1058531254529953,0.998423159122467,-0.0180757138878107,0.0112720346078276,-0.1048582568764686,0.9986534714698792,-0.0425859726965427,0.3742665350437164,0.3177124261856079,0.407990425825119,-0.0420502237975597,0.3810156881809234,0.0692759603261947,0.9616079330444336,-0.067843809723854,0.6642217040061951,0.4798498749732971,0.7101706266403198,-0.0834529548883438,0.7024619579315186,0.2388681918382644,0.9777675867080688,-0.0587643422186374,0.703157901763916,0.4891398549079895,0.7831074595451355,-0.0838312208652496,0.7457549571990967,0.2488145530223846,0.9580053091049194,0.058544136583805,0.7162216305732727,0.4646908342838287,0.8757566213607788,0.026804007589817,0.7722855806350708,0.1792247891426086,0.9710884690284728
0.2256510704755783,-0.5914056301116943,-0.1501467674970626,0.9947006106376648,0.2057269662618637,-0.6342608332633972,-0.1421719640493393,0.9929126501083374,0.2058852165937423,-0.634401261806488,-0.1416366547346115,0.9926995038986206,0.2055795639753341,-0.6350557804107666,-0.1414905190467834,0.9921092987060548,0.2069359868764877,-0.6280131340026855,-0.1784364134073257,0.992539882659912,0.2074636220932006,-0.6285416483879089,-0.179437831044197,0.9937254190444946,0.2069464176893234,-0.6298240423202515,-0.1786906272172927,0.9930098056793212,0.0927793830633163,-0.6565377712249756,-0.0621515288949012,0.988506555557251,0.0830402746796608,-0.6296336054801941,-0.2377350479364395,0.9942051768302916,0.181207537651062,-0.5798355937004089,-0.1175145804882049,0.9918469190597534,0.1782792061567306,-0.5719084143638611,-0.1673525422811508,0.9924802780151368,0.010055411607027,-0.5147403478622437,0.0536475591361522,0.9978844523429872,0.0171423777937889,-0.4626404941082001,-0.2719739377498626,0.9994689226150512,0.03307880833745,-0.3120878934860229,0.1260321736335754,0.0210287850350141,0.1490735411643982,-0.2830298244953155,-0.2032072842121124,0.950611650943756,0.1056909710168838,-0.3118946850299835,0.1161518394947052,0.0470129624009132,0.149986520409584,-0.4342514872550964,-0.0242530144751071,0.911083161830902,0.119362473487854,-0.3139592707157135,0.1196916177868843,0.0681777223944664,0.1597791165113449,-0.4841773509979248,-0.0366823524236679,0.8994989395141602,0.1196763589978218,-0.3242750465869903,0.1148943528532981,0.0707635208964347,0.1084037348628044,-0.5110082030296326,-0.0517614223062992,0.8948833346366882,0.1060757264494896,-0.3157411515712738,0.1119912713766098,0.0775284022092819,0.1285252273082733,-0.4553657472133636,-0.0265642590820789,0.8569837212562561,0.0177053287625312,-0.0120931062847375,0.1058766841888427,0.9983609318733216,-0.018069626763463,0.0112567692995071,-0.1048808693885803,0.998592734336853,-0.0419137924909591,0.3752266466617584,0.3144234418869018,0.4142169654369354,-0.0417880117893219,0.3816103041172027,0.0684651061892509,0.9623744487762452,-0.0646915435791015,0.665338933467865,0.4722408652305603,0.7141782641410828,-0.083385556936264,0.704168438911438,0.2348495125770568,0.978488564491272,-0.0556985288858413,0.7045746445655823,0.4810627698898315,0.7862186431884766,-0.0837501212954521,0.7476903200149536,0.2450747787952423,0.9590052962303162,0.0599932000041008,0.7177159190177917,0.4562342464923858,0.8776530623435974,0.026027362793684,0.7762199640274048,0.1766721755266189,0.9718063473701476
0.2257812321186065,-0.5927602052688599,-0.1467066556215286,0.994583010673523,0.2062980979681015,-0.6352407336235046,-0.1391758173704147,0.9927098751068116,0.2064743936061859,-0.6353810429573059,-0.1386454105377197,0.9924893975257874,0.2061376720666885,-0.6360398530960083,-0.1385035514831543,0.9919220805168152,0.2073753327131271,-0.6288959980010986,-0.1749054342508316,0.9924398064613342,0.2079289853572845,-0.6294636726379395,-0.175817921757698,0.993681013584137,0.2073938697576522,-0.630752444267273,-0.1750330179929733,0.9929994940757751,0.0943972691893577,-0.6579501628875732,-0.0602567642927169,0.9884985685348512,0.0845889151096344,-0.6306176781654358,-0.2339027225971222,0.994218647480011,0.1814604103565216,-0.5814937353134155,-0.1146686524152755,0.9916428327560424,0.1785796135663986,-0.5734585523605347,-0.163995087146759,0.9923792481422424,0.0110947983339428,-0.5220960974693298,0.0569815151393413,0.9977194666862488,0.0173186995089054,-0.4633335769176483,-0.2703966498374939,0.9994520545005798,0.0594905838370323,-0.3521752655506134,0.1491764634847641,0.0208199396729469,0.149164542555809,-0.2842229306697845,-0.2042477875947952,0.948313295841217,0.1244069710373878,-0.40004363656044,0.1530053615570068,0.0452924445271492,0.1509754210710525,-0.4372510015964508,-0.0255118198692798,0.9046138525009156,0.1349096447229385,-0.4104630053043365,0.1578929275274276,0.0655654892325401,0.1606198847293853,-0.4864377379417419,-0.0394594222307205,0.8921380043029785,0.1354684829711914,-0.4219107329845428,0.1570675820112228,0.0679915100336074,0.1095954850316047,-0.5117214918136597,-0.0546584129333496,0.8872875571250916,0.1248885691165924,-0.4058877825736999,0.1508563011884689,0.0746317952871322,0.1296687424182891,-0.4577548801898956,-0.0271901339292526,0.8480103611946106,0.0176945608109235,-0.0120888408273458,0.1058535575866699,0.9982790350914,-0.0180620700120925,0.0112532181665301,-0.1048553362488746,0.9985043406486512,-0.0409456267952919,0.3769050240516662,0.3080931007862091,0.4218752086162567,-0.0406269915401935,0.3836743235588074,0.0665427297353744,0.9626526832580566,-0.0626703351736068,0.6683713793754578,0.4618193209171295,0.7175936102867126,-0.0832447782158851,0.7069730162620544,0.2254971712827682,0.9788709878921508,-0.0538800247013568,0.707920491695404,0.4703023731708526,0.7881258130073547,-0.0837031304836273,0.7504940032958984,0.2355907261371612,0.9594128131866456,0.0603587180376052,0.7207220792770386,0.4443032145500183,0.8785480856895447,0.0251731984317302,0.7798749208450317,0.1679773330688476,0.972123682498932
0.2262902408838272,-0.5934355854988098,-0.1464745700359344,0.9945561289787292,0.2071583122014999,-0.6360109448432922,-0.1390535235404968,0.9926236867904664,0.2073426842689514,-0.6361445188522339,-0.1385280340909958,0.9924107789993286,0.2069872766733169,-0.6368100643157959,-0.1383851915597915,0.9918243288993835,0.2081109881401062,-0.6296584010124207,-0.1747146695852279,0.9924262166023254,0.2086762189865112,-0.630245566368103,-0.1756219267845153,0.993713676929474,0.2081266790628433,-0.6315307021141052,-0.1748325675725937,0.9930453300476074,0.0953785181045532,-0.6591777801513672,-0.0601825378835201,0.9885651469230652,0.0854326337575912,-0.6319283843040466,-0.2335285395383834,0.994292676448822,0.1819227784872055,-0.5822369456291199,-0.1144779399037361,0.991600215435028,0.1790953874588012,-0.5741880536079407,-0.1637084037065506,0.9924044013023376,0.0120484679937362,-0.5235583782196045,0.0575791485607624,0.997641623020172,0.0174587424844503,-0.463593989610672,-0.2702384293079376,0.9994513392448424,0.0652508363127708,-0.343850314617157,0.1490304917097091,0.0207142122089862,0.1500412821769714,-0.2843827307224273,-0.20587719976902,0.9478683471679688,0.1273185163736343,-0.3569117188453674,0.1401240229606628,0.0438053123652935,0.1521049290895462,-0.4378784596920013,-0.0311170443892478,0.9031304121017456,0.1376024335622787,-0.3590275049209595,0.1430612504482269,0.0632775351405143,0.161573052406311,-0.4872502982616424,-0.0431501157581806,0.8898992538452148,0.1370596587657928,-0.3683474659919739,0.1402006149291992,0.0655631050467491,0.109920248389244,-0.5121248960494995,-0.0576778128743171,0.8849751949310303,0.1270993053913116,-0.3601998090744018,0.136776864528656,0.0721378102898597,0.1305530071258545,-0.4583493173122406,-0.032857421785593,0.84527587890625,0.0177057385444641,-0.0120762372389435,0.1058389693498611,0.9982131123542786,-0.018074907362461,0.0112407347187399,-0.1048420220613479,0.998428761959076,-0.0404885411262512,0.377540647983551,0.3052443265914917,0.4277238249778747,-0.0402362383902072,0.3838960826396942,0.0652410760521888,0.962782621383667,-0.062359657138586,0.6694493889808655,0.4591624736785888,0.7202163338661194,-0.083214059472084,0.7070873379707336,0.2233886867761612,0.9790123105049132,-0.0536530464887619,0.7090942859649658,0.4676856696605682,0.7901121377944946,-0.0837056934833526,0.7505873441696167,0.233521282672882,0.9597001075744628,0.0604150034487247,0.7219652533531189,0.4410020709037781,0.8792603015899658,0.0248662810772657,0.7799685597419739,0.16546031832695,0.9721694588661194
0.2272322177886963,-0.593592643737793,-0.1463855057954788,0.994697093963623,0.2077849805355072,-0.636303186416626,-0.1389655321836471,0.9928330779075624,0.2079686671495437,-0.6364334225654602,-0.1384519338607788,0.992659628391266,0.207629844546318,-0.6370959281921387,-0.1383058428764343,0.9920133948326112,0.2088194340467453,-0.6300357580184937,-0.1746632009744644,0.9926061034202576,0.2093793004751205,-0.6306216716766357,-0.1755799353122711,0.9938952326774596,0.2088404446840286,-0.6319013833999634,-0.1747913658618927,0.9931973814964294,0.0954963564872741,-0.6595397591590881,-0.0600019879639148,0.9888773560523988,0.0856801569461822,-0.6329212784767151,-0.2335078865289688,0.994482398033142,0.1826957315206527,-0.5823516845703125,-0.114376001060009,0.9918854236602784,0.1799796223640442,-0.5743615031242371,-0.1636219471693039,0.9926729798316956,0.0126993795856833,-0.5227638483047485,0.0575384646654129,0.9977208375930786,0.0175958033651113,-0.4645796418190002,-0.2702634632587433,0.9994750618934632,0.0562848076224327,-0.3133502006530761,0.128141313791275,0.0202378816902637,0.1507797390222549,-0.2843913435935974,-0.2061794698238372,0.9478946924209596,0.1222922429442405,-0.2526341676712036,0.0696277171373367,0.0422436520457267,0.1536361277103424,-0.4379040598869324,-0.0314518548548221,0.9030802249908448,0.135297805070877,-0.2359568178653717,0.0643635466694831,0.0613401643931865,0.1642419546842575,-0.4874756932258606,-0.0429765544831752,0.889800488948822,0.1316020339727401,-0.2428217381238937,0.0558356754481792,0.0636323988437652,0.1109940782189369,-0.5125844478607178,-0.05792086571455,0.8850129842758179,0.1201598495244979,-0.2512927949428558,0.0624569728970527,0.0702150464057922,0.131477802991867,-0.4585640132427215,-0.0338722988963127,0.845811128616333,0.017815226688981,-0.0120083754882216,0.1059363111853599,0.9982268810272216,-0.01817980222404,0.0111731486395001,-0.1049422919750213,0.9984451532363892,-0.0405567102134227,0.3781116604804992,0.3063088655471802,0.4302805066108703,-0.0401196703314781,0.3839011490345001,0.0633469000458717,0.9632372856140136,-0.062837041914463,0.669373631477356,0.460202544927597,0.7225102186203003,-0.0838445127010345,0.7071400880813599,0.2217694520950317,0.9790571331977844,-0.0540876649320125,0.7089683413505554,0.4692434668540954,0.7928696274757385,-0.0844390168786048,0.7506420612335205,0.231768250465393,0.9599931240081788,0.0604198463261127,0.7218571305274963,0.4430550038814544,0.8799516558647156,0.0246182922273874,0.7798247337341309,0.1633804142475128,0.9721344709396362
0.2274036407470703,-0.5943575501441956,-0.1452175229787826,0.9943304657936096,0.2083977311849594,-0.6371456384658813,-0.1378515809774398,0.9922917485237122,0.2085785269737243,-0.6372644901275635,-0.1373315453529358,0.9920716881752014,0.2082154154777526,-0.6379414200782776,-0.1371943205595016,0.9914146661758424,0.2093590795993805,-0.6307504773139954,-0.1733335703611374,0.992181658744812,0.2099442481994629,-0.6313577890396118,-0.1742117702960968,0.9935731291770936,0.2093877792358398,-0.6326360702514648,-0.1734381914138794,0.99289071559906,0.0964211672544479,-0.6611037850379944,-0.0591717287898063,0.98822283744812,0.0867138355970382,-0.6339777112007141,-0.2319684624671936,0.9942078590393066,0.1828145980834961,-0.5833590030670166,-0.113346442580223,0.99119371175766,0.1801230609416961,-0.5752331018447876,-0.1624305993318557,0.9921817183494568,0.0130760325118899,-0.5253638029098511,0.0607823878526687,0.9975693821907043,0.0200797319412231,-0.4649860262870788,-0.2697653174400329,0.9994509220123292,0.0673179253935813,-0.3399029672145843,0.1515797823667526,0.0202489588409662,0.1581749469041824,-0.2869840860366821,-0.2096082717180252,0.9463603496551514,0.131039872765541,-0.3684619069099426,0.1402302682399749,0.0419490337371826,0.1559121757745742,-0.4451501071453094,-0.0372321456670761,0.9005428552627563,0.1426727473735809,-0.3752991855144501,0.1439108252525329,0.0606703460216522,0.1646670401096344,-0.4938475787639618,-0.046328879892826,0.8868666887283325,0.142817884683609,-0.3860341012477875,0.1419679522514343,0.0628176033496856,0.112188696861267,-0.5170290470123291,-0.0596826635301113,0.8820011019706726,0.1309820413589477,-0.3733535408973694,0.1372597068548202,0.069299578666687,0.1339249610900879,-0.4649416208267212,-0.038796991109848,0.8422370553016663,0.0177460834383964,-0.0120015740394592,0.105912871658802,0.9981288909912108,-0.0181173142045736,0.0111658433452248,-0.1049165874719619,0.9983490705490112,-0.0377419292926788,0.3782602250576019,0.3043276071548462,0.4340317547321319,-0.0366176925599575,0.3843964040279388,0.0585855022072792,0.9625838398933412,-0.0597221665084362,0.6695013046264648,0.4586557149887085,0.7227773666381836,-0.0820073336362838,0.7076513171195984,0.2087191790342331,0.9788145422935486,-0.0512554869055748,0.7091176509857178,0.4673608839511871,0.7923458218574524,-0.0830660462379455,0.7510793209075928,0.2180939465761184,0.959622323513031,0.0614296682178974,0.7222031354904175,0.4415590465068817,0.8795902132987976,0.0246736258268356,0.7799134850502014,0.149996817111969,0.971908152103424
0.227735698223114,-0.5952432751655579,-0.1455080807209015,0.9942626357078552,0.208916962146759,-0.6380928158760071,-0.1382209509611129,0.9921775460243224,0.2090963721275329,-0.6382085084915161,-0.1377000212669372,0.9919444918632508,0.2087201178073883,-0.638895571231842,-0.1375659704208374,0.991274118423462,0.2098101377487182,-0.6316711902618408,-0.1736290752887725,0.992120623588562,0.2104061543941497,-0.6322913765907288,-0.1745010614395141,0.9935457110404968,0.2098398804664611,-0.6335684657096863,-0.1737215667963028,0.9928767085075378,0.097058318555355,-0.6618154048919678,-0.0595342069864273,0.9881699681282043,0.0872646793723106,-0.6347119212150574,-0.232120469212532,0.9942007660865784,0.1831502765417099,-0.5841088891029358,-0.113634392619133,0.9910299181938172,0.180462509393692,-0.5759724974632263,-0.1626668870449066,0.9921044111251832,0.013417606242001,-0.5257546305656433,0.0608391538262367,0.9975029826164246,0.0219666585326194,-0.4651317596435547,-0.2699933648109436,0.9994419813156128,0.0703134536743164,-0.3401160836219787,0.1543166637420654,0.020386952906847,0.1634215861558914,-0.2889562547206878,-0.2122716456651687,0.9457679986953736,0.1340815722942352,-0.3643582463264465,0.1457168906927108,0.0419312492012977,0.1576394736766815,-0.4512404799461365,-0.0415722429752349,0.8999269604682922,0.1454858928918838,-0.3704503774642944,0.1501263380050659,0.0604140162467956,0.165164902806282,-0.5007843375205994,-0.0499390587210655,0.885867178440094,0.1464272737503051,-0.3805298805236816,0.1474650055170059,0.0624403059482574,0.1123879179358482,-0.5231975317001343,-0.0624239705502986,0.8809393644332886,0.1344022005796432,-0.3688844442367553,0.1426863819360733,0.0688741207122802,0.1353089660406112,-0.4710191190242767,-0.042938333004713,0.8410962820053101,0.0176264755427837,-0.0120082413777709,0.1058948263525962,0.9980775117874146,-0.0180044993758201,0.0111706517636775,-0.1048984602093696,0.9982977509498596,-0.0360282473266124,0.3782283365726471,0.3044067621231079,0.4378346800804138,-0.03476307913661,0.3844717442989349,0.057970080524683,0.9624837636947632,-0.0572426132857799,0.6694256067276001,0.4600418508052826,0.7234607934951782,-0.0802725926041603,0.7076539397239685,0.2085641771554947,0.978745698928833,-0.0487484820187091,0.7090241312980652,0.468831717967987,0.7924078702926636,-0.0814133808016777,0.7510649561882019,0.2180211544036865,0.9595630168914796,0.0634386241436004,0.7221018671989441,0.4432850778102875,0.8795864582061768,0.0253926180303096,0.7798170447349548,0.1501445025205612,0.9718074202537536
0.2282007038593292,-0.5953271985054016,-0.1455532014369964,0.9942766427993774,0.2095801383256912,-0.6381980180740356,-0.1382841020822525,0.9922019243240356,0.2097576260566711,-0.6383112668991089,-0.1377659291028976,0.9919856190681458,0.2093843519687652,-0.6390010118484497,-0.1376314759254455,0.991257667541504,0.2104532420635223,-0.6318275332450867,-0.1736660450696945,0.9921427369117736,0.2110475450754165,-0.6324449181556702,-0.1745379269123077,0.9935953617095948,0.2104775756597519,-0.6337199211120605,-0.1737587302923202,0.9929040670394896,0.0978729575872421,-0.6619098782539368,-0.0596504509449005,0.9881929159164428,0.087995670735836,-0.6351481676101685,-0.2321615666151046,0.994257926940918,0.1836073100566864,-0.5841797590255737,-0.1136713996529579,0.991088569164276,0.1809214651584625,-0.5760910511016846,-0.1627091020345688,0.9921783804893494,0.0141032729297876,-0.5256689786911011,0.0607662089169025,0.997552454471588,0.023462763056159,-0.4655284583568573,-0.270029217004776,0.9994590282440186,0.0689560025930404,-0.3344590365886688,0.149850457906723,0.0202405396848917,0.1660311073064804,-0.2908381223678589,-0.2120514512062072,0.945948839187622,0.1334242820739746,-0.3442298769950866,0.1264975816011428,0.0414820574223995,0.1589135378599167,-0.453746348619461,-0.0399875044822692,0.9011257290840148,0.1449274569749832,-0.3486338555812835,0.1296767443418502,0.0598280988633632,0.1661662459373474,-0.5043807029724121,-0.0484116747975349,0.8868361115455627,0.146061435341835,-0.3594540953636169,0.1263586580753326,0.0618164762854576,0.1127422153949737,-0.5270227193832397,-0.061317853629589,0.8819258809089661,0.1340342462062835,-0.3489583730697632,0.1225956007838249,0.0682521238923072,0.1362239718437194,-0.47379070520401,-0.0417019203305244,0.8424695730209351,0.0176340863108634,-0.0119798183441162,0.1059026941657066,0.998082160949707,-0.0180116277188062,0.0111401146277785,-0.1049060523509979,0.9983057975769044,-0.0344704166054725,0.3781970739364624,0.3050073981285095,0.439256340265274,-0.0337778627872467,0.3842802345752716,0.0561071634292602,0.962762713432312,-0.055370133370161,0.6691425442695618,0.4603301882743835,0.7239086627960205,-0.0788460001349449,0.7074131965637207,0.2057384699583053,0.978739857673645,-0.04671336337924,0.7087387442588806,0.4694376587867737,0.7926180958747864,-0.0799181461334228,0.750802218914032,0.2149675041437149,0.9596244692802428,0.0661938264966011,0.7216233015060425,0.4436082243919372,0.8796184659004211,0.0274816211313009,0.7791905403137207,0.1471936106681823,0.971871852874756
0.2281164526939392,-0.5961741805076599,-0.1439608037471771,0.9937305450439452,0.2095765024423599,-0.6390361785888672,-0.1367074102163314,0.9913978576660156,0.2097531706094741,-0.6391424536705017,-0.1361858546733856,0.9910865426063538,0.2093769460916519,-0.6398411393165588,-0.1360669583082199,0.990409255027771,0.2104483842849731,-0.6325408220291138,-0.1719124764204025,0.9914920926094056,0.2110463082790374,-0.6331775784492493,-0.1727500110864639,0.993063747882843,0.2104745358228683,-0.6344534158706665,-0.1719758510589599,0.9924187660217284,0.0979147776961326,-0.662775456905365,-0.058647233992815,0.9872460961341858,0.0881154239177703,-0.6355833411216736,-0.2302698194980621,0.9938099980354308,0.1835603266954422,-0.5850704312324524,-0.1122745871543884,0.9901654124259948,0.1808971762657165,-0.5768388509750366,-0.1611005216836929,0.9914698004722596,0.0142729450017213,-0.5272679924964905,0.0636469200253486,0.9973713159561156,0.0243335515260696,-0.4659103453159332,-0.2688754796981811,0.9994198679924012,0.0781089439988136,-0.3528932631015777,0.1695224493741989,0.0204334259033203,0.1691817790269851,-0.2948166728019714,-0.2132216989994049,0.9441197514533995,0.1383939087390899,-0.4019372761249542,0.1743395924568176,0.0415498614311218,0.159359261393547,-0.4608562886714935,-0.0437806993722915,0.8985291123390198,0.1487852334976196,-0.4130912125110626,0.1803366988897323,0.0595935396850109,0.1665540039539337,-0.5097382664680481,-0.0512660369277,0.884118914604187,0.1513654291629791,-0.42466801404953,0.1794212609529495,0.0614563822746276,0.1132619380950927,-0.5311377048492432,-0.0633938908576965,0.8791381120681763,0.139710932970047,-0.4081518650054931,0.1723021268844604,0.067776471376419,0.1367091834545135,-0.4800734221935272,-0.0451442077755928,0.8392330408096313,0.0174800660461187,-0.0119891939684748,0.1058180779218673,0.9979919195175172,-0.0178718995302915,0.011148870922625,-0.1048189327120781,0.9982048869132996,-0.0330136567354202,0.3781988620758056,0.3024420142173767,0.4429613351821899,-0.0316998362541198,0.3846210241317749,0.0559050403535366,0.9618379473686218,-0.0522553287446498,0.6692013144493103,0.4569187760353088,0.7235689163208008,-0.0756844505667686,0.7075496912002563,0.2054059505462646,0.9782655835151672,-0.0435974709689617,0.7087733149528503,0.4655736982822418,0.7911401391029358,-0.0768482461571693,0.7508686780929565,0.2147897779941558,0.9589154720306396,0.0681155547499656,0.721551775932312,0.4396527111530304,0.8788295388221741,0.0289270803332328,0.7791067957878113,0.1473787128925323,0.9714177250862122
0.2278035134077072,-0.5961992144584656,-0.1430616974830627,0.9935028553009032,0.2094334959983825,-0.6390745043754578,-0.1359045356512069,0.9910732507705688,0.2096090614795684,-0.639180600643158,-0.1353887170553207,0.9907616376876832,0.2092313170433044,-0.639879584312439,-0.1352647840976715,0.990002453327179,0.2103166282176971,-0.6325801014900208,-0.1711284071207046,0.9912066459655762,0.2109161615371704,-0.6332157850265503,-0.1719740927219391,0.9928683042526244,0.2103398293256759,-0.6344910860061646,-0.1712108254432678,0.9921855926513672,0.0977735966444015,-0.6628397703170776,-0.0581142306327819,0.9867734909057616,0.0880470797419548,-0.6358305811882019,-0.2298127561807632,0.9936611652374268,0.183171346783638,-0.5850889086723328,-0.111476831138134,0.989857852458954,0.1805640757083892,-0.5768575668334961,-0.1603052467107772,0.9912288784980774,0.0142074469476938,-0.5271759629249573,0.0641112104058265,0.9973538517951964,0.0243021491914987,-0.4664739072322845,-0.2687425911426544,0.999425768852234,0.0761721208691597,-0.3493368029594421,0.1663076132535934,0.0201721582561731,0.1691002696752548,-0.2953265905380249,-0.2130573987960815,0.943917989730835,0.1378822773694992,-0.3897274434566498,0.1697531193494796,0.0405962578952312,0.1595474183559417,-0.460195243358612,-0.0429118536412715,0.8985012769699097,0.148387148976326,-0.3987332582473755,0.1738344430923462,0.0582540966570377,0.166849672794342,-0.5091484785079956,-0.0505447164177894,0.8838149905204773,0.1507337242364883,-0.4072878360748291,0.1700251549482345,0.060075793415308,0.1137828677892685,-0.5308895111083984,-0.0630414709448814,0.8788778781890869,0.1393264085054397,-0.3942421972751617,0.1666868776082992,0.0663270875811576,0.1369958072900772,-0.4795671999454498,-0.04451634734869,0.8390841484069824,0.0175249651074409,-0.0119726154953241,0.1058458164334297,0.997948408126831,-0.0179173164069652,0.0111308693885803,-0.1048454791307449,0.9981680512428284,-0.0329431965947151,0.3782107234001159,0.3026431798934936,0.4429702758789062,-0.031715989112854,0.3843638598918915,0.0542620792984962,0.961441159248352,-0.0522244349122047,0.6691054701805115,0.4579989016056061,0.722368061542511,-0.0757159292697906,0.7072423100471497,0.2033256292343139,0.9779158234596252,-0.0435662604868412,0.7086871862411499,0.46669402718544,0.7904958128929138,-0.076874203979969,0.7505566477775574,0.2126707285642624,0.9585598111152648,0.0683461055159568,0.7215074896812439,0.4410417973995209,0.8778987526893616,0.029026748612523,0.7789065837860107,0.145644336938858,0.9710958003997804
0.2277439087629318,-0.5962308645248413,-0.1424586325883865,0.993173599243164,0.2094021290540695,-0.6391134262084961,-0.1353616863489151,0.9906437993049622,0.2095763981342315,-0.6392202973365784,-0.1348476111888885,0.9903172254562378,0.2091982513666153,-0.6399192214012146,-0.13472281396389,0.9895170331001282,0.2103070467710495,-0.6326146125793457,-0.1705932021141052,0.9907906651496888,0.2109074294567108,-0.6332499980926514,-0.1714420169591903,0.992542564868927,0.2103297263383865,-0.6345251798629761,-0.1706781089305877,0.9918373227119446,0.0977247878909111,-0.6628807187080383,-0.0579217486083507,0.986216127872467,0.088081419467926,-0.6358916163444519,-0.2295252084732055,0.9934033751487732,0.183096632361412,-0.5851115584373474,-0.1109848394989967,0.9894132018089294,0.1805359870195388,-0.576877772808075,-0.1597715020179748,0.9908487200737,0.0140673704445362,-0.5270382165908813,0.0643213391304016,0.9973108768463136,0.0245989151298999,-0.4665505886077881,-0.2684876024723053,0.9994186162948608,0.0750567987561225,-0.3480714857578277,0.1632804274559021,0.0198637712746858,0.1690293997526168,-0.2952147126197815,-0.2129614353179931,0.943459451198578,0.1355983018875122,-0.3815623819828033,0.1566790789365768,0.0398686900734901,0.1590212285518646,-0.4598383605480194,-0.04299933090806,0.8984634280204773,0.1464510262012481,-0.3875868022441864,0.1593125462532043,0.0573035292327404,0.1657459735870361,-0.5088459253311157,-0.050820667296648,0.8837341666221619,0.1491503566503524,-0.3923854529857635,0.1548559516668319,0.0590964779257774,0.1131705492734909,-0.5307826995849609,-0.0633182749152183,0.8788800239562988,0.137066975235939,-0.3835827112197876,0.1528631597757339,0.0652605816721916,0.1364936977624893,-0.4793232977390289,-0.0446694120764732,0.8393025994300842,0.017505444586277,-0.0119462199509143,0.1058073863387107,0.9979031682014464,-0.0178987327963113,0.0111027508974075,-0.1048073321580886,0.998108208179474,-0.0330077446997165,0.3784005641937256,0.3021228611469269,0.4434358477592468,-0.0315128676593303,0.3840955793857574,0.0543411560356617,0.96077698469162,-0.0517508499324321,0.669201135635376,0.4570822119712829,0.7218409180641174,-0.0742368251085281,0.7065898776054382,0.2045652866363525,0.9774439334869384,-0.042985662817955,0.7087470293045044,0.4655227959156036,0.7901064157485962,-0.0752474144101142,0.7498167753219604,0.2141479849815368,0.9580517411231996,0.0691486746072769,0.7214441299438477,0.4397974014282226,0.8772003054618835,0.0306860916316509,0.7780563235282898,0.1479952931404113,0.9706230759620668
0.2276688814163208,-0.5956816077232361,-0.1423742175102234,0.993264615535736,0.2089239060878753,-0.6387047171592712,-0.1351474523544311,0.9908753037452698,0.2090880423784256,-0.6388124823570251,-0.1346510052680969,0.9906013011932372,0.2087440490722656,-0.6394989490509033,-0.1345166712999344,0.9897244572639464,0.2099492847919464,-0.6323232650756836,-0.1705285757780075,0.9908897280693054,0.2105274200439453,-0.6329432129859924,-0.1713981181383133,0.9926296472549438,0.2099687755107879,-0.6342122554779053,-0.1706379801034927,0.9918508529663086,0.09622173756361,-0.6621121764183044,-0.0574531480669975,0.9864179491996764,0.0868920907378196,-0.6358000040054321,-0.2295342981815338,0.9935486912727356,0.1829888224601745,-0.5843288898468018,-0.1108095049858093,0.9897107481956482,0.1804390549659729,-0.5762526392936707,-0.1596922576427459,0.9910711646080016,0.0140584642067551,-0.5219693183898926,0.0628496408462524,0.9974316954612732,0.0222795512527227,-0.4667383432388305,-0.2683539092540741,0.9994443655014038,0.045944508165121,-0.2990002334117889,0.1129744872450828,0.0193210393190383,0.1619951426982879,-0.2951419353485107,-0.2075898349285125,0.9440321922302246,0.1133374646306037,-0.2083579748868942,0.0217581409960985,0.0387814678251743,0.1521670669317245,-0.4559271931648254,-0.0333636216819286,0.8998769521713257,0.1301997303962707,-0.1825843453407287,0.0097991107031703,0.0564224235713481,0.1606286764144897,-0.5057575106620789,-0.0431597493588924,0.8857060074806213,0.1246443167328834,-0.1861423105001449,-0.0019656512886285,0.0583594068884849,0.1073880940675735,-0.5295626521110535,-0.058759368956089,0.8811905384063721,0.1104847714304924,-0.2039351612329483,0.0118630081415176,0.0646781250834465,0.1293405294418335,-0.4762801229953766,-0.0366429351270198,0.8427029252052307,0.0178188718855381,-0.0117037184536457,0.1058474481105804,0.9979691505432128,-0.0181962791830301,0.0108657823875546,-0.1048508808016777,0.9981611967086792,-0.0342424064874649,0.3785108923912048,0.304639607667923,0.4418734014034271,-0.0337118171155452,0.3835229575634002,0.0568374767899513,0.9607449769973756,-0.0536740086972713,0.6690793037414551,0.4613499343395233,0.7209530472755432,-0.075435109436512,0.7058399319648743,0.2160355299711227,0.9769309163093568,-0.0447050668299198,0.7085059881210327,0.4700227081775665,0.7908770442008972,-0.0761862620711326,0.7490421533584595,0.2263383120298385,0.957682490348816,0.0690323635935783,0.7206381559371948,0.4452254474163055,0.8760289549827576,0.0306696202605962,0.7766910791397095,0.1598132699728012,0.969938576221466
0.2274480611085891,-0.5958169102668762,-0.1416249126195907,0.993231475353241,0.2080420851707458,-0.6388464570045471,-0.1342014968395233,0.9909419417381288,0.2082036435604095,-0.6389543414115906,-0.1337252706289291,0.9907127022743224,0.2078835368156433,-0.6396377682685852,-0.1335700303316116,0.989753007888794,0.2093562930822372,-0.632507860660553,-0.1698023676872253,0.9908251762390136,0.2099300175905227,-0.6331189274787903,-0.1706934571266174,0.9925847053527832,0.2093782275915146,-0.6343880891799927,-0.1699475347995758,0.9917243123054504,0.0941921845078468,-0.6620814204216003,-0.0565599389374256,0.9863539934158324,0.0858471021056175,-0.6359082460403442,-0.2292554676532745,0.9935367703437804,0.1827164441347122,-0.5843641757965088,-0.1100580096244812,0.9897561073303224,0.180276021361351,-0.5763143301010132,-0.1591081768274307,0.9910714030265808,0.0130562847480177,-0.5203462839126587,0.0628159940242767,0.9974985122680664,0.0220785792917013,-0.4671207964420318,-0.2680250704288482,0.9994558691978456,0.0329008474946022,-0.2887676358222961,0.1091164574027061,0.0186691600829362,0.1590453088283538,-0.2927985191345215,-0.2038137018680572,0.9428719282150269,0.1020920351147651,-0.199096605181694,0.0289424695074558,0.0375506579875946,0.1445289403200149,-0.4470752775669098,-0.0210635662078857,0.8979820609092712,0.1202366203069686,-0.1752488166093826,0.0201891642063856,0.0552057288587093,0.1519475281238556,-0.4971238076686859,-0.0299414135515689,0.8843894600868225,0.1147010996937751,-0.179945632815361,0.0093673430383205,0.057211697101593,0.0986514538526535,-0.5215970277786255,-0.0464395619928836,0.8800827860832214,0.0992192402482032,-0.195478081703186,0.0199038609862327,0.0635470598936081,0.1212470978498458,-0.4674302935600281,-0.0245173685252666,0.8421117067337036,0.017829867079854,-0.0115475095808506,0.1058806702494621,0.997981607913971,-0.0182048976421356,0.0107066985219717,-0.1048823371529579,0.9981570243835448,-0.0351233258843421,0.378442108631134,0.3047010004520416,0.4409380853176117,-0.0341895408928394,0.3831439316272735,0.0569194704294204,0.9604482054710388,-0.055439542979002,0.6689990162849426,0.4616175293922424,0.7207898497581482,-0.0760824531316757,0.7055778503417969,0.2168919444084167,0.9764016270637512,-0.046488806605339,0.7084188461303711,0.4703050553798675,0.7912124395370483,-0.076881393790245,0.7488036155700684,0.2272866368293762,0.956971287727356,0.068198338150978,0.7206013798713684,0.4454219043254852,0.8754483461380005,0.0305168088525533,0.7766498923301697,0.1616487056016922,0.9693024754524232
0.2269033789634704,-0.5958396196365356,-0.140828251838684,0.9929490685462952,0.2075378447771072,-0.6388571262359619,-0.13345368206501,0.9906152486801147,0.2077056765556335,-0.6389647126197815,-0.1329777091741562,0.990405023097992,0.2073830664157867,-0.6396485567092896,-0.1328095197677612,0.9893731474876404,0.2089413404464721,-0.6325279474258423,-0.1690138280391693,0.9904281497001648,0.2095216214656829,-0.6331376433372498,-0.1699023097753524,0.9922813773155212,0.2089592963457107,-0.6344070434570312,-0.1691609770059585,0.991355836391449,0.093849167227745,-0.6619920134544373,-0.0562230683863163,0.9858304262161256,0.0856797397136688,-0.6359317898750305,-0.228740856051445,0.9932581186294556,0.1821760833263397,-0.5843773484230042,-0.1094226464629173,0.9893600940704346,0.1798351109027862,-0.5763294696807861,-0.1584002822637558,0.9906728267669678,0.0123726250603795,-0.5200822353363037,0.0628952980041503,0.9974507093429564,0.0220816731452941,-0.467251718044281,-0.2673322260379791,0.9994458556175232,0.0354302637279033,-0.2930876910686493,0.1110884100198745,0.0181106552481651,0.1579149663448333,-0.2913755476474762,-0.2030117809772491,0.9402002692222596,0.1036055088043212,-0.2272142171859741,0.0356029048562049,0.0361835435032844,0.1404831260442733,-0.4449004828929901,-0.0203022044152021,0.8937850594520569,0.1206879168748855,-0.2110614478588104,0.0313606411218643,0.0534135326743125,0.1463095843791961,-0.4948875308036804,-0.0285457540303468,0.8804147243499756,0.116254024207592,-0.2170928120613098,0.0224621370434761,0.0553884766995906,0.0937186479568481,-0.5185838937759399,-0.0440580137073993,0.8761135935783386,0.1012656688690185,-0.225581556558609,0.0274594891816377,0.0616209991276264,0.1171872690320015,-0.4648387730121612,-0.0234388727694749,0.8378790616989136,0.0177835673093795,-0.0114428726956248,0.1058521270751953,0.9979398846626282,-0.0181562732905149,0.0105976639315485,-0.1048511564731597,0.9980860948562622,-0.0351189114153385,0.3784418702125549,0.3018733859062195,0.4395151436328888,-0.0338241569697856,0.3830394148826599,0.0569698251783847,0.9597182273864746,-0.0553451590240001,0.669104814529419,0.4556839764118194,0.7195484638214111,-0.0759903937578201,0.7055252194404602,0.2169547230005264,0.9759451150894164,-0.046431265771389,0.7085363268852234,0.4637782573699951,0.7899349331855774,-0.0768486633896827,0.7487621903419495,0.2273705154657364,0.9562199115753174,0.068180926144123,0.7206646800041199,0.4391133785247803,0.8744596838951111,0.0304889492690563,0.7766141891479492,0.1622119694948196,0.9688052535057068
0.2274320125579834,-0.5966128706932068,-0.1403129547834396,0.9929699897766112,0.2076079845428466,-0.639549732208252,-0.1328015327453613,0.9907045960426332,0.2077785283327102,-0.6396640539169312,-0.1323315054178238,0.990548014640808,0.2074606865644455,-0.6403425931930542,-0.1321509331464767,0.9894746541976928,0.2091424167156219,-0.6332187652587891,-0.1684563606977462,0.9903959035873412,0.2097269892692566,-0.6338210105895996,-0.1693498641252517,0.9922703504562378,0.2091677188873291,-0.6350938677787781,-0.1686064749956131,0.9912806749343872,0.093815691769123,-0.6619918346405029,-0.0557637251913547,0.9858980774879456,0.0857858136296272,-0.6359657645225525,-0.2284825891256332,0.9932248592376708,0.1827742159366607,-0.584747850894928,-0.1089911609888076,0.9894039034843444,0.1806108951568603,-0.5767150521278381,-0.1580142378807068,0.9906586408615112,0.0123460805043578,-0.518671452999115,0.0628672614693641,0.997478485107422,0.0224047750234603,-0.4672683477401733,-0.2671538591384887,0.999445378780365,0.0317584052681922,-0.2864159345626831,0.1137524023652076,0.0174544993788003,0.156378373503685,-0.2854987978935241,-0.2007478773593902,0.9377641081809998,0.1019007638096809,-0.2112448066473007,0.0509025231003761,0.0347558036446571,0.1413799822330474,-0.4375712871551513,-0.0116152521222829,0.8888473510742188,0.119305595755577,-0.1911428421735763,0.0473302416503429,0.0517294779419899,0.1476830393075943,-0.4876085817813873,-0.0195990819483995,0.8761109113693237,0.1157155632972717,-0.1970532685518264,0.0383909679949283,0.0537033379077911,0.095338337123394,-0.5121270418167114,-0.0342909656465053,0.8717139959335327,0.1000472828745842,-0.2086823731660843,0.0433001443743705,0.0598740391433239,0.1183476969599723,-0.4576990306377411,-0.0143335694447159,0.8331596255302429,0.0177189502865076,-0.0113502480089664,0.1059326454997062,0.997951328754425,-0.0180867854505777,0.0105006117373704,-0.1049262508749961,0.998077929019928,-0.035129003226757,0.378330796957016,0.3019399642944336,0.4358090758323669,-0.0336672514677047,0.3830642998218536,0.0578099563717842,0.9595763087272644,-0.0581237934529781,0.6692361831665039,0.4561912417411804,0.717626690864563,-0.0771796405315399,0.7057977914810181,0.2200556099414825,0.9757475852966307,-0.0494722723960876,0.7087178230285645,0.4643662571907043,0.788325309753418,-0.0782406404614448,0.7491356730461121,0.2305942326784134,0.955762267112732,0.0666407942771911,0.721019983291626,0.4396910369396209,0.8738438487052917,0.0303863231092691,0.776880145072937,0.1669416427612304,0.9685826301574708
0.2274208813905716,-0.6008349657058716,-0.1381205320358276,0.9924288988113404,0.207606166601181,-0.6432319283485413,-0.1307088136672973,0.9899966716766356,0.2077773064374923,-0.643351674079895,-0.1302009224891662,0.9897804260253906,0.2074568718671798,-0.6440343856811523,-0.1300402730703354,0.9888242483139038,0.2091631889343261,-0.6364890336990356,-0.1659579426050186,0.989792823791504,0.2097573429346084,-0.6371413469314575,-0.1667707562446594,0.991765022277832,0.209193080663681,-0.638434886932373,-0.1660113483667373,0.9908490777015686,0.0940363183617591,-0.6637866497039795,-0.0549877919256687,0.985241949558258,0.0869072377681732,-0.6365988850593567,-0.2261089533567428,0.992769420146942,0.1828240901231765,-0.5883362889289856,-0.1073261573910713,0.9884684681892396,0.1807620674371719,-0.5799241662025452,-0.1559636890888214,0.989912211894989,0.0118835214525461,-0.5237665772438049,0.0650564059615135,0.9972333312034608,0.0254662912338972,-0.4673328697681427,-0.2659425735473633,0.9993897080421448,0.0427253916859626,-0.3432628214359283,0.1674351990222931,0.0173167306929826,0.1562631875276565,-0.2855738997459411,-0.2011690884828567,0.9334788918495178,0.1081302165985107,-0.3824982345104217,0.1922986209392547,0.0342878587543964,0.1421994566917419,-0.438532143831253,-0.0131172267720103,0.8801496028900146,0.1220409572124481,-0.3903258144855499,0.1997821033000946,0.0510137863457202,0.1484864056110382,-0.4878727197647095,-0.0220493413507938,0.867885410785675,0.1241084784269332,-0.402004599571228,0.1970389038324356,0.0528881438076496,0.0960492342710495,-0.5125733613967896,-0.0366430133581161,0.8631541728973389,0.109755702316761,-0.3876051604747772,0.1896712779998779,0.0589575208723545,0.1191227957606315,-0.4580862522125244,-0.0165072828531265,0.8232560157775879,0.0169589184224605,-0.0113391121849417,0.1059211120009422,0.997861623764038,-0.0173526909202337,0.0104887876659631,-0.1049093976616859,0.997972011566162,-0.0339397080242633,0.3783355355262756,0.2989652752876282,0.436306893825531,-0.030923893675208,0.3843808472156524,0.0582069307565689,0.9588801264762878,-0.0575828477740287,0.670561671257019,0.4521010518074035,0.7157788276672363,-0.0755738019943237,0.7076409459114075,0.2199063748121261,0.9756376147270204,-0.0490948557853698,0.710196852684021,0.460334300994873,0.7852666974067688,-0.0767579302191734,0.7509611248970032,0.2304718941450119,0.9552057981491088,0.0666007325053215,0.7220825552940369,0.4363467395305633,0.8727865219116211,0.0308406855911016,0.778109073638916,0.1669192910194397,0.9684687852859496
0.228717640042305,-0.601845920085907,-0.1380058526992797,0.9927510023117064,0.2079237848520279,-0.6442009806632996,-0.130476176738739,0.9904428124427797,0.2080957740545272,-0.6443334221839905,-0.1299728900194168,0.9902747273445128,0.2077935189008712,-0.6450080275535583,-0.1298003196716308,0.9893180131912231,0.2097448259592056,-0.6374510526657104,-0.1658192873001098,0.9901611804962158,0.2103448510169983,-0.6380950212478638,-0.1666418612003326,0.9920676350593568,0.2097966223955154,-0.6393847465515137,-0.1658860296010971,0.9911380410194396,0.0940957069396972,-0.6638116240501404,-0.0547121651470661,0.9858462810516356,0.0872836783528328,-0.6366747617721558,-0.226090595126152,0.9930077791213988,0.1844614148139953,-0.5889020562171936,-0.1072039157152175,0.9889443516731262,0.1826199293136596,-0.5805041790008545,-0.1558941602706909,0.9902941584587096,0.0118563594296574,-0.522000253200531,0.0642982050776481,0.9973267316818236,0.0256327744573354,-0.467519462108612,-0.2658831775188446,0.9994086623191832,0.027952779084444,-0.3089287877082824,0.1444523185491562,0.0168388411402702,0.1547150015830993,-0.2836033403873443,-0.1992921382188797,0.933500587940216,0.0996754989027977,-0.2389431148767471,0.1129925325512886,0.0332583449780941,0.1448041498661041,-0.4368230104446411,-0.0064876587130129,0.878775954246521,0.1157737299799919,-0.217888593673706,0.1085276901721954,0.050002384930849,0.1534740626811981,-0.4865404069423675,-0.0154194580391049,0.8669579029083252,0.1156301125884056,-0.2238006442785263,0.095275804400444,0.0519253462553024,0.1024876683950424,-0.5119429230690002,-0.0292895399034023,0.8621941804885864,0.1000164300203323,-0.2357447892427444,0.1040489673614502,0.0580291487276554,0.1226315945386886,-0.4568935930728912,-0.0092130834236741,0.8224267959594727,0.0169247779995203,-0.0113042099401354,0.1062359809875488,0.9978995323181152,-0.0173139721155166,0.0104517256841063,-0.1052105873823165,0.998025119304657,-0.0338081233203411,0.377180278301239,0.3019419312477112,0.4301089942455292,-0.0309330634772777,0.3843806385993957,0.0584682188928127,0.9590964913368224,-0.0588125810027122,0.6691554188728333,0.4611709117889404,0.7121486663818359,-0.0773406997323036,0.7080264687538147,0.2212927043437957,0.975501298904419,-0.0503236018121242,0.708793044090271,0.4704335033893585,0.7827022671699524,-0.0786404907703399,0.7514615654945374,0.2318709343671798,0.9547069072723388,0.0664573460817337,0.7213211059570312,0.4485586881637573,0.8716638684272766,0.0308300703763961,0.7791085243225098,0.1689216643571853,0.968237578868866
0.2289055287837982,-0.6015275120735168,-0.1370452642440796,0.9923915266990662,0.2089388817548751,-0.6437392830848694,-0.1296179741621017,0.9899368286132812,0.2091187983751297,-0.6438730955123901,-0.1291073411703109,0.9897427558898926,0.2087825238704681,-0.6445480585098267,-0.1289439350366592,0.9888623356819152,0.2106232494115829,-0.636998176574707,-0.1647483259439468,0.9897265434265136,0.2112484574317932,-0.6376538276672363,-0.1655430942773819,0.9917068481445312,0.2106850147247314,-0.6389473080635071,-0.1647827923297882,0.9908261895179749,0.0966193601489067,-0.6637263298034668,-0.0541220903396606,0.9853925108909608,0.0895998477935791,-0.6365837454795837,-0.2246278524398803,0.9926526546478271,0.1847181916236877,-0.5888159275054932,-0.1063365414738655,0.9883165955543518,0.182856336236,-0.5804311037063599,-0.1547843068838119,0.9897887110710144,0.0119735281914472,-0.5235188603401184,0.0655536204576492,0.997107207775116,0.0269341431558132,-0.4674584865570068,-0.2646738588809967,0.9993718862533568,0.0492549650371074,-0.3384890556335449,0.1563501805067062,0.0168916340917348,0.1554139554500579,-0.2837328910827636,-0.2014213800430297,0.9317668676376344,0.1155482903122901,-0.3757939040660858,0.1523807048797607,0.0329785868525505,0.148326888680458,-0.4410141110420227,-0.0215988550335168,0.8746353983879089,0.1275493651628494,-0.3838191926479339,0.155590146780014,0.049470417201519,0.1564233899116516,-0.4903657734394073,-0.0300162024796009,0.8625357151031494,0.1316704601049423,-0.3968199789524078,0.1519985198974609,0.0512792207300663,0.1069844737648963,-0.5150452852249146,-0.0415488742291927,0.8575974702835083,0.1178192868828773,-0.3816864788532257,0.1486807465553283,0.0572450309991836,0.1269527226686477,-0.4610036313533783,-0.0234900191426277,0.8166540861129761,0.0161234457045793,-0.0113137112930417,0.1062344759702682,0.9977900385856628,-0.0165190249681472,0.0104611869901418,-0.105206698179245,0.9979111552238464,-0.0325798727571964,0.377729058265686,0.2975155413150787,0.4293659925460815,-0.0268146600574255,0.3854781687259674,0.0564043559134006,0.9586359858512878,-0.0571680255234241,0.671381413936615,0.4503030478954315,0.708859920501709,-0.0745657160878181,0.7104277014732361,0.2091971933841705,0.9753212332725524,-0.0487262681126594,0.7111979126930237,0.4585554599761963,0.7790514826774597,-0.0760790705680847,0.7539346814155579,0.2187431156635284,0.9543390274047852,0.0669903010129928,0.7222532033920288,0.4354963004589081,0.8695357441902161,0.0322345979511737,0.779616117477417,0.1551356613636016,0.9679833650588988
0.2289160043001175,-0.5954664945602417,-0.1370070278644561,0.992063045501709,0.2100531458854675,-0.6369647979736328,-0.1296166032552719,0.9894431829452516,0.2102348506450653,-0.6371017098426819,-0.1291047781705856,0.989268720149994,0.2098795473575592,-0.6377748250961304,-0.1289408951997757,0.9883538484573364,0.2115705162286758,-0.6308318972587585,-0.1647303253412246,0.9892670512199402,0.2121996730566024,-0.6314699649810791,-0.165528118610382,0.991364061832428,0.2116265743970871,-0.6327652335166931,-0.1647644191980362,0.9904561042785645,0.0997460335493087,-0.6604396104812622,-0.054127100855112,0.9848664402961732,0.0918791964650154,-0.6349496841430664,-0.224622830748558,0.9922651052474976,0.1847198158502578,-0.5848478078842163,-0.1062931045889854,0.9877280592918396,0.1828445345163345,-0.5770822167396545,-0.15471912920475,0.9892538189888,0.011752258054912,-0.5235097408294678,0.0655940547585487,0.9969937205314636,0.0275226049125194,-0.4673420190811157,-0.2645371854305267,0.9993563890457152,0.0533775575459003,-0.3362419307231903,0.1566847115755081,0.0167944505810737,0.1590895354747772,-0.2838032841682434,-0.201982632279396,0.9311150312423706,0.1214658021926879,-0.3534581363201141,0.1496930122375488,0.0322528332471847,0.1514670401811599,-0.4424689710140228,-0.0275436360388994,0.8736306428909302,0.1337237954139709,-0.3560256361961365,0.1541703790426254,0.0483427122235298,0.1588144600391388,-0.4931847155094147,-0.0360603109002113,0.861110270023346,0.1378445476293563,-0.3671307861804962,0.1502178758382797,0.0500580705702304,0.1086452528834343,-0.5173050761222839,-0.0473049581050872,0.85611891746521,0.123620294034481,-0.3576301634311676,0.146011933684349,0.0559101924300193,0.1297548860311508,-0.4625159204006195,-0.0294323936104774,0.8145720958709717,0.015432902611792,-0.0113343000411987,0.1062442660331726,0.9976975321769714,-0.015821686014533,0.0104790451005101,-0.105216309428215,0.9978225827217102,-0.0322368741035461,0.3779186606407165,0.2958297431468963,0.4263478815555572,-0.0247894898056983,0.3855150640010834,0.0536038130521774,0.9583230018615724,-0.0562152825295925,0.6718063354492188,0.4464595317840576,0.7048473358154297,-0.0727282539010047,0.7108225226402283,0.2023499757051468,0.9751970767974854,-0.0478283762931823,0.7116601467132568,0.4542637765407562,0.7755138278007507,-0.0744052678346633,0.754363477230072,0.2115015387535095,0.9542157053947448,0.0671911910176277,0.7222374677658081,0.4309583604335785,0.8671635985374451,0.0333511531352996,0.7794190049171448,0.1477851271629333,0.9677830338478088
0.2289226353168487,-0.589310884475708,-0.1368756741285324,0.9916434288024902,0.2111119478940963,-0.6305308938026428,-0.1295592337846756,0.9887812733650208,0.2112861275672912,-0.6306532025337219,-0.1290453374385833,0.98862224817276,0.2109199613332748,-0.6313298344612122,-0.128880426287651,0.9876436591148376,0.2125004678964615,-0.6244649887084961,-0.1646562218666076,0.9886600375175476,0.2131254523992538,-0.6250827312469482,-0.1654598414897918,0.9909217357635498,0.2125436961650848,-0.6263629794120789,-0.1646949648857116,0.989967167377472,0.1021867245435714,-0.6572443842887878,-0.054141167551279,0.9841049313545228,0.0935596451163292,-0.6320989727973938,-0.2246468812227249,0.9917845129966736,0.184703066945076,-0.5805431008338928,-0.1061893850564956,0.987078845500946,0.1827873289585113,-0.5728451013565063,-0.1546072363853454,0.9886104464530944,0.0116524631157517,-0.5236061811447144,0.0655644685029983,0.9969149827957152,0.0276590194553136,-0.4664054214954376,-0.2643117904663086,0.9993467926979064,0.059052251279354,-0.3356690108776092,0.1554551720619201,0.0166889037936925,0.1629174351692199,-0.2833503186702728,-0.2021347433328628,0.9304471015930176,0.1229270696640014,-0.3437858819961548,0.1438742280006408,0.03156753256917,0.1524099111557006,-0.4430564939975738,-0.0282935928553342,0.8730177879333496,0.134528249502182,-0.3441467583179474,0.1477181315422058,0.047244306653738,0.1592164039611816,-0.4947790205478668,-0.0366851724684238,0.8601998686790466,0.1378684788942337,-0.3538234531879425,0.1437166780233383,0.0488632433116436,0.1086883172392845,-0.5182487964630127,-0.0480567552149295,0.8551667928695679,0.1243959963321685,-0.3469745218753814,0.1399696320295334,0.0546138137578964,0.130304604768753,-0.4630863070487976,-0.0302320756018161,0.8133039474487305,0.0151344165205955,-0.0113785285502672,0.1062456741929054,0.9976391196250916,-0.015522887930274,0.0105197252705693,-0.1052180603146553,0.9977594614028932,-0.0316241532564163,0.3779318928718567,0.2934551537036896,0.4213103652000427,-0.023318126797676,0.3855080604553222,0.051379881799221,0.9571540355682372,-0.0558961294591426,0.6718147993087769,0.4428026676177978,0.6986355781555176,-0.0711599513888359,0.711004912853241,0.1981540024280548,0.974510371685028,-0.0476140081882476,0.7116684913635254,0.4504372179508209,0.7705000042915344,-0.0729652270674705,0.7545926570892334,0.2071520239114761,0.9534780383110046,0.0671501904726028,0.7222127318382263,0.4265147447586059,0.8636751174926758,0.0348262451589107,0.7792359590530396,0.142906978726387,0.9670859575271606
0.2289709448814392,-0.5859723687171936,-0.1367705911397934,0.99115252494812,0.2121811062097549,-0.6271358728408813,-0.1295155882835388,0.9880160689353944,0.2123495489358902,-0.6272485256195068,-0.1290003955364227,0.9878749251365662,0.2119696140289306,-0.6279318332672119,-0.128835529088974,0.9868163466453552,0.2133737504482269,-0.6209875345230103,-0.1645801365375518,0.9879791736602784,0.2139967083930969,-0.6216092109680176,-0.1653873920440673,0.9904377460479736,0.2134057581424713,-0.6228802800178528,-0.1646233648061752,0.9894335865974426,0.1044508889317512,-0.6554542779922485,-0.0541426911950111,0.9832130670547484,0.0949485152959823,-0.6301456689834595,-0.2246276587247848,0.9913063645362854,0.1847237199544906,-0.5780683159828186,-0.1060933396220207,0.98633873462677,0.182779312133789,-0.5702879428863525,-0.1544907689094543,0.9879167079925536,0.0119090219959616,-0.5238989591598511,0.0656406730413436,0.9968183636665344,0.0278216116130352,-0.4657283723354339,-0.2641819417476654,0.9993371963500975,0.0691421180963516,-0.3406663835048675,0.1545179486274719,0.016864949837327,0.1659396886825561,-0.2834026515483856,-0.2022162675857544,0.9297816753387452,0.1273976266384124,-0.3595083057880401,0.1401180773973465,0.0312140826135873,0.1534680128097534,-0.4451592564582824,-0.0287904925644397,0.8722598552703857,0.1374627202749252,-0.3634230196475982,0.1433922350406646,0.0464702360332012,0.1597718596458435,-0.4977437853813171,-0.0369014665484428,0.8588880896568298,0.139442965388298,-0.372711569070816,0.1398640573024749,0.0479849986732006,0.1087453961372375,-0.5201241374015808,-0.0483650416135787,0.853810727596283,0.1277877390384674,-0.3632735013961792,0.1360924690961837,0.053647443652153,0.1309887319803238,-0.4650355577468872,-0.030738241970539,0.8115548491477966,0.0150470593944191,-0.0114093776792287,0.1062618046998977,0.9975797533988952,-0.0154360635206103,0.0105491233989596,-0.105234682559967,0.9977045655250548,-0.0294648129492998,0.3780326247215271,0.2918896675109863,0.4173184931278229,-0.0217707231640815,0.3855417668819427,0.0474469065666198,0.956122636795044,-0.0532396994531154,0.6718043088912964,0.4398994743824005,0.693202555179596,-0.0683953762054443,0.7111396789550781,0.189192846417427,0.973927915096283,-0.0451087765395641,0.7116554379463196,0.4473240673542022,0.7659257054328918,-0.0702808871865272,0.7547443509101868,0.1978368312120437,0.9528146982192992,0.0682389065623283,0.7221953868865967,0.4231843650341034,0.8604156970977783,0.0372195020318031,0.7791942954063416,0.1333746910095214,0.9665403962135316
0.2287391424179077,-0.5829664468765259,-0.1356405168771743,0.9911329746246338,0.2121516615152359,-0.6244705319404602,-0.1281428039073944,0.9881336092948914,0.2123164385557174,-0.624571681022644,-0.1276509314775467,0.9880492091178894,0.2119445651769638,-0.6252512335777283,-0.1274704337120056,0.9868764877319336,0.2133239507675171,-0.618632972240448,-0.1633922159671783,0.9879263639450072,0.2139369398355484,-0.6192216873168945,-0.1642489731311798,0.990420699119568,0.2133515626192093,-0.6204738616943359,-0.1635114699602127,0.9893155694007874,0.1043217703700065,-0.6532644629478455,-0.0520832724869251,0.983070433139801,0.0946208536624908,-0.6293762922286987,-0.2233669012784958,0.9913160800933838,0.1843911111354828,-0.5751473307609558,-0.1046666204929351,0.9865534901618958,0.1822016090154647,-0.5676876902580261,-0.1532234251499176,0.988031804561615,0.0128032574430108,-0.5179274082183838,0.0659266635775566,0.9969520568847656,0.026917366310954,-0.4657471776008606,-0.2620099484920501,0.999369502067566,0.0579620562493801,-0.2931239604949951,0.1142508462071418,0.0166156031191349,0.1658527702093124,-0.2834756076335907,-0.1930922567844391,0.930338442325592,0.1186744943261146,-0.2185414880514145,0.0229972247034311,0.03065175563097,0.1521754413843155,-0.4466429054737091,-0.0101855862885713,0.8755418658256531,0.1324025690555572,-0.1972187310457229,0.0140490727499127,0.0460432581603527,0.1589075773954391,-0.5004854798316956,-0.0172719452530145,0.8626272678375244,0.1289451867341995,-0.2022747844457626,0.0054484438151121,0.0476196445524692,0.106522798538208,-0.5233219265937805,-0.0333840027451515,0.857833743095398,0.1158130392432212,-0.215693712234497,0.0145547036081552,0.0533233173191547,0.1290671527385711,-0.4669094383716583,-0.0132110603153705,0.8165732622146606,0.0152224162593483,-0.0112418755888938,0.1062754318118095,0.9976425766944884,-0.0156033271923661,0.0103823309764266,-0.1052479743957519,0.9977698922157288,-0.0294836740940809,0.3783429861068725,0.2918021380901336,0.4130902290344238,-0.0222002062946558,0.3849372863769531,0.0451522693037986,0.9558422565460204,-0.0532324165105819,0.6718016862869263,0.4398720562458038,0.6902284622192383,-0.0680734738707542,0.7109869122505188,0.1838879585266113,0.9732027053833008,-0.0450582019984722,0.7116352915763855,0.447271466255188,0.7641309499740601,-0.0698234140872955,0.7546083927154541,0.1920370161533355,0.9521731734275818,0.0688188150525093,0.7217275500297546,0.423658013343811,0.8578976988792419,0.0390488840639591,0.7778434753417969,0.1282205581665039,0.9659008979797364
0.2285878956317901,-0.5807476043701172,-0.1353983432054519,0.9911996126174928,0.2121717184782028,-0.622174859046936,-0.1280166953802108,0.9882463812828064,0.2123366594314575,-0.6222750544548035,-0.1275257617235183,0.988193690776825,0.2119674086570739,-0.6229575276374817,-0.1273435056209564,0.9869654178619384,0.2133239805698394,-0.6163154244422913,-0.1632368415594101,0.9880056381225586,0.2139348834753036,-0.6168931126594543,-0.1641026884317398,0.9905163049697876,0.2133496105670929,-0.6181354522705078,-0.163368672132492,0.989374041557312,0.1044537052512168,-0.6513584852218628,-0.0520381405949592,0.9831136465072632,0.0945668891072273,-0.6276035308837891,-0.2233112007379531,0.9914335012435912,0.184231087565422,-0.5731757283210754,-0.1044245958328247,0.9868168234825134,0.1819039136171341,-0.5656677484512329,-0.1529653370380401,0.9882351160049438,0.0134868556633591,-0.517773449420929,0.0658621713519096,0.997041642665863,0.0256611499935388,-0.465206891298294,-0.2615182995796203,0.9993978142738342,0.0591111704707145,-0.2966116964817047,0.1083986833691597,0.0168156959116458,0.1637493073940277,-0.2837670445442199,-0.1926052719354629,0.9316197037696838,0.1190872862935066,-0.2365381121635437,0.0270354282110929,0.0305885858833789,0.1497840136289596,-0.4480001330375671,-0.0110811693593859,0.8784734010696411,0.1324821859598159,-0.2185764014720916,0.0210606884211301,0.0459043495357036,0.1565741747617721,-0.5024204850196838,-0.018148448318243,0.8649894595146179,0.1287615597248077,-0.2262681573629379,0.0165436994284391,0.0474682860076427,0.1030948758125305,-0.5251045823097229,-0.033932901918888,0.860247790813446,0.1158519089221954,-0.2349494844675064,0.0208181533962488,0.0531601831316947,0.1263833194971084,-0.468436449766159,-0.0140310963615775,0.8193460702896118,0.0155180003494024,-0.0112383672967553,0.1062479242682457,0.9976752400398254,-0.01589210703969,0.0103784576058387,-0.1052194908261299,0.9978126883506776,-0.0282380804419517,0.3785152435302734,0.2918820381164551,0.4105544686317444,-0.0222986210137605,0.3848181068897247,0.0438016429543495,0.9557088613510132,-0.0494927391409873,0.6708880066871643,0.4402837753295898,0.6869360208511353,-0.0666921958327293,0.7106767892837524,0.1813677996397018,0.9727995991706848,-0.0408761464059352,0.7105579376220703,0.4477060735225677,0.7615582346916199,-0.0682040601968765,0.754290759563446,0.1894520223140716,0.9516955614089966,0.0729932487010955,0.7200971245765686,0.424125462770462,0.8558543920516968,0.041906964033842,0.7775373458862305,0.1254723668098449,0.9656283855438232
0.2283403575420379,-0.580727219581604,-0.1350568234920501,0.991083562374115,0.2119865417480468,-0.6221451759338379,-0.1276633441448211,0.9882192015647888,0.2121492326259613,-0.6222483515739441,-0.1271840929985046,0.9882418513298036,0.2117936909198761,-0.6229223608970642,-0.1269986778497696,0.9868983626365662,0.2130943983793258,-0.6163688898086548,-0.1628554314374923,0.9877870678901672,0.2136885076761245,-0.616942822933197,-0.1637396365404129,0.9903679490089417,0.2131087481975555,-0.6181849837303162,-0.1630091220140457,0.9890947341918944,0.1043731495738029,-0.6504185795783997,-0.0515222363173961,0.9828874468803406,0.0943483561277389,-0.6273263096809387,-0.2226357758045196,0.9913411140441896,0.1841216534376144,-0.5727542638778687,-0.1039824336767196,0.9868801832199096,0.1816824525594711,-0.5653644800186157,-0.1524515002965927,0.9882240891456604,0.0139449434354901,-0.51613450050354,0.0656875371932983,0.997132420539856,0.0254443045705556,-0.4653046429157257,-0.2604281306266784,0.9994197487831116,0.0519797578454017,-0.2910003662109375,0.0907951891422271,0.0165786053985357,0.1607829332351684,-0.2847520411014557,-0.1900234222412109,0.9316412806510924,0.1145296916365623,-0.2274859696626663,-0.0096983285620808,0.0300742238759994,0.1464269012212753,-0.4480133354663849,-0.007647949270904,0.8793587684631348,0.1292546838521957,-0.2104381769895553,-0.0195057168602943,0.045485284179449,0.1538044661283493,-0.5024007558822632,-0.0148328216746449,0.8657844662666321,0.123383842408657,-0.2165989726781845,-0.0262524709105491,0.0470995567739009,0.0997410416603088,-0.5251315236091614,-0.0315152406692504,0.8611974716186523,0.1103120744228363,-0.2258352786302566,-0.0174059383571147,0.0527729354798793,0.122784823179245,-0.4684539437294006,-0.0109469508752226,0.8207518458366394,0.0156203834339976,-0.0111877033486962,0.1062508821487426,0.997703731060028,-0.0159857198596,0.010329152457416,-0.1052221655845642,0.997845470905304,-0.0282612238079309,0.3786798417568207,0.291998952627182,0.4063268303871155,-0.0226441491395235,0.3844961822032928,0.043710172176361,0.955531358718872,-0.0494647808372974,0.6704226136207581,0.4403620660305023,0.6832883358001709,-0.0667613670229911,0.7105007171630859,0.1825888305902481,0.9721912741661072,-0.040767602622509,0.7099484801292419,0.447730153799057,0.7595040798187256,-0.0682439729571342,0.7541252970695496,0.1908423006534576,0.951103925704956,0.0736124888062477,0.7187712788581848,0.4244616031646728,0.853023111820221,0.042249534279108,0.7770604491233826,0.1271808594465255,0.9649559259414672
0.2284583300352096,-0.5780320763587952,-0.1349638104438781,0.9908247590065002,0.2126001417636871,-0.6190972924232483,-0.1276366114616394,0.9878922700881958,0.2127649784088134,-0.619208037853241,-0.1271552592515945,0.9879909753799438,0.2124135047197342,-0.6198700666427612,-0.1269699335098266,0.9865466952323914,0.2137291431427002,-0.6134024858474731,-0.162821814417839,0.9873916506767272,0.2143121808767318,-0.6139635443687439,-0.1637084633111953,0.9901100993156432,0.2137307971715927,-0.6152132153511047,-0.16297248005867,0.9887396097183228,0.1055144071578979,-0.6480271816253662,-0.0516691282391548,0.9824343919754028,0.0955506339669227,-0.6251110434532166,-0.2227323502302169,0.9911156296730042,0.1842453181743621,-0.5704965591430664,-0.1039495915174484,0.9865733981132508,0.1817914843559265,-0.5631915330886841,-0.152415469288826,0.9879019856452942,0.0143112624064087,-0.5161656737327576,0.0651935786008834,0.997126042842865,0.0254633035510778,-0.4650571644306183,-0.2604725062847137,0.9994250535964966,0.0521227158606052,-0.2915295660495758,0.0973899737000465,0.0162758026272058,0.160180777311325,-0.2851389944553375,-0.1905188560485839,0.9321054220199584,0.1145923435688018,-0.2293822467327118,0.0154873169958591,0.0294289737939834,0.1460271179676056,-0.4489900767803192,-0.008262999355793,0.8803277015686035,0.1292764395475387,-0.2131073623895645,0.0074765044264495,0.0446692481637001,0.153307095170021,-0.5032245516777039,-0.0154685508459806,0.8663604259490967,0.1236147955060005,-0.2202973663806915,0.0008430902380496,0.0462817251682281,0.0994471311569213,-0.5259440541267395,-0.0320582650601863,0.8617614507675171,0.110539898276329,-0.2288309633731842,0.0083561763167381,0.0518586300313472,0.1224978789687156,-0.4694055914878845,-0.0115348929539322,0.8212527632713318,0.0157061517238616,-0.0111818388104438,0.1062206774950027,0.9977290630340576,-0.0160701498389244,0.0103229777887463,-0.1051957607269287,0.9978680610656738,-0.0275996532291173,0.3786629438400268,0.292089432477951,0.4058329463005066,-0.0226065274327993,0.3840639293193817,0.0456753149628639,0.9561413526535034,-0.0487292595207691,0.6701374650001526,0.4404966235160827,0.6834090352058411,-0.06555987149477,0.7098287343978882,0.1870757788419723,0.972547709941864,-0.0399711243808269,0.7096341848373413,0.4478745758533478,0.7593965530395508,-0.0666843205690383,0.7534452080726624,0.195427194237709,0.9515627026557922,0.0743801146745681,0.7180383801460266,0.4246515333652496,0.8533111810684204,0.0442051403224468,0.7756106853485107,0.1325365304946899,0.9654108881950378
