x_0,y_0,z_0,visibility_0,x_1,y_1,z_1,visibility_1,x_2,y_2,z_2,visibility_2,x_3,y_3,z_3,visibility_3,x_4,y_4,z_4,visibility_4,x_5,y_5,z_5,visibility_5,x_6,y_6,z_6,visibility_6,x_7,y_7,z_7,visibility_7,x_8,y_8,z_8,visibility_8,x_9,y_9,z_9,visibility_9,x_10,y_10,z_10,visibility_10,x_11,y_11,z_11,visibility_11,x_12,y_12,z_12,visibility_12,x_13,y_13,z_13,visibility_13,x_14,y_14,z_14,visibility_14,x_15,y_15,z_15,visibility_15,x_16,y_16,z_16,visibility_16,x_17,y_17,z_17,visibility_17,x_18,y_18,z_18,visibility_18,x_19,y_19,z_19,visibility_19,x_20,y_20,z_20,visibility_20,x_21,y_21,z_21,visibility_21,x_22,y_22,z_22,visibility_22,x_23,y_23,z_23,visibility_23,x_24,y_24,z_24,visibility_24,x_25,y_25,z_25,visibility_25,x_26,y_26,z_26,visibility_26,x_27,y_27,z_27,visibility_27,x_28,y_28,z_28,visibility_28,x_29,y_29,z_29,visibility_29,x_30,y_30,z_30,visibility_30,x_31,y_31,z_31,visibility_31,x_32,y_32,z_32,visibility_32
0.624318540096283,0.3143675327301025,-0.0884289517998695,0.999984085559845,0.6247743368148804,0.302026093006134,-0.0828707665205001,0.999984085559845,0.6246744990348816,0.3013150990009308,-0.082936868071556,0.9999781250953674,0.6245052218437195,0.30063396692276,-0.0829391032457351,0.9999836087226868,0.6233516931533813,0.3020520210266113,-0.1052768006920814,0.999984860420227,0.6222074031829834,0.3013393878936767,-0.1053676083683967,0.9999809861183168,0.6209085583686829,0.3005090951919555,-0.1053871288895607,0.9999862313270568,0.6144628524780273,0.2966189980506897,-0.0431077405810356,0.9999522566795348,0.6101003885269165,0.2974805533885956,-0.1408461183309555,0.9999845623970032,0.6205422282218933,0.3212461471557617,-0.0694895833730697,0.9999690651893616,0.6189851760864258,0.3212849795818329,-0.0980028957128524,0.99997478723526,0.591264545917511,0.3484984636306762,0.0320151448249816,0.9998924732208252,0.5902127027511597,0.3628888130187988,-0.172161728143692,0.99997478723526,0.6019912958145142,0.424010694026947,0.0864653959870338,0.0660618692636489,0.60516756772995,0.4486447274684906,-0.156572088599205,0.98874694108963,0.6250755786895752,0.3880231082439422,0.0737332552671432,0.2058550268411636,0.6342523097991943,0.3999500870704651,-0.0599756613373756,0.963470220565796,0.6294434070587158,0.3719868957996368,0.0793205723166465,0.2239260226488113,0.6414601802825928,0.3887022733688354,-0.0647433027625083,0.938503921031952,0.634777843952179,0.3700400590896606,0.0695410892367363,0.2280860394239425,0.6392659544944763,0.3815101981163025,-0.057079192250967,0.9328225255012512,0.6299251914024353,0.3768493831157684,0.0686178281903266,0.2382799088954925,0.6363675594329834,0.3845515251159668,-0.0529283322393894,0.8986634612083435,0.5912374258041382,0.5105800032615662,0.0624114796519279,0.999907612800598,0.5896129012107849,0.5200546979904175,-0.0623175054788589,0.9999634623527528,0.5868939757347107,0.5979084968566895,0.1776292026042938,0.5905993580818176,0.5834757089614868,0.6238234043121338,0.0484610348939895,0.9858495593070984,0.5757747292518616,0.6763697266578674,0.2986445128917694,0.7747805118560791,0.5750715136528015,0.700616180896759,0.1410991698503494,0.9780652523040771,0.5690852403640747,0.6923346519470215,0.3106841742992401,0.9006087183952332,0.5670033693313599,0.7215209603309631,0.1499415785074234,0.9559603929519652,0.5977324843406677,0.6909775137901306,0.3034547865390777,0.8870434761047363,0.5983781814575195,0.7227182388305664,0.1175749525427818,0.97128427028656
0.6242989301681519,0.3144826591014862,-0.0883292406797409,0.9999847412109376,0.6247626543045044,0.3021931946277618,-0.0825438499450683,0.999984860420227,0.6246660351753235,0.3015032112598419,-0.0826090648770332,0.9999791979789734,0.6245017647743225,0.3008425533771515,-0.0826116949319839,0.9999843835830688,0.6233366131782532,0.3021804392337799,-0.1050031408667564,0.9999855756759644,0.6221938729286194,0.301456868648529,-0.105092242360115,0.9999818801879884,0.6208972334861755,0.3006147444248199,-0.105111077427864,0.9999868273735046,0.614441990852356,0.2968066334724426,-0.042367972433567,0.9999549388885498,0.6100829839706421,0.2975391149520874,-0.1403070241212844,0.9999853372573853,0.62052321434021,0.3213751316070556,-0.0692856460809707,0.9999703764915466,0.6189754605293274,0.3213838338851928,-0.0978530868887901,0.9999757409095764,0.5911024808883667,0.3485657870769501,0.0322138778865337,0.99989515542984,0.59012371301651,0.3629671335220337,-0.1715633869171142,0.9999750256538392,0.6019567847251892,0.4246445000171661,0.082525797188282,0.0676872655749321,0.6049787998199463,0.4496936202049255,-0.1558568924665451,0.9887016415596008,0.6248087286949158,0.388297289609909,0.0617386698722839,0.211657166481018,0.634056031703949,0.4003238081932068,-0.0581456311047077,0.9635921716690063,0.6290515661239624,0.3729370832443237,0.0662897676229476,0.2294402420520782,0.6412774920463562,0.3889294862747192,-0.0627286881208419,0.9387308359146118,0.63442063331604,0.3702168762683868,0.0569134093821048,0.233474463224411,0.639015257358551,0.3818319737911224,-0.0547120943665504,0.9330559372901917,0.6295284032821655,0.3773199915885925,0.0565766096115112,0.2434224635362625,0.636091947555542,0.3849082589149475,-0.0509632565081119,0.8990498185157776,0.59103924036026,0.5105677247047424,0.0624444894492626,0.9999099373817444,0.5894777774810791,0.5200546979904175,-0.0623502396047115,0.9999639391899108,0.5868480801582336,0.5979357957839966,0.1762566268444061,0.5915868878364563,0.5835016965866089,0.6237722039222717,0.0469148084521293,0.9859212040901184,0.5757759809494019,0.6771295070648193,0.2956078648567199,0.7754002809524536,0.5751051306724548,0.7005130648612976,0.1385531723499298,0.978142261505127,0.5691207051277161,0.6923980712890625,0.307358056306839,0.9010407328605652,0.5670887231826782,0.7213762998580933,0.1471889317035675,0.955988883972168,0.5977822542190552,0.6907539367675781,0.2995876967906952,0.8874260783195496,0.5988721251487732,0.7224235534667969,0.1144127920269966,0.9713299870491028
0.6243008971214294,0.3145204782485962,-0.0855812281370163,0.9999852776527404,0.6247637867927551,0.302254855632782,-0.0793985873460769,0.9999855160713196,0.6246675252914429,0.3015770614147186,-0.079464167356491,0.999980092048645,0.6245043873786926,0.3009315133094787,-0.079471118748188,0.9999850392341614,0.6233385801315308,0.3022157847881317,-0.1019643023610115,0.9999861121177672,0.622195839881897,0.3014843463897705,-0.1020537093281745,0.9999825358390808,0.6208991408348083,0.3006357550621032,-0.1020731106400489,0.999987244606018,0.614448606967926,0.2968920469284057,-0.0386282205581665,0.9999572038650512,0.6100884675979614,0.2975410521030426,-0.1370839327573776,0.9999859929084778,0.6205338835716248,0.3214317858219147,-0.0664617270231247,0.9999714493751526,0.6189947724342346,0.3214218914508819,-0.095180444419384,0.9999765157699584,0.5911068320274353,0.3486167192459106,0.0340397804975509,0.9998977184295654,0.5900205373764038,0.3629765510559082,-0.1687064617872238,0.9999752640724182,0.6020359396934509,0.4250785708427429,0.0752714499831199,0.0705328434705734,0.6048221588134766,0.4504616856575012,-0.1516739726066589,0.988633930683136,0.6248272657394409,0.3884642720222473,0.0413576774299144,0.2210419625043869,0.6338194012641907,0.4008850455284118,-0.051391776651144,0.9638239145278932,0.6290934681892395,0.3737812042236328,0.0441313832998275,0.238529086112976,0.6409264206886292,0.3894742131233215,-0.0557440109550952,0.9390925765037536,0.6343199014663696,0.3708130419254303,0.0351204611361026,0.24243725836277,0.638573408126831,0.3824833333492279,-0.047274000942707,0.9334306120872498,0.6295136213302612,0.3778865933418274,0.0359713472425937,0.2519588470458984,0.6355921626091003,0.3855709433555603,-0.0439303033053875,0.8996568918228149,0.5909743905067444,0.5105655193328857,0.0624457187950611,0.9999116659164428,0.589310884475708,0.5200954675674438,-0.0623516254127025,0.9999641180038452,0.5868180394172668,0.5979553461074829,0.1735712587833404,0.5922613143920898,0.5835279226303101,0.6237595677375793,0.0443018600344657,0.9859713912010192,0.5757771134376526,0.6774172186851501,0.2911902964115143,0.775168240070343,0.5751063823699951,0.7004989385604858,0.1354895979166031,0.9781096577644348,0.5691577792167664,0.6923701167106628,0.3027142882347107,0.9008046984672546,0.5670945644378662,0.7212751507759094,0.1439525485038757,0.9557837247848512,0.5978467464447021,0.6904276609420776,0.2942714989185333,0.8873170614242554,0.5991367101669312,0.7223203182220459,0.1105206757783889,0.9712586402893066
0.6242761015892029,0.3146652281284332,-0.0843634605407714,0.9999858140945436,0.6247504353523254,0.3024256825447082,-0.0781613141298294,0.999986171722412,0.6246587634086609,0.3017619252204895,-0.0782260745763778,0.9999809861183168,0.62450110912323,0.3011296689510345,-0.0782327130436897,0.9999856352806092,0.6233178973197937,0.3023498058319092,-0.1006748303771019,0.9999866485595704,0.6221739649772644,0.3016048371791839,-0.1007644608616828,0.9999831914901732,0.6208761930465698,0.3007408678531647,-0.1007826179265976,0.9999876618385316,0.6144502758979797,0.2970394790172577,-0.0375071689486503,0.9999593496322632,0.6100801825523376,0.2975929677486419,-0.1356743425130844,0.9999866485595704,0.620512843132019,0.3215495347976684,-0.0652957707643508,0.9999725818634032,0.6189715266227722,0.3215228319168091,-0.0939353927969932,0.9999773502349854,0.5911198854446411,0.3486151099205017,0.0347027033567428,0.99990051984787,0.5898568630218506,0.3629572987556457,-0.1675526946783065,0.999975562095642,0.6020347476005554,0.4249641001224518,0.0741812735795974,0.0730626955628395,0.6045607924461365,0.4503132700920105,-0.1512121856212616,0.9886282086372375,0.6248267292976379,0.3886321783065796,0.041111085563898,0.2297296822071075,0.6335546970367432,0.4011207520961761,-0.0518314689397811,0.9642359614372252,0.6291272640228271,0.3741298615932464,0.0439902618527412,0.2470573633909225,0.6405676603317261,0.3898463845252991,-0.0562753342092037,0.9397374987602234,0.6342366337776184,0.3711971640586853,0.0348921827971935,0.2508463561534881,0.6381378769874573,0.3829622864723205,-0.0478392951190471,0.9340964555740356,0.6295161843299866,0.3782177865505218,0.0357241407036781,0.2599548697471618,0.6351612210273743,0.386034607887268,-0.0444210954010486,0.9005814790725708,0.5909739136695862,0.510463297367096,0.0624187588691711,0.99991375207901,0.5890805125236511,0.5200560688972473,-0.0623254105448722,0.999964475631714,0.5868170261383057,0.5979185700416565,0.1712250262498855,0.5944868922233582,0.5835283994674683,0.623678982257843,0.0422700121998786,0.9861173033714294,0.5757797956466675,0.6774886846542358,0.2869288325309753,0.7768149375915527,0.5751180648803711,0.7004703879356384,0.1326222121715545,0.978208065032959,0.5691919922828674,0.6921817064285278,0.2982140779495239,0.9013875722885132,0.5671263337135315,0.7211742401123047,0.1409557908773422,0.9558467864990234,0.597862958908081,0.690191388130188,0.2892214357852936,0.8880223631858826,0.5990861654281616,0.7221860885620117,0.1071446686983108,0.9712904691696168
0.6242535710334778,0.3147781789302826,-0.083927147090435,0.9999863505363464,0.6247351765632629,0.3026507496833801,-0.0778836160898208,0.99998676776886,0.6246528625488281,0.3020278513431549,-0.0779474154114723,0.9999817609786988,0.6245012879371643,0.3014350235462188,-0.0779533684253692,0.999986171722412,0.6232823729515076,0.3025138676166534,-0.1002470403909683,0.9999871253967284,0.6221306324005127,0.301763117313385,-0.1003360822796821,0.9999837875366212,0.6208200454711914,0.3008982837200165,-0.1003530994057655,0.9999880790710448,0.6144773960113525,0.2973596155643463,-0.0376048237085342,0.9999613165855408,0.6100760698318481,0.2978712618350982,-0.1351787745952606,0.9999871850013732,0.6205129623413086,0.321633517742157,-0.0650009661912918,0.999973475933075,0.6189576983451843,0.3216051161289215,-0.0934477001428604,0.999978005886078,0.5911175012588501,0.3486177921295166,0.0347696095705032,0.9999024271965028,0.5898331999778748,0.3631473183631897,-0.1665341258049011,0.9999756813049316,0.6019914746284485,0.4247501194477081,0.0766508430242538,0.0748294815421104,0.6043487191200256,0.4502151608467102,-0.1507172435522079,0.9885572791099548,0.6248374581336975,0.3884750604629516,0.0525604225695133,0.2357363551855087,0.6332029104232788,0.4016353189945221,-0.0531088933348655,0.9644741415977478,0.6291674971580505,0.3741014301776886,0.0569058321416378,0.2528958320617676,0.6399834156036377,0.3902777731418609,-0.0575919114053249,0.9401994943618774,0.6340402364730835,0.3712322413921356,0.0473234243690967,0.2566649913787842,0.637704074382782,0.3834390342235565,-0.049312874674797,0.9345883727073668,0.6294318437576294,0.3782878816127777,0.0472489111125469,0.2655910849571228,0.634739339351654,0.386569619178772,-0.045828815549612,0.9012425541877748,0.5908995866775513,0.510462760925293,0.0622405968606472,0.999915361404419,0.5889520645141602,0.5201119184494019,-0.0621502995491027,0.9999647736549376,0.5868131518363953,0.5979344844818115,0.1693886071443557,0.5956878066062927,0.5835108160972595,0.6236791014671326,0.0415841117501258,0.9862295389175416,0.5757712721824646,0.6774991154670715,0.2841139435768127,0.7777736783027649,0.575130045413971,0.7004441022872925,0.1304898113012313,0.9783130884170532,0.5691965222358704,0.6919105052947998,0.2953659296035766,0.901800274848938,0.5671384930610657,0.7211444973945618,0.1387567520141601,0.9560033679008484,0.5978618264198303,0.6900879144668579,0.2872415781021118,0.8884250521659851,0.599071204662323,0.7220792174339294,0.1057667285203933,0.9713112711906432
0.6242426037788391,0.3149319887161255,-0.0839242488145828,0.9999868869781494,0.6247309446334839,0.3029336035251617,-0.0779601261019706,0.9999873638153076,0.624652087688446,0.3023539185523987,-0.078024037182331,0.9999825358390808,0.6245020627975464,0.301803320646286,-0.0780296176671981,0.9999867081642152,0.6232714056968689,0.3027397990226745,-0.1003177911043167,0.9999876618385316,0.6221187710762024,0.3019892871379852,-0.1004069298505783,0.9999844431877136,0.6208043694496155,0.3011276721954345,-0.100424125790596,0.9999885559082032,0.6144996285438538,0.2977063953876495,-0.0378392823040485,0.9999632835388184,0.6100776791572571,0.2981545329093933,-0.135323628783226,0.9999877214431764,0.6205113530158997,0.321760356426239,-0.0650486573576927,0.9999743700027466,0.6189476251602173,0.3217219114303589,-0.0934873521327972,0.9999786615371704,0.5909602046012878,0.3486026227474212,0.0346408300101757,0.999903917312622,0.589820921421051,0.3633159101009369,-0.1668600440025329,0.9999758005142212,0.6012628078460693,0.4234694838523865,0.0875215306878089,0.0746266469359397,0.6041513085365295,0.4501359760761261,-0.151225596666336,0.98850816488266,0.6246872544288635,0.3879624903202057,0.0813432857394218,0.2356186360120773,0.6329967975616455,0.4017201960086822,-0.0543931499123573,0.9645234942436218,0.6291126608848572,0.3738240003585815,0.0882166773080825,0.2527781128883362,0.6397923827171326,0.3903544247150421,-0.0584902204573154,0.9403499364852904,0.6337906718254089,0.3712278008460998,0.0780478715896606,0.2566120624542236,0.6375828981399536,0.383555918931961,-0.0507947281002998,0.9347545504570008,0.6292027831077576,0.3782979846000671,0.0763043612241745,0.2656578123569488,0.6345832347869873,0.3867245316505432,-0.0474460460245609,0.9013723731040956,0.5908330678939819,0.5104594230651855,0.0621513687074184,0.9999171495437622,0.5888979434967041,0.520142674446106,-0.062063742429018,0.9999653100967408,0.5868169069290161,0.5979348421096802,0.1701310276985168,0.5969085693359375,0.5834491848945618,0.6236421465873718,0.0419586189091205,0.9863353967666626,0.575765073299408,0.6775074005126953,0.2860004007816314,0.7793067693710327,0.5751315355300903,0.7004154920578003,0.1318400055170059,0.9784556031227112,0.5691995620727539,0.6917290687561035,0.2974138557910919,0.9024891257286072,0.5671411752700806,0.7211076021194458,0.1402495503425598,0.956247329711914,0.5978548526763916,0.6899867057800293,0.2895204722881317,0.8891859650611877,0.5990028381347656,0.7220385074615479,0.1073325052857399,0.9714243412017822
0.624209463596344,0.3150499165058136,-0.0807817503809928,0.999987244606018,0.6247102618217468,0.3031590580940246,-0.0752461105585098,0.999987781047821,0.6246341466903687,0.3025912344455719,-0.0753072947263717,0.9999831318855286,0.6244882941246033,0.3020505905151367,-0.0753101930022239,0.9999871253967284,0.6232607960700989,0.3029396831989288,-0.0973651111125946,0.9999880790710448,0.6221140027046204,0.3021855354309082,-0.0974543541669845,0.9999849796295166,0.6208019852638245,0.301320880651474,-0.0974726155400276,0.9999889135360718,0.6145018935203552,0.2978265881538391,-0.0365839004516601,0.9999648332595824,0.6100881695747375,0.2982786893844604,-0.1332967281341552,0.9999881982803344,0.6204829812049866,0.3218079507350921,-0.0624703429639339,0.9999749064445496,0.618923544883728,0.3217656016349792,-0.0906644314527511,0.9999790787696838,0.59068763256073,0.3481965661048889,0.0353652238845825,0.9999043941497804,0.5898374915122986,0.363313764333725,-0.1646601408720016,0.999975860118866,0.5999419093132019,0.4213515222072601,0.095852218568325,0.073943942785263,0.6037551164627075,0.4500973224639892,-0.149140864610672,0.9884073138237,0.6242526769638062,0.3872045874595642,0.0955547168850898,0.2334077954292297,0.6326434016227722,0.4019978642463684,-0.0530128702521324,0.9643417000770568,0.6288920044898987,0.3732934296131134,0.10327710211277,0.2506826519966125,0.6394021511077881,0.3907485008239746,-0.056924495846033,0.940107524394989,0.6334118247032166,0.371214210987091,0.0925492718815803,0.2546807527542114,0.6373300552368164,0.3839053809642792,-0.049308206886053,0.934513509273529,0.6288501024246216,0.3783121407032013,0.0904410630464553,0.2639656066894531,0.6343404054641724,0.3870525360107422,-0.0461225323379039,0.9009361267089844,0.5906711220741272,0.5101678371429443,0.0619009658694267,0.9999176263809204,0.5889079570770264,0.520115315914154,-0.0618168152868747,0.9999654293060304,0.5868160724639893,0.5977122783660889,0.1698481142520904,0.5970392227172852,0.5834437012672424,0.6235030293464661,0.0420939363539218,0.9863221049308776,0.5757573246955872,0.677506685256958,0.2855630218982696,0.7796935439109802,0.5751155614852905,0.7004036903381348,0.132340595126152,0.9784470796585084,0.5692020058631897,0.691641092300415,0.2970233261585235,0.9023038744926452,0.5671160221099854,0.7211062908172607,0.1407802999019622,0.9560940861701964,0.5978589653968811,0.689769983291626,0.2892818748950958,0.8893795609474182,0.5989461541175842,0.7220356464385986,0.1081733554601669,0.9714256525039672
0.6242161393165588,0.3150517642498016,-0.077506311237812,0.9999874234199524,0.6247101426124573,0.3031704127788543,-0.0722276419401168,0.9999880194664,0.6246318817138672,0.3026000559329986,-0.0722870901226997,0.9999834895133972,0.6244816184043884,0.3020570874214172,-0.0722893923521041,0.9999873638153076,0.6232804656028748,0.3029578030109405,-0.09427110850811,0.9999883770942688,0.622158408164978,0.3022090196609497,-0.0943604260683059,0.9999853372573853,0.6208798885345459,0.3013534247875213,-0.0943802446126937,0.9999891519546508,0.6145169734954834,0.2978236079216003,-0.034686092287302,0.9999658465385436,0.6103399395942688,0.2983186244964599,-0.1312171518802642,0.9999884963035583,0.6204978823661804,0.3218025267124176,-0.0596135929226875,0.999975085258484,0.6189836859703064,0.3217647075653076,-0.087779976427555,0.9999791979789734,0.5903891921043396,0.3478153944015503,0.0363544411957263,0.9999037981033324,0.5900659561157227,0.3635410070419311,-0.1628022193908691,0.9999758005142212,0.5987988114356995,0.4200708270072937,0.1001964062452316,0.0730683505535125,0.6035788059234619,0.4500689804553985,-0.1471911072731018,0.9882699847221376,0.6239591836929321,0.3867887854576111,0.1018144264817237,0.2303161472082138,0.6325963735580444,0.4020509719848633,-0.0518733449280262,0.9640383720397948,0.6287803649902344,0.3728688061237335,0.1096698194742202,0.2478038817644119,0.63935387134552,0.3907981812953949,-0.055959228426218,0.9396653175354004,0.6330344080924988,0.3711984157562256,0.0983318090438842,0.2520216703414917,0.6373270153999329,0.3839719295501709,-0.0485255755484104,0.9340731501579284,0.6284610629081726,0.3783241808414459,0.0964793190360069,0.2616623640060425,0.6343515515327454,0.3871167600154876,-0.0451357811689376,0.9002193212509155,0.5904089212417603,0.5098361372947693,0.0617842637002468,0.9999171495437622,0.588914692401886,0.5201141238212585,-0.0617010332643985,0.9999653100967408,0.5867720246315002,0.5975393652915955,0.169630080461502,0.5957509279251099,0.5834335684776306,0.6234458684921265,0.0422198548913002,0.9862084984779358,0.5757625102996826,0.6753517389297485,0.2861437797546386,0.7788646817207336,0.5750833749771118,0.7004216313362122,0.1327330023050308,0.9784228801727296,0.5692028403282166,0.6913911700248718,0.2977144420146942,0.90131014585495,0.5670056939125061,0.7211883068084717,0.1411914527416229,0.95576149225235,0.5978575348854065,0.6896897554397583,0.2899350225925445,0.8890884518623352,0.5988816618919373,0.7221742868423462,0.1086345762014389,0.9714608788490297
0.6242228150367737,0.3150325119495392,-0.0773310512304306,0.999987542629242,0.6247087121009827,0.3031734228134155,-0.0720957145094871,0.9999882578849792,0.6246257424354553,0.3026011288166046,-0.0721550434827804,0.9999837875366212,0.6244677305221558,0.3020551204681396,-0.0721567869186401,0.999987542629242,0.6232948303222656,0.302962064743042,-0.0942099019885063,0.999988615512848,0.6221944093704224,0.3022119104862213,-0.0942993983626365,0.9999856352806092,0.6209456324577332,0.3013607263565063,-0.0943203195929527,0.99998939037323,0.6145188808441162,0.2978007197380066,-0.0345934182405471,0.9999666810035706,0.6105267405509949,0.2983288466930389,-0.1314140111207962,0.9999887943267822,0.6205224394798279,0.3217707574367523,-0.0594150312244892,0.9999751448631288,0.6190693974494934,0.3217481970787048,-0.0876855179667472,0.9999792575836182,0.5902005434036255,0.3474369645118713,0.0365990921854972,0.99990314245224,0.5902187824249268,0.3637648224830627,-0.1630448997020721,0.9999757409095764,0.5980337262153625,0.4197101294994354,0.1019242182374,0.0721122846007347,0.6034033298492432,0.4500472545623779,-0.1473909020423889,0.9880854487419128,0.6236091256141663,0.3866096138954162,0.1043374612927436,0.2271361947059631,0.6324710845947266,0.4020259976387024,-0.0520209595561027,0.963656723499298,0.6285627484321594,0.3725765943527221,0.1122480332851409,0.2448755949735641,0.639263927936554,0.3907687067985534,-0.0563007406890392,0.9391241073608398,0.6326408386230469,0.371164321899414,0.1005983129143714,0.2493166774511337,0.6372657418251038,0.3839422762393951,-0.0488847568631172,0.9335269927978516,0.6279933452606201,0.3783335387706756,0.098880298435688,0.2593031525611877,0.6343002915382385,0.3870904147624969,-0.0453238897025585,0.899310290813446,0.5901605486869812,0.509678065776825,0.061785738915205,0.9999168515205384,0.5889132618904114,0.5201148986816406,-0.0617025345563888,0.9999653100967408,0.5867055654525757,0.5974825024604797,0.1698116362094879,0.5934736132621765,0.5834167003631592,0.6233147382736206,0.0438245981931686,0.986052393913269,0.575762927532196,0.6744698286056519,0.2881669998168945,0.7776561975479126,0.5750479102134705,0.7004377245903015,0.1340585649013519,0.9783979654312134,0.5688993334770203,0.6913432478904724,0.3000445365905761,0.9002904891967773,0.5664643049240112,0.7213670015335083,0.1425485461950302,0.955419659614563,0.5978711247444153,0.6896013617515564,0.2922397255897522,0.8887293338775635,0.5988496541976929,0.7222537398338318,0.1098429188132286,0.9715232253074646
0.6242140531539917,0.3150046467781067,-0.078124776482582,0.9999874234199524,0.6247031092643738,0.303172767162323,-0.0728045254945755,0.9999882578849792,0.624616265296936,0.3025961518287658,-0.0728644803166389,0.9999837875366212,0.6244531273841858,0.3020424842834472,-0.0728663951158523,0.999987542629242,0.6232953667640686,0.3029663562774658,-0.0948645249009132,0.999988615512848,0.6221981644630432,0.3022163808345794,-0.0949532836675643,0.9999856352806092,0.6209544539451599,0.3013650178909302,-0.0949722006916999,0.99998939037323,0.6145193576812744,0.2977249920368194,-0.034930046647787,0.9999669194221495,0.610543429851532,0.2983111143112182,-0.1325549185276031,0.9999889135360718,0.6205059289932251,0.3217321038246155,-0.0600369982421398,0.9999751448631288,0.6190661787986755,0.3217199444770813,-0.0881478115916252,0.9999792575836182,0.5902116298675537,0.3473452925682068,0.0365588590502738,0.9999035000801086,0.5901668667793274,0.363777756690979,-0.1660063117742538,0.9999756813049316,0.5978009700775146,0.4198502600193023,0.09893798828125,0.071280337870121,0.6032053232192993,0.4500534534454345,-0.1523126512765884,0.9880089163780212,0.6233072280883789,0.3866544365882873,0.0954894796013832,0.224727377295494,0.6323860287666321,0.4018199443817138,-0.0565422847867012,0.963502824306488,0.6282690763473511,0.3725983202457428,0.1025095283985138,0.2427180111408233,0.6392484903335571,0.3906850814819336,-0.0616388134658336,0.9388763308525084,0.6324732303619385,0.3711108863353729,0.0913533270359039,0.247305616736412,0.637182354927063,0.3838832378387451,-0.0540660992264747,0.9332719445228576,0.627772867679596,0.3783406317234039,0.0900414064526557,0.2575696408748626,0.6342117190361023,0.3869919180870056,-0.0498015768826007,0.8987259268760681,0.5901297926902771,0.5096484422683716,0.0621516816318035,0.9999170899391174,0.5888187885284424,0.5201408267021179,-0.062070719897747,0.999965250492096,0.586612343788147,0.5974810719490051,0.1742173731327057,0.5913125872612,0.5832494497299194,0.6233225464820862,0.0460642501711845,0.9859244227409364,0.5757654309272766,0.6753518581390381,0.2967298328876495,0.7766640782356262,0.5750353336334229,0.7008181810379028,0.1395651698112487,0.9782260060310364,0.5690699815750122,0.6913400292396545,0.3089225590229034,0.8994531631469727,0.5663979053497314,0.7214776277542114,0.1483868658542633,0.9547436237335204,0.597912073135376,0.6896085739135742,0.2999322712421417,0.8883259892463684,0.5988033413887024,0.7225591540336609,0.1142851486802101,0.9713926911354064
0.6242068409919739,0.314906358718872,-0.0785794407129287,0.999987244606018,0.6246949434280396,0.3031314611434936,-0.07320137321949,0.9999881386756896,0.6246039271354675,0.3025412857532501,-0.0732613578438758,0.9999836683273317,0.6244351863861084,0.3019692003726959,-0.0732629746198654,0.9999874234199524,0.6232957243919373,0.3029433786869049,-0.0952536314725875,0.9999884963035583,0.6221998333930969,0.3021962344646454,-0.0953422039747238,0.9999855160713196,0.6209588646888733,0.301345556974411,-0.0953600630164146,0.9999892711639404,0.6145201921463013,0.2975724041461944,-0.0350221060216426,0.9999668598175048,0.6105645895004272,0.2982339560985565,-0.1330588459968567,0.9999889135360718,0.6204988360404968,0.3216280937194824,-0.0603766366839408,0.9999749064445496,0.6190661787986755,0.3216203451156616,-0.0884306952357292,0.9999790787696838,0.5902180075645447,0.347121000289917,0.0365341790020465,0.999903678894043,0.590133011341095,0.3637518882751465,-0.1666921526193618,0.999975562095642,0.5977687835693359,0.4199300110340118,0.0973883122205734,0.0709197074174881,0.6028425693511963,0.4501296281814575,-0.1532009989023208,0.9879050850868224,0.6231792569160461,0.3867131769657135,0.0919281095266342,0.2238013297319412,0.632145881652832,0.4017511010169983,-0.0578839294612407,0.9633947014808656,0.628137469291687,0.3726043105125427,0.0986684411764144,0.2419892400503158,0.6390902400016785,0.3906664848327636,-0.063126154243946,0.938722550868988,0.6323951482772827,0.3711109161376953,0.0877124443650245,0.2467047423124313,0.6369401216506958,0.3838663697242737,-0.0555534772574901,0.9331202507019044,0.6277034878730774,0.3783473670482635,0.0865088030695915,0.2571675181388855,0.6339849233627319,0.3869602382183075,-0.0511564165353775,0.8983238935470581,0.5900449156761169,0.5094925165176392,0.062247660011053,0.9999169111251832,0.5886031985282898,0.5201314687728882,-0.0621675997972488,0.999964952468872,0.5865477919578552,0.5973430275917053,0.1750038266181945,0.5888776183128357,0.5830819606781006,0.6231734156608582,0.0467816106975078,0.9857545495033264,0.5757688879966736,0.6749290227890015,0.2968014180660248,0.7755170464515686,0.5750099420547485,0.7008212208747864,0.1402921676635742,0.977993905544281,0.5690993666648865,0.6913402676582336,0.3088652491569519,0.8985841870307922,0.5664179921150208,0.7214757204055786,0.1490853726863861,0.9540290236473083,0.5979435443878174,0.6895943880081177,0.2998576462268829,0.8878223896026611,0.5987730622291565,0.7227283120155334,0.1149447187781333,0.9711801409721376
0.6241686940193176,0.314904123544693,-0.0810773596167564,0.9999871253967284,0.6246612071990967,0.3031381964683532,-0.0758537724614143,0.9999880790710448,0.6245633363723755,0.3025454580783844,-0.0759184584021568,0.9999836087226868,0.6243866086006165,0.3019705414772033,-0.0759220644831657,0.9999873638153076,0.6232863664627075,0.3029550313949585,-0.0982295572757721,0.9999884366989136,0.6221967339515686,0.3022093176841736,-0.0983199328184127,0.9999854564666748,0.620958685874939,0.301358163356781,-0.0983419939875602,0.9999892115592957,0.614503026008606,0.297532856464386,-0.0378178209066391,0.9999668598175048,0.6105698347091675,0.2982226014137268,-0.1365298479795456,0.9999889135360718,0.6204389929771423,0.3216109573841095,-0.0628531500697135,0.9999746680259703,0.6190348863601685,0.321607232093811,-0.0913854613900184,0.9999788999557496,0.5902242660522461,0.3467594385147095,0.0349970906972885,0.9999037981033324,0.5901235938072205,0.3637975454330444,-0.1694839149713516,0.9999753832817078,0.597415566444397,0.4199934601783752,0.0972277000546455,0.0703228488564491,0.6025357842445374,0.4503242373466491,-0.1556421965360641,0.9877820014953612,0.622949481010437,0.3867724239826202,0.0946893319487571,0.2221357971429824,0.631919264793396,0.4017488062381744,-0.0604334138333797,0.9632846117019652,0.6279551386833191,0.3726109266281128,0.1018001735210418,0.2404708564281463,0.6388217210769653,0.3906897604465484,-0.0658501163125038,0.9385781288146972,0.6323395371437073,0.3711105585098266,0.0902301594614982,0.2453523576259613,0.6367496848106384,0.383868932723999,-0.058482851833105,0.9329859614372252,0.6276178359985352,0.3783539533615112,0.0891037136316299,0.2560434639453888,0.6338366270065308,0.3869407474994659,-0.0538124591112136,0.8978722095489502,0.5898643136024475,0.50943523645401,0.0623462200164794,0.9999169111251832,0.5884477496147156,0.520155131816864,-0.0622674562036991,0.9999647736549376,0.5863946676254272,0.596960186958313,0.1770180910825729,0.5866360664367676,0.5829078555107117,0.623035192489624,0.0486468896269798,0.985584557056427,0.5757744908332825,0.6744317412376404,0.3001453280448913,0.7745867967605591,0.5750056505203247,0.700812578201294,0.1437150985002517,0.977782130241394,0.5691479444503784,0.6913238167762756,0.3123775422573089,0.8977944254875183,0.5665102005004883,0.7214498519897461,0.1526864320039749,0.9533339738845824,0.5979562401771545,0.6892302632331848,0.3035278916358948,0.8874428868293762,0.5987555384635925,0.7227522730827332,0.1187190189957618,0.9709911942481996
0.6241248250007629,0.3148873746395111,-0.086113229393959,0.9999870657920836,0.6246236562728882,0.3031392991542816,-0.0810177251696586,0.9999880790710448,0.6245198845863342,0.3025457561016083,-0.0810838490724563,0.9999836087226868,0.6243353486061096,0.3019697070121765,-0.0810882151126861,0.9999873638153076,0.6232659220695496,0.3029570281505584,-0.1035841554403305,0.9999884366989136,0.6221800446510315,0.3022151291370392,-0.1036760509014129,0.9999854564666748,0.6209430694580078,0.3013693690299988,-0.1037001833319664,0.9999892115592957,0.6144559979438782,0.2975280284881592,-0.0427181199193,0.9999669790267944,0.6105642318725586,0.2982401847839355,-0.1416780650615692,0.9999889731407166,0.6203662157058716,0.3215950429439544,-0.0676795914769172,0.9999746084213256,0.6189794540405273,0.321594625711441,-0.0964779555797576,0.9999788403511048,0.590224027633667,0.3465326726436615,0.0321336053311824,0.999904215335846,0.5901266932487488,0.3638416826725006,-0.1735572516918182,0.9999752640724182,0.5969867706298828,0.4200281500816345,0.0979686304926872,0.0694852843880653,0.6022841334342957,0.45035520195961,-0.1598251014947891,0.9876971244812012,0.6228235960006714,0.3868115842342376,0.100424475967884,0.220307171344757,0.6317347884178162,0.4017818868160248,-0.0650237947702407,0.963321566581726,0.6278859972953796,0.3725868165493011,0.1083072051405906,0.23903389275074,0.6386302709579468,0.390811562538147,-0.070543922483921,0.9387043118476868,0.6322535872459412,0.3711699843406677,0.0962086468935012,0.2440801858901977,0.6366172432899475,0.3839998245239258,-0.0633480250835418,0.9331348538398744,0.6275290846824646,0.3783852159976959,0.0947850495576858,0.2550501525402069,0.6337225437164307,0.3869963884353637,-0.0584951415657997,0.8977991342544556,0.5897274613380432,0.5093951225280762,0.0624683536589145,0.9999175667762756,0.5882370471954346,0.5201532244682312,-0.0623927451670169,0.9999648332595824,0.5863081216812134,0.5967313051223755,0.1792356222867965,0.5853773355484009,0.582704484462738,0.6228823661804199,0.0506126396358013,0.985495924949646,0.5757643580436707,0.6742704510688782,0.3040477037429809,0.7745404243469238,0.5750018954277039,0.7008116245269775,0.1470376104116439,0.977670967578888,0.5689681172370911,0.6913217902183533,0.3165086209774017,0.8975905776023865,0.5665903687477112,0.7214511036872864,0.1561790555715561,0.9528695940971376,0.597955584526062,0.689071774482727,0.3077614605426788,0.8874813318252563,0.5987246036529541,0.72279953956604,0.1220102161169052,0.970879077911377
0.6240798830986023,0.3148300051689148,-0.0854646265506744,0.9999871253967284,0.6245895028114319,0.3031280934810638,-0.0806622132658958,0.9999881386756896,0.624485433101654,0.3025347888469696,-0.0807314291596412,0.9999837279319764,0.6242997646331787,0.3019589483737945,-0.0807355865836143,0.9999874234199524,0.6232379078865051,0.3029523193836212,-0.1033714190125465,0.9999884963035583,0.6221525073051453,0.3022146224975586,-0.1034652814269065,0.9999855756759644,0.620911180973053,0.3013718128204345,-0.103488951921463,0.9999892711639404,0.6143800616264343,0.2975156009197235,-0.042082030326128,0.9999673366546632,0.6105270385742188,0.2982430756092071,-0.140679195523262,0.999989092350006,0.620307207107544,0.3215644061565399,-0.067399762570858,0.9999750256538392,0.6189234256744385,0.3215568959712982,-0.0963301882147789,0.9999791979789734,0.5902277827262878,0.3463415205478668,0.0324040688574314,0.9999059438705444,0.5900963544845581,0.3635237514972687,-0.1727717220783233,0.999975562095642,0.597025990486145,0.4200288951396942,0.0974238961935043,0.0692112371325492,0.6020954251289368,0.4502008855342865,-0.1598300039768219,0.9877892136573792,0.622843325138092,0.3868458867073059,0.0968054756522178,0.2203186750411987,0.6316337585449219,0.4018276929855346,-0.0660443678498268,0.9637459516525269,0.6291259527206421,0.3761696219444275,0.1041507720947265,0.2393557578325271,0.638610303401947,0.3910680115222931,-0.0716540664434433,0.9393754005432128,0.632270872592926,0.3712587058544159,0.0926045477390289,0.2444607764482498,0.6366250514984131,0.3842172920703888,-0.0642399117350578,0.9338448643684388,0.627551794052124,0.3784304559230804,0.0912782177329063,0.2555880546569824,0.6337186694145203,0.3871006965637207,-0.0594229884445667,0.8986164331436157,0.5896669626235962,0.5093773007392883,0.0624888725578784,0.9999188780784608,0.5880638360977173,0.5199437737464905,-0.0624140538275241,0.9999651908874512,0.5862548351287842,0.5964235067367554,0.1785052418708801,0.5867666006088257,0.5826152563095093,0.6225652694702148,0.0501267053186893,0.9855996370315552,0.5756819248199463,0.6742077469825745,0.3017815947532654,0.7765036225318909,0.5750036835670471,0.700807511806488,0.1454508602619171,0.9777947068214417,0.5686619281768799,0.6913275122642517,0.3140273690223694,0.8983921408653259,0.5665778517723083,0.7214747071266174,0.1544640809297561,0.9529563784599304,0.5979438424110413,0.6890559196472168,0.3053183555603027,0.8883644938468933,0.5987077355384827,0.7228094935417175,0.1204244345426559,0.9709702730178832
0.6239576935768127,0.3148173093795776,-0.0844845250248909,0.999987244606018,0.6245251893997192,0.3031297624111175,-0.0799081549048423,0.999988317489624,0.6244239807128906,0.3025365769863128,-0.0799788981676101,0.9999839663505554,0.6242404580116272,0.3019600808620453,-0.079982228577137,0.999987542629242,0.6231774687767029,0.302957683801651,-0.1024449840188026,0.9999886751174928,0.6220899224281311,0.3022247850894928,-0.1025395467877388,0.9999857544898988,0.6208394765853882,0.3013868629932403,-0.1025616005063057,0.99998939037323,0.6142576336860657,0.2975135445594787,-0.0416754968464374,0.9999679923057556,0.6104274988174438,0.2982592582702636,-0.1406111121177673,0.9999892711639404,0.620147168636322,0.3215531408786773,-0.066787950694561,0.9999755024909972,0.6187598705291748,0.3215382397174835,-0.095474436879158,0.999979555606842,0.5902310609817505,0.3460450768470764,0.032620120793581,0.9999069571495056,0.589941143989563,0.3630405366420746,-0.1722403913736343,0.999975860118866,0.5967428684234619,0.4197354316711426,0.0972296148538589,0.067971184849739,0.6016146540641785,0.4497777223587036,-0.1594777703285217,0.9878975749015808,0.6226969361305237,0.3868677318096161,0.0973691195249557,0.2170761674642563,0.6315391659736633,0.4018137753009796,-0.065934769809246,0.9639873504638672,0.629484236240387,0.3774082362651825,0.1051233112812042,0.2364543378353119,0.6385738253593445,0.3911389708518982,-0.0711359456181526,0.9397537112236024,0.6322789788246155,0.3712569773197174,0.0936461836099624,0.2415493428707122,0.6366287469863892,0.3842813968658447,-0.0635740309953689,0.9342324733734132,0.6275266408920288,0.3784360587596893,0.0919472649693489,0.2528440654277801,0.6337123513221741,0.3871151208877563,-0.0592120476067066,0.8990747928619385,0.5896485447883606,0.5092611312866211,0.0624541081488132,0.999919891357422,0.5878889560699463,0.5195645093917847,-0.062379878014326,0.9999656081199646,0.5862537622451782,0.5961763262748718,0.1771290153264999,0.5883318781852722,0.5825731158256531,0.6223486065864563,0.0495650507509708,0.985736846923828,0.5756641030311584,0.6742326021194458,0.2977682650089264,0.7784653306007385,0.5750241875648499,0.7007964253425598,0.1437356024980545,0.9779552817344666,0.5685704350471497,0.6913541555404663,0.3097042441368103,0.8993353843688965,0.5665953755378723,0.7214758396148682,0.1527199149131775,0.9532871842384338,0.5979446768760681,0.6890718340873718,0.3009141385555267,0.8892402052879333,0.5987033843994141,0.7227791547775269,0.1190362200140953,0.971107304096222
0.6238312125205994,0.3148089051246643,-0.0847342014312744,0.999987542629242,0.6244531869888306,0.3031303882598877,-0.0799241811037063,0.9999885559082032,0.6243555545806885,0.3025369644165039,-0.0799929276108741,0.999984323978424,0.6241769194602966,0.3019604980945587,-0.0799954980611801,0.999987781047821,0.6231049299240112,0.3029593825340271,-0.1024002581834793,0.9999889135360718,0.6220118999481201,0.3022289276123047,-0.1024935692548751,0.9999859929084778,0.6207523345947266,0.3013949692249298,-0.102514162659645,0.9999895691871644,0.6141244173049927,0.2975121140480041,-0.0418298654258251,0.9999687075614928,0.6103171706199646,0.2982774078845978,-0.1402300745248794,0.9999895095825196,0.6199835538864136,0.3215464055538177,-0.0667776763439178,0.9999759793281556,0.6185934543609619,0.3215255439281463,-0.0953896269202232,0.9999799728393556,0.5902144908905029,0.3457189798355102,0.0324139520525932,0.9999083280563354,0.589771032333374,0.3626603186130523,-0.172391265630722,0.9999760985374452,0.5963423252105713,0.4196553230285644,0.0963196977972984,0.0673345476388931,0.6011251211166382,0.4496797919273376,-0.1601033210754394,0.9879814386367798,0.6225528717041016,0.3869503438472748,0.0966952666640281,0.2163939327001571,0.6313740015029907,0.4019929468631744,-0.0667316913604736,0.9643961787223816,0.6288750767707825,0.3769249320030212,0.1046100109815597,0.2361447662115097,0.6384382843971252,0.3915190696716308,-0.0719234198331832,0.940371572971344,0.6322475671768188,0.371257334947586,0.0926891714334487,0.2412574142217636,0.6365905404090881,0.384663462638855,-0.0642927810549736,0.934873640537262,0.6274059414863586,0.378470242023468,0.0911612287163734,0.2526680827140808,0.6336642503738403,0.3874587416648865,-0.0599743463099002,0.8998062014579773,0.5896514654159546,0.5088813304901123,0.0624544024467468,0.9999210834503174,0.5876871347427368,0.5189992189407349,-0.0623802542686462,0.9999659657478333,0.5862749218940735,0.5955464243888855,0.176711693406105,0.589239776134491,0.5825148224830627,0.6214447617530823,0.0489806607365608,0.985849142074585,0.5756721496582031,0.6742397546768188,0.2967053651809692,0.7803260684013367,0.5750599503517151,0.7007849216461182,0.1430683732032776,0.9780848026275636,0.56856769323349,0.6913533806800842,0.3085671067237854,0.9001792669296265,0.5666506290435791,0.7214742302894592,0.1520294845104217,0.953471839427948,0.5979455709457397,0.6890829205513,0.2998106777667999,0.8901087641716003,0.5987029671669006,0.7227550148963928,0.1182247176766395,0.971200168132782
0.6237781047821045,0.3147144913673401,-0.0846203491091728,0.9999876618385316,0.6243990063667297,0.3031026422977447,-0.0797270163893699,0.9999887347221376,0.624295175075531,0.3025099635124206,-0.0797951519489288,0.9999845623970032,0.6241119503974915,0.3019339740276336,-0.0797982439398765,0.9999879002571106,0.6230736970901489,0.3029412031173706,-0.1021762937307357,0.9999890327453612,0.6219883561134338,0.3022178709506988,-0.1022694408893585,0.9999861121177672,0.6207353472709656,0.3013904988765716,-0.1022905632853508,0.999989688396454,0.614005446434021,0.2974928319454193,-0.0415573641657829,0.9999691247940063,0.6102855801582336,0.2982766926288605,-0.1398568451404571,0.9999896287918092,0.6199095845222473,0.3214643895626068,-0.0666082873940467,0.9999762773513794,0.6185511946678162,0.3214327096939087,-0.0952047556638717,0.9999802708625792,0.5901938080787659,0.3455281555652618,0.0325201079249382,0.9999094009399414,0.5896543264389038,0.3624005913734436,-0.1723280102014541,0.9999763369560242,0.5960202813148499,0.4196763932704925,0.0960632264614105,0.0666332393884658,0.6008155345916748,0.4495624899864197,-0.1604837030172348,0.9880722165107728,0.6224638223648071,0.3873227834701538,0.0946723967790603,0.2156419157981872,0.6312962770462036,0.4020145237445831,-0.0673934668302536,0.9647478461265564,0.6285266876220703,0.3768328130245209,0.1021450012922287,0.235819473862648,0.6383997201919556,0.3915808796882629,-0.0726501420140266,0.9408932328224182,0.632252037525177,0.3724334836006164,0.0900726243853569,0.2409295737743377,0.6365993022918701,0.3847586810588836,-0.0650138556957244,0.9354119896888732,0.6273497939109802,0.3785268664360046,0.0890051200985908,0.2523971498012543,0.6336708664894104,0.3875467479228973,-0.0606419369578361,0.900429368019104,0.5896526575088501,0.5086236000061035,0.0625409707427024,0.9999222755432128,0.5874271988868713,0.5186856389045715,-0.062468335032463,0.9999663829803468,0.5863776803016663,0.5951167345046997,0.176715537905693,0.5895180106163025,0.5825005769729614,0.6206454634666443,0.0487173870205879,0.9859139919281006,0.5757315158843994,0.674186110496521,0.2968728840351105,0.7819552421569824,0.5750745534896851,0.7007484436035156,0.1429893225431442,0.9781904816627502,0.5685803294181824,0.6913396120071411,0.308745801448822,0.9010390639305116,0.5666835308074951,0.721457839012146,0.1519468575716018,0.9535916447639464,0.5979538559913635,0.6890817880630493,0.2999503314495086,0.8909799456596375,0.598700225353241,0.7227503657341003,0.1176448687911033,0.971304714679718
0.6237046718597412,0.3145832121372223,-0.084381990134716,0.9999878406524658,0.6243066191673279,0.3030767142772674,-0.0796827152371406,0.9999889731407166,0.6241956353187561,0.3024870455265045,-0.0797525122761726,0.999984860420227,0.6240094900131226,0.3019123077392578,-0.079755999147892,0.9999880790710448,0.6230133175849915,0.3029179275035858,-0.102080725133419,0.9999892115592957,0.6219381093978882,0.3022010326385498,-0.1021736711263656,0.9999862909317015,0.6206946969032288,0.3013803362846374,-0.1021933406591415,0.9999898076057434,0.613917887210846,0.2974753379821777,-0.04145223274827,0.9999697804450988,0.6102485060691833,0.2982752919197082,-0.1395992934703827,0.9999898076057434,0.6198412179946899,0.3213327825069427,-0.0665287524461746,0.9999768137931824,0.6184995770454407,0.3212700188159942,-0.0951696708798408,0.9999807476997375,0.5901651382446289,0.3454664051532745,0.0323376134037971,0.9999105930328368,0.5893858075141907,0.36192187666893,-0.1725698411464691,0.9999766945838928,0.595268964767456,0.4197462201118469,0.0952446237206459,0.0654682070016861,0.6004778146743774,0.4493278861045837,-0.1618020683526992,0.988205909729004,0.6220385432243347,0.3877068161964416,0.0943818762898445,0.2131375819444656,0.6312815546989441,0.4017904698848724,-0.0694261491298675,0.9650232791900636,0.6277884244918823,0.3766830861568451,0.1015490368008613,0.2338139414787292,0.6384071111679077,0.3915247321128845,-0.0744907036423683,0.9413358569145204,0.6321563124656677,0.3728326857089996,0.0896452516317367,0.2388309985399246,0.6366052627563477,0.3847353160381317,-0.0667801275849342,0.9358559846878052,0.6270886063575745,0.3785306215286255,0.0886773318052291,0.2503083050251007,0.6336748003959656,0.3875045776367187,-0.0626520216464996,0.9009966850280762,0.5896521210670471,0.5084893703460693,0.0625600591301918,0.999923825263977,0.5869910717010498,0.518419623374939,-0.0624880567193031,0.999967098236084,0.5864996314048767,0.5949611067771912,0.1766957938671112,0.5920963287353516,0.582499623298645,0.6202567219734192,0.0465114004909992,0.98615962266922,0.5758141279220581,0.6741554737091064,0.2974126040935516,0.7849770784378052,0.5750946402549744,0.700745165348053,0.1402329802513122,0.9785637259483336,0.5685980319976807,0.6913410425186157,0.3093657791614532,0.9026015400886536,0.5667210221290588,0.7214564681053162,0.1491378992795944,0.9542306661605836,0.5979548692703247,0.6891198754310608,0.3006459474563598,0.892495334148407,0.5987057089805603,0.7227486371994019,0.114237755537033,0.971687912940979
0.6235096454620361,0.3145816922187805,-0.0831029042601585,0.9999881386756896,0.624096691608429,0.3030862212181091,-0.078410267829895,0.9999892115592957,0.6239720582962036,0.3024956285953522,-0.0784806385636329,0.9999852180480956,0.6237769722938538,0.3019185364246368,-0.0784846916794776,0.999988317489624,0.6228364109992981,0.3029290735721588,-0.1007084548473358,0.99998939037323,0.6217699646949768,0.3022125661373138,-0.1008009687066078,0.9999865293502808,0.6205379962921143,0.301391988992691,-0.1008182317018508,0.9999899864196776,0.6136932969093323,0.2974732220172882,-0.0410858839750289,0.9999706149101256,0.6100953817367554,0.2982796132564544,-0.1385944038629531,0.9999900460243224,0.6196144223213196,0.3213095068931579,-0.0654524266719818,0.9999775886535645,0.6183106303215027,0.3212455809116363,-0.0938619002699852,0.99998140335083,0.5901689529418945,0.3453839123249054,0.0323920398950576,0.999912977218628,0.5889450907707214,0.361560970544815,-0.1723099201917648,0.9999772310256958,0.5953828692436218,0.4199576675891876,0.0880681276321411,0.0657248571515083,0.6001402735710144,0.449205070734024,-0.1614744663238525,0.9884187579154968,0.6220238208770752,0.3877217173576355,0.074835792183876,0.2156114280223846,0.6311333775520325,0.4017767310142517,-0.0688472837209701,0.965718150138855,0.6276476979255676,0.3763290345668793,0.080658845603466,0.2367623150348663,0.6383410692214966,0.391541987657547,-0.0742638558149337,0.9424086809158324,0.632146418094635,0.3723843097686767,0.0699204578995704,0.2416610717773437,0.6365945339202881,0.3847436308860779,-0.0665772333741188,0.9369687438011168,0.6270727515220642,0.3784900307655334,0.069367304444313,0.2530131936073303,0.6336566805839539,0.3875017464160919,-0.0622633695602417,0.9025681614875792,0.5897144675254822,0.5083269476890564,0.0624959841370582,0.999925971031189,0.586574912071228,0.5182235240936279,-0.0624249763786792,0.9999679327011108,0.5867010354995728,0.5948324203491211,0.1758165806531906,0.5960695743560791,0.5824928283691406,0.6199154257774353,0.0450792387127876,0.9864319562911988,0.5758619904518127,0.6741217374801636,0.2948903441429138,0.7886111736297607,0.5750977993011475,0.7007107734680176,0.1375113129615783,0.9788945317268372,0.5686007738113403,0.6913005709648132,0.3066381812095642,0.9043433666229248,0.5668958425521851,0.7214216589927673,0.1462008953094482,0.9548348784446716,0.5979598164558411,0.6891515851020813,0.2976953387260437,0.8941814303398132,0.5987037420272827,0.7227286100387573,0.1110009104013443,0.9719680547714232
0.6233181357383728,0.3145897984504699,-0.0823681652545929,0.9999881386756896,0.6239069700241089,0.3031187355518341,-0.0777443721890449,0.9999892115592957,0.6237683892250061,0.3025274574756622,-0.0778157785534858,0.9999852180480956,0.6235601902008057,0.3019473552703857,-0.0778219774365425,0.999988317489624,0.6226705312728882,0.3029629588127136,-0.0999738425016403,0.99998939037323,0.6216101050376892,0.3022474348545074,-0.1000670045614242,0.9999865293502808,0.6203895807266235,0.3014270365238189,-0.1000838503241539,0.9999899864196776,0.6134545803070068,0.2974783480167389,-0.0410590805113315,0.9999708533287048,0.6099578142166138,0.2982931435108185,-0.1382279396057129,0.9999901056289672,0.6193292140960693,0.321304589509964,-0.0648996010422706,0.999978005886078,0.6180710196495056,0.3212413489818573,-0.0931797325611114,0.9999817609786988,0.5901690125465393,0.3452308177947998,0.032456025481224,0.9999144673347472,0.5884262919425964,0.3612831234931946,-0.1721540540456771,0.9999775290489196,0.5958296060562134,0.4197978377342224,0.0883780345320701,0.0662627965211868,0.5999065041542053,0.4491737484931946,-0.1610817164182663,0.9885686635971068,0.6222111582756042,0.3867992162704468,0.0772246196866035,0.2184953242540359,0.6308718919754028,0.4017700850963592,-0.0681495293974876,0.9662817716598512,0.62910395860672,0.3758454918861389,0.0833164155483245,0.2399776875972747,0.6381974816322327,0.3916418850421905,-0.0733902752399444,0.943355917930603,0.632195770740509,0.3719832301139831,0.0725164860486984,0.2448371648788452,0.6365035772323608,0.3847657144069671,-0.0657687559723854,0.9379684925079346,0.6272333860397339,0.3781169354915619,0.0717839822173118,0.256131500005722,0.633562445640564,0.3874981999397278,-0.061486255377531,0.9039851427078248,0.5897237062454224,0.5083105564117432,0.0624028816819191,0.9999274611473083,0.5863016843795776,0.5182337760925293,-0.0623331032693386,0.999968409538269,0.5867883563041687,0.5947452187538147,0.1749135106801986,0.5991966724395752,0.5824791789054871,0.6199301481246948,0.0452184304594993,0.9866267442703248,0.5758976340293884,0.6741254925727844,0.2931378185749054,0.7913026809692383,0.5751000642776489,0.7006693482398987,0.1376870274543762,0.9790897369384766,0.5686042308807373,0.6912999153137207,0.3048270344734192,0.905630588531494,0.5670135021209717,0.7213292121887207,0.1463887095451355,0.9552242159843444,0.5979517698287964,0.6891980767250061,0.2958428263664245,0.8953860402107239,0.5987024903297424,0.7226588129997253,0.1114633902907371,0.9720874428749084
0.623192548751831,0.3145887553691864,-0.0819936618208885,0.9999882578849792,0.6237866282463074,0.303120881319046,-0.0773921087384224,0.9999892711639404,0.6236391067504883,0.3025289177894592,-0.077463760972023,0.9999853372573853,0.6234244108200073,0.3019477427005768,-0.0774706825613975,0.9999883770942688,0.6225672960281372,0.3029651939868927,-0.0996124893426895,0.9999894499778748,0.6215122938156128,0.3022489547729492,-0.0997053906321525,0.9999865889549256,0.6203013062477112,0.3014293313026428,-0.0997220799326896,0.9999899864196776,0.613371729850769,0.2974748015403747,-0.0410405211150646,0.9999712109565736,0.6099061965942383,0.2982870936393738,-0.1380553990602493,0.999990165233612,0.6191558837890625,0.3212849795818329,-0.0645687878131866,0.999978482723236,0.6179273128509521,0.3212195932865143,-0.092814564704895,0.9999821186065674,0.5901576280593872,0.3451213836669922,0.0325009562075138,0.999915897846222,0.5881787538528442,0.3611771166324615,-0.1721304059028625,0.9999778270721436,0.5958831310272217,0.419732391834259,0.0889030247926712,0.0668171644210815,0.5997034907341003,0.449117511510849,-0.1607629358768463,0.988727867603302,0.6222977042198181,0.3863624334335327,0.0786682218313217,0.2216409146785736,0.6305009126663208,0.4018013775348663,-0.068173699080944,0.9669018983840942,0.6290132999420166,0.3737969994544983,0.0848693549633026,0.2435329854488372,0.6380366683006287,0.3917985558509826,-0.0734001025557518,0.944383144378662,0.6321501135826111,0.3718951046466827,0.0738754421472549,0.2483654618263244,0.6363230347633362,0.3848659992218017,-0.0658342391252517,0.9390568137168884,0.6272363066673279,0.3780332803726196,0.0731674134731292,0.2596279382705688,0.6333519220352173,0.3875245749950409,-0.061480950564146,0.9055254459381104,0.5897133350372314,0.5082501173019409,0.0623769797384738,0.999928891658783,0.5861621499061584,0.5182386636734009,-0.0623082444071769,0.999968945980072,0.586836040019989,0.5946347713470459,0.1746554225683212,0.602331817150116,0.5824785232543945,0.6199203729629517,0.045309018343687,0.986841320991516,0.5759080648422241,0.6741060018539429,0.2933424115180969,0.793895423412323,0.5751007199287415,0.7006444931030273,0.1377827823162078,0.979375183582306,0.5685988068580627,0.6912732720375061,0.3050861954689026,0.906890034675598,0.567063570022583,0.7212878465652466,0.1464845091104507,0.9557012915611268,0.5978813767433167,0.6892572045326233,0.2961691617965698,0.8965598344802856,0.5986911058425903,0.7226292490959167,0.1115459501743316,0.972312033176422
0.6230963468551636,0.3145874738693237,-0.0801165625452995,0.9999884963035583,0.6237389445304871,0.3031217753887176,-0.0753210708498954,0.9999894499778748,0.6235920190811157,0.3025297820568084,-0.0753895863890647,0.9999855756759644,0.6233801245689392,0.3019484281539917,-0.0753955096006393,0.9999885559082032,0.6225147843360901,0.3029665052890777,-0.0974858552217483,0.9999895691871644,0.6214553713798523,0.3022505939006805,-0.0975770130753517,0.99998676776886,0.6202412843704224,0.3014307022094726,-0.0975924804806709,0.9999901056289672,0.613357663154602,0.2974728643894195,-0.0390184260904789,0.9999718070030212,0.6098804473876953,0.2982619106769562,-0.135586529970169,0.9999903440475464,0.6189577579498291,0.321266621351242,-0.0626221299171447,0.9999790191650392,0.6177263855934143,0.3211966454982757,-0.09077188372612,0.9999825954437256,0.5901377201080322,0.3449105024337768,0.0333454273641109,0.9999176263809204,0.5880905985832214,0.3606679737567901,-0.1695791184902191,0.9999781250953674,0.5960045456886292,0.4194370806217193,0.086104430258274,0.0682368651032447,0.599638819694519,0.4489265382289886,-0.1578110009431839,0.9889302253723145,0.6223763227462769,0.3860306143760681,0.0685929432511329,0.2269150912761688,0.6302764415740967,0.4017992913722992,-0.0653369724750518,0.9675840139389038,0.629680335521698,0.3739628791809082,0.0737593621015548,0.2490518987178802,0.6378980278968811,0.3918489515781402,-0.0704226344823837,0.9454358816146852,0.6321439743041992,0.3718928098678589,0.0630240440368652,0.2538143396377563,0.6361420154571533,0.3849341869354248,-0.062635563313961,0.9401693344116212,0.6272547841072083,0.378028929233551,0.0629964023828506,0.2649043500423431,0.6331881284713745,0.3875330686569214,-0.0584680661559104,0.9071884155273438,0.5896133780479431,0.5080277323722839,0.0622044950723648,0.9999299645423888,0.5861591100692749,0.5179165601730347,-0.062134962528944,0.999969244003296,0.5868200659751892,0.5946422815322876,0.1713810861110687,0.6067804098129272,0.5826126337051392,0.6194767355918884,0.0443090759217739,0.9870471954345704,0.5758927464485168,0.6744385957717896,0.287544310092926,0.7970072627067566,0.5751084685325623,0.7005362510681152,0.1353941559791565,0.9796242117881776,0.5685643553733826,0.6914075016975403,0.2989925444126129,0.90806645154953,0.5671758055686951,0.7205047011375427,0.1438660621643066,0.9560824036598206,0.5978817343711853,0.6894766688346863,0.2893779873847961,0.8978927135467529,0.5986893773078918,0.7225267291069031,0.1087381839752197,0.9725119471549988
0.6229730248451233,0.3145988583564758,-0.0798403993248939,0.9999886751174928,0.6236697435379028,0.3031326830387115,-0.0748273953795433,0.9999895691871644,0.6235317587852478,0.3025417625904083,-0.0748945400118827,0.999985694885254,0.6233313083648682,0.3019612431526184,-0.0749004557728767,0.9999886751174928,0.6224125027656555,0.3029737472534179,-0.0969678238034248,0.9999896287918092,0.6213350892066956,0.302255630493164,-0.097058966755867,0.9999868273735046,0.6201063990592957,0.3014332056045532,-0.0970737785100936,0.999990165233612,0.6133448481559753,0.2974781990051269,-0.0379354692995548,0.9999721050262452,0.6097732782363892,0.2982594966888428,-0.1343271881341934,0.9999904036521912,0.6188126802444458,0.3212634623050689,-0.0621675141155719,0.9999793767929076,0.6175209283828735,0.3211934268474579,-0.0902885422110557,0.9999828934669496,0.5901347398757935,0.3447895050048828,0.0337662547826767,0.999919295310974,0.5878015160560608,0.360249787569046,-0.1677951514720916,0.9999784231185912,0.5965007543563843,0.4192982614040375,0.0827051177620887,0.0707595124840736,0.5994754433631897,0.4489175975322723,-0.1563470661640167,0.9891303181648254,0.6225650310516357,0.3857408463954925,0.0596183463931083,0.2352459132671356,0.6301162838935852,0.4018004238605499,-0.0651417002081871,0.9683703780174256,0.6303257346153259,0.3743801414966583,0.063698910176754,0.2573241591453552,0.6378290057182312,0.391944020986557,-0.0703867599368095,0.94663268327713,0.6321496963500977,0.372001588344574,0.053095057606697,0.2620294392108917,0.6360278725624084,0.3851107060909271,-0.0625568777322769,0.941447615623474,0.6273878216743469,0.3780570328235626,0.0539083369076252,0.2727779448032379,0.6330793499946594,0.3876016438007355,-0.0582592971622943,0.9090673327445984,0.5895437002182007,0.5077178478240967,0.0620538927614688,0.999930500984192,0.5861254930496216,0.5175941586494446,-0.0619829148054122,0.999969244003296,0.5867779850959778,0.5946282148361206,0.1690390855073928,0.6100776791572571,0.5826308727264404,0.6192842125892639,0.0428706333041191,0.9872007966041564,0.5758270025253296,0.6745579838752747,0.2841584086418152,0.799121618270874,0.575107753276825,0.7004048228263855,0.1328986883163452,0.9798012971878052,0.5683627724647522,0.6914961934089661,0.2954466938972473,0.9086967706680298,0.5671848058700562,0.7204558253288269,0.1411970108747482,0.9563053250312804,0.597861111164093,0.6895215511322021,0.2854373753070831,0.8987457156181335,0.5986828207969666,0.7224540114402771,0.1058619990944862,0.972646713256836
0.6229461431503296,0.3146168887615204,-0.0798949748277664,0.9999889135360718,0.6236497163772583,0.3031506836414337,-0.0748764351010322,0.9999897480010986,0.6235153079032898,0.3025606572628021,-0.0749438181519508,0.9999859929084778,0.6233189105987549,0.3019806742668152,-0.0749500021338462,0.999988853931427,0.6223844885826111,0.3029885590076446,-0.0970397368073463,0.9999898076057434,0.6213017106056213,0.3022685647010803,-0.0971310287714004,0.999987006187439,0.6200696229934692,0.301443487405777,-0.0971469357609748,0.9999903440475464,0.6133472919464111,0.2974813282489776,-0.0379522778093814,0.999972641468048,0.6097626090049744,0.2982595562934875,-0.1344867795705795,0.9999905824661256,0.6187999248504639,0.3212608993053436,-0.0621971376240253,0.9999799728393556,0.6174913644790649,0.3211907744407654,-0.0903565511107444,0.9999833703041076,0.5901319980621338,0.3446442782878876,0.0336597003042697,0.9999215006828308,0.5876843929290771,0.360110342502594,-0.1679761409759521,0.99997878074646,0.5965257287025452,0.418942779302597,0.0837781950831413,0.072652444243431,0.5993737578392029,0.4489146471023559,-0.156377375125885,0.9893245697021484,0.6225401759147644,0.3851708471775055,0.0655561685562133,0.2415238320827484,0.6297617554664612,0.4018503129482269,-0.065073512494564,0.9690970778465272,0.6292926669120789,0.3720994591712951,0.0705436170101165,0.2636381089687347,0.6376028060913086,0.3920719623565674,-0.0703437104821205,0.9477753043174744,0.6318976879119873,0.3719993829727173,0.0597499646246433,0.268298864364624,0.63577800989151,0.3852901756763458,-0.0625428110361099,0.9426651000976562,0.6272579431533813,0.3780595958232879,0.0599414221942424,0.2788428962230682,0.6328025460243225,0.3877039849758148,-0.0582061521708965,0.9107832312583924,0.5894931554794312,0.5074841976165771,0.0619638413190841,0.9999318718910216,0.5860888361930847,0.5173364877700806,-0.0618938989937305,0.9999696612358092,0.5867220163345337,0.5946292877197266,0.1690374910831451,0.6147403120994568,0.5826291441917419,0.6191257834434509,0.0428750030696392,0.9874389171600342,0.5757699608802795,0.6746163368225098,0.2849565744400024,0.8025771379470825,0.5751078128814697,0.700319230556488,0.1332175284624099,0.9801027774810792,0.5683056116104126,0.6914994120597839,0.2963721454143524,0.9100805521011353,0.5672392249107361,0.720014750957489,0.1415829211473465,0.9567712545394896,0.5978281497955322,0.6896172165870667,0.2865477502346039,0.9002795219421387,0.5986815690994263,0.7224156856536865,0.106271892786026,0.9729043841362
0.6228695511817932,0.3147011995315552,-0.0805748850107193,0.9999891519546508,0.6235910058021545,0.3032360076904297,-0.0755348205566406,0.999989926815033,0.6234591007232666,0.3026506006717682,-0.0756008401513099,0.9999862909317015,0.6232669949531555,0.3020731508731842,-0.075605072081089,0.999989092350006,0.6223159432411194,0.3030506372451782,-0.0975810661911964,0.9999899864196776,0.6212285757064819,0.3023157715797424,-0.0976717844605445,0.999987244606018,0.6199935674667358,0.3014742732048034,-0.0976856872439384,0.9999905228614808,0.6133143305778503,0.2975028455257416,-0.0384813919663429,0.9999732375144958,0.6097063422203064,0.2982568740844726,-0.1345205008983612,0.9999907612800598,0.6187220215797424,0.3212730884552002,-0.0627901926636695,0.9999803900718688,0.6174087524414062,0.3211973309516907,-0.0907891020178794,0.9999837279319764,0.5901082754135132,0.3445026874542236,0.0333289541304111,0.9999228715896606,0.5876208543777466,0.3600322008132934,-0.1680114120244979,0.9999790191650392,0.5963306427001953,0.4183546900749206,0.0853590071201324,0.073318600654602,0.5991753339767456,0.4489111602306366,-0.1562262624502182,0.9894330501556396,0.622389554977417,0.3845734000205993,0.0742022544145584,0.2442882508039474,0.629456102848053,0.4020825028419494,-0.0650478154420852,0.969572365283966,0.6285342574119568,0.3705370426177978,0.0802875384688377,0.2665261626243591,0.6373565196990967,0.3922778666019439,-0.0702626779675483,0.9485385417938232,0.6315251588821411,0.3718339204788208,0.0692213699221611,0.2711968719959259,0.6355974674224854,0.385452538728714,-0.0625010877847671,0.9434722065925598,0.6270272731781006,0.3779965043067932,0.0687356069684028,0.2816941142082214,0.6326153874397278,0.3878488540649414,-0.0581916980445385,0.9118607640266418,0.5894826054573059,0.5073292255401611,0.061780571937561,0.999932825565338,0.5860404968261719,0.5171592235565186,-0.0617129169404506,0.9999699592590332,0.586706817150116,0.5945625901222229,0.1685357838869094,0.6181081533432007,0.5825834274291992,0.6189407110214233,0.0425319410860538,0.9876366257667542,0.5757092833518982,0.6746185421943665,0.2840912044048309,0.8053140044212341,0.5750960111618042,0.7002180218696594,0.1321582645177841,0.9803325533866882,0.5682374238967896,0.6914180517196655,0.2955061793327331,0.9112409949302672,0.5672446489334106,0.7194569706916809,0.1405173987150192,0.9571711421012878,0.5978025794029236,0.689666211605072,0.2863288521766662,0.901458203792572,0.598682701587677,0.7224121689796448,0.1057938486337661,0.9730718731880188
0.6228306889533997,0.3147644698619842,-0.0806227773427963,0.99998939037323,0.6235486268997192,0.3033032119274139,-0.0755854845046997,0.9999901056289672,0.623409628868103,0.3027149736881256,-0.075651153922081,0.9999865293502808,0.6232109069824219,0.3021344244480133,-0.0756546407938003,0.9999893307685852,0.6222864389419556,0.3031063377857208,-0.0976668819785118,0.999990165233612,0.6212049722671509,0.3023592531681061,-0.0977576002478599,0.9999874830245972,0.6199762225151062,0.3015055060386657,-0.0977710932493209,0.999990701675415,0.6132439374923706,0.2975048422813415,-0.0385789982974529,0.9999737739562988,0.6096944212913513,0.2982518374919891,-0.1348510831594467,0.999990940093994,0.6186774969100952,0.3212761580944061,-0.0628426596522331,0.9999808669090272,0.6173850297927856,0.3211992383003235,-0.0908852443099021,0.9999841451644896,0.5899707078933716,0.3443738222122192,0.0333240218460559,0.9999244809150696,0.5876303911209106,0.3600368201732635,-0.1680960357189178,0.9999793171882628,0.5963042378425598,0.4180131554603576,0.0878697633743286,0.0742125064134597,0.5990843176841736,0.4489601850509643,-0.1562690436840057,0.9895630478858948,0.6223046183586121,0.3841550350189209,0.0785891264677047,0.2474361807107925,0.6292197108268738,0.4023594260215759,-0.0647866576910018,0.9700729250907898,0.628058135509491,0.3696562647819519,0.0849028676748275,0.2696883082389831,0.637033224105835,0.3924733698368072,-0.0700158402323722,0.9493306875228882,0.6311312913894653,0.3717533648014068,0.0735766142606735,0.2744183838367462,0.6352773904800415,0.385613352060318,-0.0623514540493488,0.9443193674087524,0.6268004775047302,0.3779502809047699,0.0730301290750503,0.2849137187004089,0.6323226094245911,0.388008564710617,-0.0579691417515277,0.9129980802536012,0.589425265789032,0.5073258876800537,0.0617797039449214,0.999933898448944,0.5860198736190796,0.5171626806259155,-0.0617120936512947,0.999970316886902,0.586692750453949,0.5945475697517395,0.1689350754022598,0.6205518841743469,0.582561731338501,0.6189208626747131,0.0426882877945899,0.9877961277961732,0.5757012963294983,0.6746166944503784,0.2851098179817199,0.8071898221969604,0.5750962495803833,0.7001430988311768,0.132727175951004,0.980483055114746,0.5682245492935181,0.6913586854934692,0.2965778112411499,0.912025272846222,0.5672659277915955,0.7194657921791077,0.1411418169736862,0.957385241985321,0.5977729558944702,0.6896703243255615,0.2872155010700226,0.9021956324577332,0.5986817479133606,0.7224093675613403,0.1064206063747406,0.9731488227844238
0.6228262782096863,0.3148207664489746,-0.0806476920843124,0.999989688396454,0.6235454678535461,0.3033726811408996,-0.0756119862198829,0.9999904036521912,0.6234022378921509,0.3027845025062561,-0.0756775364279747,0.9999868869781494,0.6231977343559265,0.3022044003009796,-0.0756808966398239,0.9999896287918092,0.6222861409187317,0.3031654357910156,-0.0977019071578979,0.999990463256836,0.6212072372436523,0.302409678697586,-0.0977924168109893,0.9999878406524658,0.6199839115142822,0.3015463650226593,-0.0978061035275459,0.999990940093994,0.6132147312164307,0.2975145280361175,-0.0386041849851608,0.999974489212036,0.6097052693367004,0.2982499897480011,-0.1349332928657531,0.9999911785125732,0.6186560392379761,0.3212849497795105,-0.0628611221909523,0.9999813437461852,0.617383599281311,0.3212038576602936,-0.0909191519021987,0.9999845623970032,0.589654803276062,0.3441351056098938,0.0332492217421531,0.9999255537986756,0.5876508355140686,0.3600773513317108,-0.1676673144102096,0.999979555606842,0.5956922769546509,0.4168987572193146,0.0919463261961937,0.0744320899248123,0.5989375710487366,0.4489871263504028,-0.1549059897661209,0.9896180033683776,0.6222171783447266,0.3837259411811828,0.088458739221096,0.2484363913536071,0.6290063858032227,0.4029457569122314,-0.0628531649708747,0.9703738689422609,0.6279337406158447,0.3690566122531891,0.0956712588667869,0.2708559334278106,0.6367484331130981,0.3927926421165466,-0.0677016973495483,0.9497745037078856,0.6307231783866882,0.3715620636940002,0.0838674828410148,0.2757198512554168,0.635057806968689,0.3858173191547394,-0.0603181608021259,0.94479238986969,0.6265727877616882,0.3778596818447113,0.0829008296132087,0.2863263487815857,0.632157027721405,0.3882453739643097,-0.056153655052185,0.9135705828666688,0.5892165303230286,0.507305383682251,0.0616865679621696,0.9999345541000366,0.5860101580619812,0.5171651244163513,-0.0616197101771831,0.9999706745147704,0.5865670442581177,0.594330370426178,0.1692738682031631,0.6217011213302612,0.5825554132461548,0.6187241077423096,0.0419299267232418,0.9879167079925536,0.5756938457489014,0.6744142770767212,0.2855289876461029,0.8079615235328674,0.5751100182533264,0.7000694870948792,0.1314043551683426,0.9806549549102784,0.5682219862937927,0.6911193132400513,0.2968808114528656,0.9121840596199036,0.5673566460609436,0.7191587686538696,0.1398256421089172,0.9575989246368408,0.5977392196655273,0.6894963979721069,0.2883865237236023,0.9024710059165956,0.598998486995697,0.7211804986000061,0.105534978210926,0.9733080863952636
0.6228159070014954,0.3149347603321075,-0.0816433802247047,0.9999898672103882,0.6235246062278748,0.3035128116607666,-0.0765889585018158,0.9999905824661256,0.6233727931976318,0.3029335141181946,-0.0766507089138031,0.9999871253967284,0.6231597065925598,0.3023675382137298,-0.0766524821519851,0.9999898076057434,0.6222817897796631,0.3032930791378021,-0.0986033231019973,0.9999906420707704,0.6212064623832703,0.3025349974632263,-0.0986915975809097,0.9999880790710448,0.6199853420257568,0.3016706109046936,-0.0987046882510185,0.9999911189079284,0.6131588220596313,0.297625720500946,-0.0393528938293457,0.9999749064445496,0.6097072958946228,0.2983058989048004,-0.1354289054870605,0.9999912977218628,0.6186308264732361,0.3213426470756531,-0.063747301697731,0.9999815225601196,0.6173830032348633,0.3212593495845794,-0.0917561277747154,0.9999846816062928,0.5890982151031494,0.3440185189247131,0.0325152054429054,0.9999257922172546,0.5877416729927063,0.3603455126285553,-0.1676347404718399,0.999979555606842,0.5952891111373901,0.4161658585071563,0.0926012024283409,0.0749790221452713,0.5988674163818359,0.4491016268730163,-0.1540069431066513,0.9895777106285096,0.622130274772644,0.3834166526794433,0.0891722664237022,0.2497326582670211,0.6288766264915466,0.4037501215934753,-0.0615803450345993,0.9704303741455078,0.6278125643730164,0.3686690032482147,0.0962702557444572,0.2722112536430359,0.6365066170692444,0.3929903209209442,-0.0663588717579841,0.9498609900474548,0.6301702260971069,0.3715124726295471,0.0843529999256134,0.277220606803894,0.6348493099212646,0.3860777020454407,-0.0591966286301612,0.944892644882202,0.6262044906616211,0.377858430147171,0.0835596695542335,0.2879652678966522,0.6320158243179321,0.3886140286922455,-0.0550036057829856,0.9136225581169128,0.5888583064079285,0.5072832703590393,0.0616021864116191,0.9999346733093262,0.5860121846199036,0.517211377620697,-0.0615352727472782,0.9999707341194152,0.5863820910453796,0.5940885543823242,0.1691033393144607,0.6216061115264893,0.5825544595718384,0.6185111999511719,0.0416481383144855,0.9879110455513,0.5756702423095703,0.6742408275604248,0.2856914103031158,0.8076663613319397,0.5751115083694458,0.6999878883361816,0.130668893456459,0.9806593060493468,0.5683001279830933,0.6909915804862976,0.2971901297569275,0.9117220044136048,0.5673784613609314,0.7189852595329285,0.1390356421470642,0.95745849609375,0.5977367758750916,0.6891169548034668,0.2887720167636871,0.9022770524024964,0.599192202091217,0.7202032804489136,0.1050148457288742,0.9732958674430848
0.6227740049362183,0.3150034248828888,-0.0863695442676544,0.999990165233612,0.6234995126724243,0.3035900890827179,-0.0812270939350128,0.9999908208847046,0.623340904712677,0.3030138313770294,-0.0812860950827598,0.9999874234199524,0.6231213212013245,0.3024536073207855,-0.0812865272164344,0.9999900460243224,0.6222695112228394,0.3033619821071625,-0.1032589226961135,0.9999908804893494,0.6211997866630554,0.3025975823402405,-0.1033468544483184,0.9999883770942688,0.6199826598167419,0.3017255365848541,-0.1033597663044929,0.9999913573265076,0.6131107211112976,0.2976616024971008,-0.0431852303445339,0.9999755024909972,0.6097058057785034,0.2983065545558929,-0.1392934769392013,0.9999914765357972,0.6185443997383118,0.3213766813278198,-0.0681120231747627,0.9999818205833436,0.6173450946807861,0.3212949335575104,-0.0961567834019661,0.9999849200248718,0.5889628529548645,0.3438634872436523,0.0300400052219629,0.9999264478683472,0.5877459049224854,0.3604885339736938,-0.1690815389156341,0.999979555606842,0.5950791239738464,0.415434181690216,0.092491827905178,0.0755809769034385,0.5986528992652893,0.4492272138595581,-0.1542511880397796,0.9895861744880676,0.6221168637275696,0.3826015293598175,0.0904921069741249,0.2518543303012848,0.6286381483078003,0.4047088325023651,-0.0617742203176021,0.9706733226776124,0.6278004050254822,0.3675824403762817,0.0979016944766044,0.2744397819042206,0.6361411809921265,0.3933840990066528,-0.0666083768010139,0.9502546787261964,0.6298834085464478,0.371411919593811,0.0859207808971405,0.2795989215373993,0.6345698237419128,0.3865081369876861,-0.0593762286007404,0.9453260898590088,0.6260186433792114,0.3767758011817932,0.0849160775542259,0.2904853522777557,0.63177889585495,0.3892432451248169,-0.0551558658480644,0.9141298532485962,0.5887665152549744,0.5071617960929871,0.0615522414445877,0.9999353289604188,0.5860048532485962,0.5172213315963745,-0.0614863485097885,0.9999709129333496,0.5863066911697388,0.5940560102462769,0.1692151725292205,0.6225924491882324,0.5824611783027649,0.6185132265090942,0.0417841263115406,0.9879668951034546,0.5756434202194214,0.6740908026695251,0.2860643267631531,0.808164119720459,0.5751014351844788,0.6999692916870117,0.1311428844928741,0.9806945323944092,0.5683862566947937,0.6907486915588379,0.2976257503032684,0.9117255210876464,0.5673805475234985,0.7188811302185059,0.1395416110754013,0.9573705792427064,0.5977332592010498,0.6888853311538696,0.2891432642936706,0.9025012254714966,0.5990831851959229,0.7199128270149231,0.1054321229457855,0.9733083844184875
0.6226966977119446,0.3150724768638611,-0.0872629210352897,0.9999904036521912,0.6234268546104431,0.3036816120147705,-0.0821445435285568,0.9999910593032836,0.6232452988624573,0.3031065762042999,-0.0822009518742561,0.9999877214431764,0.6229926347732544,0.302552580833435,-0.0822006836533546,0.9999902844429016,0.6222404837608337,0.3034597337245941,-0.1042779311537742,0.9999911189079284,0.6211841702461243,0.3027006983757019,-0.1043659746646881,0.9999886751174928,0.6199769973754883,0.3018392622470855,-0.1043794080615043,0.9999915957450868,0.6129677295684814,0.2977578043937683,-0.0442059971392154,0.9999760985374452,0.6097114086151123,0.2984083294868469,-0.1409280747175216,0.9999916553497314,0.6183872818946838,0.3214118182659149,-0.0690581053495407,0.9999821186065674,0.617282509803772,0.3213379085063934,-0.0972892716526985,0.9999851584434508,0.5884104371070862,0.3437098562717438,0.0292706526815891,0.999926745891571,0.5878721475601196,0.3607438504695892,-0.1697443127632141,0.9999796152114868,0.594514787197113,0.4142206013202667,0.0954808518290519,0.0759453922510147,0.5983947515487671,0.4492957890033722,-0.1542883515357971,0.989549994468689,0.6220453977584839,0.3814460337162018,0.0986244827508926,0.2524109184741974,0.6284700632095337,0.4051372408866882,-0.0618143565952777,0.9707413911819458,0.627751350402832,0.36617311835289,0.1069478094577789,0.2752798199653625,0.635872483253479,0.3936916291713714,-0.0666914507746696,0.9504058361053468,0.62906813621521,0.3712631165981293,0.0942693203687667,0.2806765139102936,0.6343234181404114,0.3867863416671753,-0.0596159845590591,0.9455133676528932,0.6253948211669922,0.3758682906627655,0.0929333344101905,0.2917873561382293,0.631560206413269,0.389542669057846,-0.0553004778921604,0.9142553210258484,0.5883978009223938,0.5069891810417175,0.0615667067468166,0.9999353885650636,0.5860058665275574,0.5172258019447327,-0.0615008398890495,0.9999709725379944,0.5861876606941223,0.5940298438072205,0.1692712157964706,0.6215366721153259,0.5824183225631714,0.6184216141700745,0.0396937392652034,0.9880102276802064,0.5756164789199829,0.6739879250526428,0.2865882813930511,0.8070952296257019,0.5751014351844788,0.6999441981315613,0.1276848763227462,0.9807712435722352,0.5684273838996887,0.6906726956367493,0.2983115911483764,0.9109042286872864,0.5673837065696716,0.7187748551368713,0.1359793692827224,0.957325041294098,0.5977350473403931,0.6887825131416321,0.2901672720909118,0.902002453804016,0.5992287397384644,0.7196551561355591,0.1017515733838081,0.9734138250350952
0.6226199269294739,0.3152206540107727,-0.0871375799179077,0.9999905824661256,0.6233553290367126,0.3038468956947326,-0.0820913612842559,0.999991238117218,0.623166024684906,0.3032752573490143,-0.0821444913744926,0.9999879002571106,0.62290358543396,0.3027308285236358,-0.0821423605084419,0.999990463256836,0.6221880316734314,0.3036072850227356,-0.104208655655384,0.9999912977218628,0.6211419701576233,0.3028379380702972,-0.1042963415384292,0.999988853931427,0.6199451684951782,0.3019692599773407,-0.1043090298771858,0.9999917149543762,0.6128901243209839,0.2978608012199402,-0.043832529336214,0.9999765157699584,0.6097031235694885,0.2984621822834015,-0.1405570805072784,0.999991774559021,0.6182845234870911,0.3215024471282959,-0.068875752389431,0.9999824166297911,0.6172107458114624,0.3214195370674133,-0.0971039310097694,0.9999854564666748,0.5883074998855591,0.3437086343765259,0.0295594371855258,0.9999275207519532,0.5878708958625793,0.3608215451240539,-0.169709712266922,0.9999797344207764,0.5943619608879089,0.4143558740615845,0.0949331149458885,0.0763973072171211,0.5980937480926514,0.4493697881698608,-0.154385820031166,0.9895521402359008,0.6219674348831177,0.381424218416214,0.0943057015538215,0.2535775303840637,0.628266453742981,0.4056930541992187,-0.0617485828697681,0.9708696603775024,0.6276484131813049,0.3661463558673858,0.1019401028752327,0.2766108512878418,0.6355144381523132,0.394048810005188,-0.0665865764021873,0.950636088848114,0.6288095116615295,0.3711950182914734,0.0897517725825309,0.2821086347103119,0.6338789463043213,0.3871476054191589,-0.0595359988510608,0.9457598328590392,0.6252127289772034,0.3754498362541199,0.0886569768190383,0.2932847738265991,0.6312916278839111,0.3899224102497101,-0.0552391484379768,0.9145050644874572,0.5883087515830994,0.5070031881332397,0.0615637674927711,0.9999358057975768,0.585922122001648,0.5174219012260437,-0.0614979341626167,0.999971091747284,0.5861537456512451,0.5942386388778687,0.1691494733095169,0.6220913529396057,0.5823448896408081,0.6184934377670288,0.0385693833231925,0.9880910515785216,0.5756036639213562,0.6739860773086548,0.285877376794815,0.8075532913208008,0.5751016736030579,0.6999397277832031,0.1263121962547302,0.9808301329612732,0.568459689617157,0.6906564831733704,0.2975046932697296,0.9109433889389038,0.5673866868019104,0.7188721299171448,0.1345608383417129,0.957362413406372,0.5977359414100647,0.6887860894203186,0.2891989052295685,0.9020780324935912,0.5992842316627502,0.7198918461799622,0.1002878099679946,0.9734232425689696
0.6225209832191467,0.3153479397296905,-0.0866864696145057,0.999990701675415,0.6232803463935852,0.3039971888065338,-0.0816512331366539,0.9999912977218628,0.6230796575546265,0.3034322261810303,-0.0817083120346069,0.9999880194664,0.6228153109550476,0.3028987050056457,-0.0817078500986099,0.9999905824661256,0.6221331357955933,0.3037355840206146,-0.1038614213466644,0.9999914169311525,0.6210976839065552,0.3029552102088928,-0.1039499789476394,0.9999889731407166,0.6199116110801697,0.3020774722099304,-0.1039636805653572,0.999991774559021,0.6128200888633728,0.2979605197906494,-0.0435089729726314,0.9999767541885376,0.6096935868263245,0.2985148429870605,-0.1404591649770736,0.9999918341636658,0.6181596517562866,0.3215857744216919,-0.0684407129883766,0.9999825358390808,0.617114245891571,0.3214960098266601,-0.0967333987355232,0.9999855160713196,0.5880998373031616,0.3437015414237976,0.0297170914709568,0.9999276995658876,0.5878728628158569,0.3610509634017944,-0.1690388023853302,0.9999797344207764,0.5942234396934509,0.4144030809402466,0.0945460051298141,0.0770230814814567,0.5979617238044739,0.4493910670280456,-0.1532907038927078,0.9895375370979308,0.621869683265686,0.3814373016357422,0.0923556834459304,0.2549907863140106,0.6281432509422302,0.405815064907074,-0.0601684339344501,0.9709437489509584,0.6275354623794556,0.3662150204181671,0.0997320935130119,0.2781131863594055,0.635276198387146,0.3941803276538849,-0.0648410841822624,0.9507521390914916,0.6286000609397888,0.371185839176178,0.087690070271492,0.2837215363979339,0.6335689425468445,0.3873499631881714,-0.0579240918159484,0.9458930492401124,0.6250269412994385,0.375977486371994,0.086720772087574,0.2949892282485962,0.6310919523239136,0.3901101052761078,-0.0537101477384567,0.9146327972412108,0.588158369064331,0.5069935917854309,0.0614754110574722,0.9999358057975768,0.5859203338623047,0.5175865292549133,-0.0614094026386737,0.9999710321426392,0.5859755873680115,0.594254195690155,0.1680816709995269,0.6217132210731506,0.5822582244873047,0.6184952259063721,0.0385905764997005,0.9880611300468444,0.5755351185798645,0.6739334464073181,0.2829500138759613,0.8070850372314453,0.5750644207000732,0.6999357342720032,0.1255920678377151,0.9807383418083192,0.5684553384780884,0.6906459331512451,0.2943633496761322,0.9104958772659302,0.5673331022262573,0.7189363837242126,0.1337382793426513,0.9571272134780884,0.5977400541305542,0.6886932253837585,0.2859139442443847,0.9017398357391356,0.5991472601890564,0.7200581431388855,0.0997486114501953,0.9732843637466432
0.6224213242530823,0.3154655694961548,-0.0864279121160507,0.9999908208847046,0.623203694820404,0.3041125535964966,-0.0814269110560417,0.9999914169311525,0.6230006814002991,0.3035420477390289,-0.081487588584423,0.9999881386756896,0.6227294206619263,0.3030061423778534,-0.0814887806773185,0.999990701675415,0.6220710873603821,0.3038431704044342,-0.1038268506526947,0.999991536140442,0.6210450530052185,0.303050696849823,-0.1039135977625846,0.999989092350006,0.6198676824569702,0.3021615743637085,-0.103925384581089,0.9999918341636658,0.6127405762672424,0.2980141043663025,-0.0433646477758884,0.9999770522117616,0.6096755266189575,0.2985399067401886,-0.1397211402654647,0.9999918937683104,0.6180347800254822,0.3216599822044372,-0.0682016313076019,0.9999826550483704,0.6170216202735901,0.3215770125389099,-0.0966850444674491,0.9999855756759644,0.5880745053291321,0.3436848521232605,0.0298502668738365,0.9999278783798218,0.5878477692604065,0.3610733449459076,-0.1679363995790481,0.9999797344207764,0.5941100716590881,0.414252758026123,0.094281330704689,0.0775316879153251,0.5978044271469116,0.4493972361087799,-0.1522742807865142,0.9895492792129515,0.6216586232185364,0.3812482357025146,0.0921859294176101,0.2556957304477691,0.6280682682991028,0.4058127701282501,-0.059199821203947,0.971041738986969,0.6272803544998169,0.3660457730293274,0.0996827334165573,0.2787749171257019,0.6351327896118164,0.394210010766983,-0.0637235566973686,0.9508994817733764,0.628421425819397,0.3708415925502777,0.0876643732190132,0.2844492495059967,0.6333996057510376,0.3873811066150665,-0.0567497126758098,0.9460526704788208,0.6248781085014343,0.3750953376293182,0.0865971744060516,0.2958278357982635,0.6309754252433777,0.390131801366806,-0.0527140758931636,0.9148250818252563,0.5880974531173706,0.5068832039833069,0.0612301044166088,0.9999356865882874,0.5858922600746155,0.5175915956497192,-0.0611631907522678,0.9999709129333496,0.5858832597732544,0.5942590236663818,0.1649996191263198,0.6227473020553589,0.5821649432182312,0.6184860467910767,0.0384530834853649,0.9880681037902832,0.5754102468490601,0.6756635308265686,0.2767035067081451,0.8075820207595825,0.5750536322593689,0.6999258995056152,0.1241431236267089,0.9806877970695496,0.5684546232223511,0.6906511783599854,0.2877636849880218,0.9103633165359496,0.567326009273529,0.718959391117096,0.1321398317813873,0.9569967985153198,0.5977424383163452,0.6886807680130005,0.2788974046707153,0.9018011093139648,0.5991150140762329,0.7201170921325684,0.0984946861863136,0.973181962966919
0.6224127411842346,0.3154687285423279,-0.0860430970788002,0.999990940093994,0.6232015490531921,0.3041165173053741,-0.0810339376330375,0.9999915957450868,0.6229981184005737,0.3035479485988617,-0.0810944736003875,0.9999883770942688,0.6227266788482666,0.3030137717723846,-0.0810955986380577,0.9999908208847046,0.6220689415931702,0.303847998380661,-0.1033396795392036,0.9999916553497314,0.6210432648658752,0.3030561506748199,-0.1034270524978637,0.9999892711639404,0.6198686361312866,0.3021672070026397,-0.1034395322203636,0.9999919533729552,0.6127414107322693,0.2980168759822845,-0.0434789173305034,0.9999775886535645,0.6097040772438049,0.2985389530658722,-0.1395716518163681,0.9999920725822448,0.6180288791656494,0.3216619491577148,-0.0679350569844245,0.9999829530715942,0.6170191168785095,0.3215780854225158,-0.0962875932455062,0.9999858140945436,0.5879352688789368,0.3436658382415771,0.0294429268687963,0.999928057193756,0.5878492593765259,0.3611679673194885,-0.168095588684082,0.9999799728393556,0.594075620174408,0.4142768085002899,0.0949317514896392,0.0765222385525703,0.5978084802627563,0.4494215548038482,-0.1523531079292297,0.9896417260169984,0.6215955018997192,0.381270557641983,0.0993902310729026,0.2527926862239837,0.6280769109725952,0.4055415987968445,-0.0594726614654064,0.971140205860138,0.6271630525588989,0.3661440908908844,0.10821483284235,0.2759539484977722,0.6351529955863953,0.3939908742904663,-0.0637870356440544,0.9510337114334106,0.6284130811691284,0.3706897795200348,0.0965268462896347,0.2815859317779541,0.633423924446106,0.3872224688529968,-0.0567802339792251,0.9461922645568848,0.6247775554656982,0.3755033314228058,0.0942277759313583,0.2930547595024109,0.6309834122657776,0.3899839222431183,-0.0529534257948398,0.9150612354278564,0.5878913998603821,0.5069453716278076,0.0611477047204971,0.9999362230300904,0.5857673287391663,0.5179250836372375,-0.0610806867480278,0.9999712109565736,0.5857767462730408,0.5942889451980591,0.1670688241720199,0.6244723796844482,0.5819302201271057,0.6187746524810791,0.0389465652406215,0.9881572723388672,0.5753425359725952,0.6764041781425476,0.2790854573249817,0.8086262345314026,0.5750420689582825,0.6999726891517639,0.1244895979762077,0.9807260036468506,0.5684713125228882,0.6906492114067078,0.2902668416500091,0.9111447334289552,0.5673025250434875,0.7192641496658325,0.1324222534894943,0.9572544693946838,0.5976932048797607,0.6888793110847473,0.2834993600845337,0.9022603631019592,0.5989101529121399,0.7207093238830566,0.099866397678852,0.9731875658035278
0.6223516464233398,0.3155192732810974,-0.0857912823557853,0.9999911785125732,0.6231735944747925,0.3041990399360657,-0.080827422440052,0.9999918341636658,0.6229721307754517,0.3036361038684845,-0.0808864310383796,0.9999886751174928,0.6227034330368042,0.3031094968318939,-0.0808875188231468,0.9999909996986388,0.6220464706420898,0.3039173483848572,-0.1027961522340774,0.9999918341636658,0.6210286021232605,0.3031214475631714,-0.1028830781579017,0.9999895095825196,0.6198609471321106,0.30222949385643,-0.1028934717178344,0.9999921321868896,0.6127397418022156,0.2980822026729584,-0.0433401465415954,0.999978244304657,0.6097047924995422,0.2985568642616272,-0.1386650055646896,0.9999922513961792,0.6179571747779846,0.3217011988162994,-0.0678717195987701,0.9999833106994628,0.6169615983963013,0.3216104805469513,-0.0958459228277206,0.9999861121177672,0.587805986404419,0.3435499668121338,0.0294324066489934,0.9999287724494934,0.587854266166687,0.3611758053302765,-0.1671992242336273,0.9999802708625792,0.5939529538154602,0.4144439697265625,0.0949524864554405,0.075767658650875,0.597815215587616,0.4494287669658661,-0.1518234312534332,0.9897502660751344,0.6214742660522461,0.3815341591835022,0.099924698472023,0.2508843839168548,0.6280434727668762,0.4053983390331268,-0.0582726225256919,0.9713407158851624,0.6270173788070679,0.3663826584815979,0.1087847873568534,0.2742077708244324,0.6351038217544556,0.3937982320785522,-0.0618734173476696,0.9513107538223268,0.6283910870552063,0.3706879019737243,0.0972507074475288,0.2797771692276001,0.6333844065666199,0.3870290219783783,-0.0548553951084613,0.9464776515960692,0.6246997117996216,0.3758505880832672,0.0948632434010505,0.2912713587284088,0.6309469938278198,0.389778733253479,-0.0517030842602252,0.9155285954475404,0.587784469127655,0.5069799423217773,0.060737133026123,0.9999370574951172,0.5857306122779846,0.5181686282157898,-0.0606692396104335,0.9999716281890868,0.5857574343681335,0.594443678855896,0.1660565584897995,0.6277292370796204,0.5816685557365417,0.6192112565040588,0.0381957218050956,0.9883031249046326,0.5752431154251099,0.6769510507583618,0.2771098911762237,0.8106454610824585,0.5749371647834778,0.7000069618225098,0.1227170303463935,0.9808694124221802,0.568469762802124,0.6906514763832092,0.2881763577461242,0.9121019244194032,0.5671528577804565,0.7194802165031433,0.1307146102190017,0.9576866626739502,0.5976352691650391,0.689225971698761,0.2809036076068878,0.9031503200531006,0.5986633896827698,0.7210916876792908,0.0983000472187995,0.973313570022583
0.6223500967025757,0.3155136704444885,-0.0878766924142837,0.9999913573265076,0.623170793056488,0.304203599691391,-0.0828110501170158,0.9999920129776,0.6229696869850159,0.3036403954029083,-0.0828672870993614,0.999988853931427,0.6227017045021057,0.30311319231987,-0.0828675851225853,0.9999911189079284,0.6220464706420898,0.3039221167564392,-0.1046350672841072,0.9999920129776,0.6210365295410156,0.3031255304813385,-0.1047227159142494,0.9999897480010986,0.6198847889900208,0.3022351562976837,-0.104735367000103,0.999992311000824,0.6127527356147766,0.2980850636959076,-0.0451371669769287,0.9999787211418152,0.6098060011863708,0.2985663712024688,-0.1401673704385757,0.9999924302101136,0.6179582476615906,0.3216906785964966,-0.0698097571730613,0.9999834299087524,0.6169730424880981,0.3216054141521454,-0.0976150259375572,0.9999862909317015,0.5877001881599426,0.3434974253177643,0.0280066225677728,0.9999285340309144,0.587861955165863,0.3612733483314514,-0.1678687632083892,0.9999803900718688,0.5936459302902222,0.414421409368515,0.0964993461966514,0.0747088119387626,0.5977610349655151,0.4494709372520447,-0.1519914269447326,0.9898054003715516,0.6213422417640686,0.381514698266983,0.1068689301609993,0.2480427920818328,0.6278663873672485,0.4053783416748047,-0.0585836581885814,0.971426248550415,0.6269142627716064,0.3663914799690246,0.1164427697658538,0.2716160714626312,0.6348979473114014,0.3937161564826965,-0.0623774044215679,0.9514283537864684,0.6279900074005127,0.3706106543540954,0.1043005436658859,0.277224987745285,0.633164644241333,0.3869335353374481,-0.0553466901183128,0.9466082453727722,0.6242474317550659,0.3759917020797729,0.101716473698616,0.288829356431961,0.6307139992713928,0.3897127211093902,-0.0520039312541484,0.9157254099845886,0.587655782699585,0.5069793462753296,0.0606638677418231,0.9999374747276306,0.5857282280921936,0.51835697889328,-0.0605969242751598,0.999971866607666,0.5856090188026428,0.59444260597229,0.1661423295736313,0.6295272707939148,0.581527054309845,0.6192348599433899,0.0387431196868419,0.9883509278297424,0.575019896030426,0.6772493124008179,0.278588593006134,0.8116022944450378,0.5747511982917786,0.7000185251235962,0.1234911754727363,0.9809117913246156,0.5684376955032349,0.6906638145446777,0.2897995710372925,0.9125908017158508,0.5669912695884705,0.7195887565612793,0.1315648108720779,0.9578543305397034,0.5975545644760132,0.6894227266311646,0.2817739248275757,0.9036301970481871,0.5985463261604309,0.7211648225784302,0.0987699255347251,0.9733718633651732
0.6223487257957458,0.315507024526596,-0.0874585658311843,0.9999914169311525,0.623168408870697,0.304207444190979,-0.0824007466435432,0.9999920725822448,0.622967541217804,0.3036441802978515,-0.082457847893238,0.9999889135360718,0.6226999759674072,0.3031166195869446,-0.0824583321809768,0.9999911785125732,0.6220448613166809,0.3039267361164093,-0.1043732687830925,0.9999920725822448,0.6210378408432007,0.3031307458877563,-0.1044613271951675,0.9999898672103882,0.6198922991752625,0.3022403717041015,-0.1044743359088897,0.9999923706054688,0.6127719283103943,0.2980878949165344,-0.0448461286723613,0.9999789595603944,0.6098602414131165,0.2985683679580688,-0.1396122425794601,0.9999924898147584,0.6179643273353577,0.3216750621795654,-0.0694250017404556,0.999983549118042,0.6169859170913696,0.3215934336185455,-0.0974160507321357,0.9999864101409912,0.5876799821853638,0.343473732471466,0.0281836967915296,0.9999288320541382,0.5878370404243469,0.3612650334835052,-0.1675146073102951,0.9999805092811584,0.5936668515205383,0.4144346714019775,0.0963913276791572,0.0744372904300689,0.5975817441940308,0.4494902193546295,-0.1522188037633896,0.9898890256881714,0.621321439743042,0.3814506828784942,0.1042477935552597,0.2473736256361007,0.6276348233222961,0.4053648710250854,-0.0588952749967575,0.9716548919677734,0.6268917322158813,0.3663519322872162,0.1131973713636398,0.2709409594535827,0.6345827579498291,0.3937114179134369,-0.0624346360564231,0.9517509341239928,0.6278954744338989,0.3705321848392486,0.1013418585062027,0.2765244543552398,0.6328813433647156,0.3868789672851562,-0.0555763728916645,0.9469457268714904,0.6241888403892517,0.3751620054244995,0.0990958735346794,0.288122147321701,0.6304486393928528,0.3896693885326385,-0.0524127446115016,0.9162054657936096,0.5875687003135681,0.5069740414619446,0.0603899471461772,0.999937891960144,0.5857038497924805,0.5184187889099121,-0.0603250488638877,0.9999719858169556,0.5855576395988464,0.5944275259971619,0.1656938642263412,0.6323874592781067,0.5812898278236389,0.6192838549613953,0.0385618768632411,0.9883929491043092,0.5749065279960632,0.6774090528488159,0.2769785225391388,0.8134928941726685,0.5746174454689026,0.7000192999839783,0.1234179884195327,0.9809324741363524,0.5684040784835815,0.6907183527946472,0.2880159020423889,0.9133191108703612,0.5668246150016785,0.7197806239128113,0.1314739435911178,0.9579290747642516,0.5974868535995483,0.6896063685417175,0.2796570658683777,0.904451549053192,0.5984180569648743,0.7212075591087341,0.0984167978167533,0.973390519618988
0.6222557425498962,0.3155074119567871,-0.0857499986886978,0.9999915957450868,0.6231153607368469,0.3042108118534088,-0.0807338878512382,0.9999922513961792,0.6229130625724792,0.3036471605300903,-0.0807875394821167,0.9999891519546508,0.6226446032524109,0.3031189441680908,-0.0807849615812301,0.9999913573265076,0.6220048666000366,0.3039307296276092,-0.1024248600006103,0.9999922513961792,0.62100750207901,0.3031352460384369,-0.1025106161832809,0.9999900460243224,0.6198714971542358,0.3022452890872955,-0.1025225147604942,0.9999924898147584,0.6127581000328064,0.298094630241394,-0.0436979867517948,0.9999794363975524,0.6098592877388,0.2985701262950897,-0.1377778053283691,0.999992609024048,0.6178762912750244,0.3216757774353027,-0.0679368749260902,0.9999837875366212,0.6169185638427734,0.3215924203395843,-0.0955690145492553,0.9999866485595704,0.5875621438026428,0.343482494354248,0.0285360850393772,0.9999290108680724,0.5878229141235352,0.3612627983093261,-0.1662170439958572,0.999980628490448,0.5932558178901672,0.4144318997859955,0.0965774953365325,0.0738210827112197,0.5975118279457092,0.4494722783565521,-0.1511237025260925,0.9899866580963136,0.6210574507713318,0.3816078603267669,0.1040182635188102,0.2451545447111129,0.6273281574249268,0.4054011702537536,-0.0570286400616169,0.9717961549758912,0.6266990900039673,0.3666920959949493,0.1131565198302269,0.2687795758247375,0.6343201994895935,0.3937357366085052,-0.0602173879742622,0.9519160389900208,0.6274934411048889,0.3705504238605499,0.101291574537754,0.2743059396743774,0.6325907111167908,0.3868763148784637,-0.0533214882016181,0.9471127390861512,0.6236842274665833,0.375677227973938,0.0988811179995536,0.2859608232975006,0.6301404237747192,0.3896645605564117,-0.0504836179316043,0.916507363319397,0.5874553322792053,0.5069751739501953,0.0601355843245983,0.9999383687973022,0.5857034921646118,0.5184419751167297,-0.0600718520581722,0.99997216463089,0.5854442715644836,0.5944190621376038,0.1641609817743301,0.6353428959846497,0.5811023116111755,0.619450569152832,0.0365452580153942,0.988444685935974,0.5747998952865601,0.6775562167167664,0.2724000811576843,0.8153945207595825,0.5745235085487366,0.7000328898429871,0.1196030750870704,0.9809736609458924,0.5683770775794983,0.6907377243041992,0.2830990850925445,0.91407710313797,0.5662869215011597,0.7201783061027527,0.1274576485157013,0.958088994026184,0.5974006056785583,0.6930908560752869,0.2746394276618957,0.9052100777626038,0.5983458161354065,0.7212939262390137,0.0946425572037696,0.9734058380126952
0.6220196485519409,0.3155398070812225,-0.0863055065274238,0.9999917149543762,0.6229360699653625,0.3042489290237427,-0.0812393799424171,0.9999923706054688,0.6227242350578308,0.3036856949329376,-0.0812919810414314,0.9999893307685852,0.6224548816680908,0.3031568527221679,-0.081288494169712,0.9999914765357972,0.6218564510345459,0.3039627075195312,-0.1029703840613365,0.9999923706054688,0.6208745837211609,0.3031637370586395,-0.1030562222003936,0.999990165233612,0.6197580099105835,0.3022698760032654,-0.1030689626932144,0.999992609024048,0.6126369833946228,0.2981139719486236,-0.0440586023032665,0.9999797940254213,0.6098080277442932,0.2985779047012329,-0.1385343223810196,0.9999927282333374,0.6176020503044128,0.3216977715492248,-0.0684209689497947,0.9999839067459106,0.6166844964027405,0.3216075003147125,-0.0961120501160621,0.9999867081642152,0.5874464511871338,0.3434715867042541,0.02845792286098,0.9999290108680724,0.5877429246902466,0.3612379729747772,-0.1668228805065155,0.9999806880950928,0.5928534865379333,0.4145488440990448,0.0960833206772804,0.073285661637783,0.5974387526512146,0.4494283497333526,-0.151349276304245,0.99004328250885,0.6204898357391357,0.3821636140346527,0.1025385484099388,0.2423959374427795,0.6273297667503357,0.4052462577819824,-0.0563862584531307,0.9717361927032472,0.6260988116264343,0.3674400746822357,0.1112294644117355,0.2659651041030884,0.6343228816986084,0.3936232328414917,-0.059570275247097,0.951755702495575,0.6264833807945251,0.3705188333988189,0.0993981659412384,0.2714570462703705,0.6325854659080505,0.3867343962192535,-0.0526134520769119,0.9469375610351562,0.6233837008476257,0.3760148882865906,0.0973222032189369,0.2832069098949432,0.6301279067993164,0.3894793689250946,-0.0497689694166183,0.9163137674331664,0.5874041318893433,0.5069063305854797,0.0601371526718139,0.9999383091926576,0.5856800675392151,0.5184056758880615,-0.0600728765130043,0.9999719858169556,0.5853708386421204,0.5944052338600159,0.164090096950531,0.6368762850761414,0.5809255242347717,0.6195019483566284,0.0364580973982811,0.9884122014045716,0.5747684240341187,0.6777828931808472,0.2717324793338775,0.8164138793945312,0.5744749903678894,0.7000324726104736,0.1196981593966484,0.9808403253555298,0.5683696269989014,0.6929416060447693,0.282329112291336,0.914174258708954,0.5659787058830261,0.7204051613807678,0.1275501400232315,0.9577971696853638,0.5973633527755737,0.6945360898971558,0.2729538679122925,0.9055220484733582,0.5983163714408875,0.7212991714477539,0.094451904296875,0.9732573628425598
0.6218170523643494,0.3155897259712219,-0.086221843957901,0.9999917149543762,0.6227434277534485,0.3042926788330078,-0.0811609998345375,0.9999923706054688,0.6225362420082092,0.3037295341491699,-0.0812143757939338,0.99998939037323,0.6222706437110901,0.3032017052173614,-0.0812114477157592,0.999991536140442,0.6216839551925659,0.3040033876895904,-0.1029214784502983,0.9999923706054688,0.6207083463668823,0.3032031059265136,-0.1030077114701271,0.9999902248382568,0.6196027398109436,0.3023086488246918,-0.1030201166868209,0.999992609024048,0.6124847531318665,0.2981626689434051,-0.0439983531832695,0.999979853630066,0.6096987128257751,0.2986163198947906,-0.1384911835193634,0.9999927282333374,0.6173994541168213,0.3217385709285736,-0.0683392807841301,0.999983847141266,0.616496205329895,0.3216456472873688,-0.0960609912872314,0.9999866485595704,0.5873362421989441,0.3434432446956634,0.0285140536725521,0.999928653240204,0.5876122713088989,0.3611749410629272,-0.1668601483106613,0.9999806880950928,0.5924748778343201,0.4150998592376709,0.0952698811888694,0.072727583348751,0.5973999500274658,0.4493564069271087,-0.1515165120363235,0.9900960922241212,0.6200487017631531,0.3832626640796661,0.1008885726332664,0.2395428270101547,0.6273630261421204,0.4044978320598602,-0.0566175207495689,0.9716583490371704,0.6256576776504517,0.3687556385993957,0.1096711084246635,0.2630196809768677,0.6343479752540588,0.393118143081665,-0.0599895045161247,0.9515435099601746,0.6259829998016357,0.3705281019210815,0.0976969301700592,0.2684647142887115,0.6325907111167908,0.3863751590251922,-0.052945714443922,0.9467019438743592,0.6231895089149475,0.3765505254268646,0.0956238359212875,0.2803132534027099,0.6301378011703491,0.389055997133255,-0.0499752014875412,0.9160528779029846,0.5873536467552185,0.5068361163139343,0.0601238943636417,0.9999377727508544,0.585635781288147,0.5183687210083008,-0.0600585527718067,0.9999716877937316,0.5853151679039001,0.5942388772964478,0.1640713363885879,0.6378633379936218,0.5808349847793579,0.6195111274719238,0.0366953611373901,0.9883239269256592,0.5747339725494385,0.6777788400650024,0.2723256051540375,0.8168923258781433,0.5744574069976807,0.7000252604484558,0.1206453219056129,0.9806560277938844,0.568364679813385,0.6935753226280212,0.2829923033714294,0.9139789342880248,0.5659955143928528,0.7204280495643616,0.1285758912563324,0.9573731422424316,0.5973281860351562,0.6951096653938293,0.2732942700386047,0.9055891036987304,0.5982686877250671,0.7213038206100464,0.0953392535448074,0.9730703830718994
0.6217677593231201,0.3156058192253113,-0.0845974683761596,0.9999916553497314,0.6226805448532104,0.3043140769004822,-0.0795712247490882,0.999992311000824,0.6224649548530579,0.3037482798099518,-0.0796245634555816,0.9999893307685852,0.6221960783004761,0.3032175302505493,-0.0796213671565055,0.9999914765357972,0.6216360926628113,0.3040275871753692,-0.1012487262487411,0.999992311000824,0.6206682324409485,0.3032273054122925,-0.1013351753354072,0.999990165233612,0.619572103023529,0.3023332357406616,-0.1013497784733772,0.9999925494194032,0.6124294400215149,0.298166811466217,-0.0430344380438327,0.9999797940254213,0.609687864780426,0.2986234724521637,-0.137434497475624,0.9999927282333374,0.6173388361930847,0.3217423856258392,-0.0670122727751731,0.9999837279319764,0.6164554357528687,0.3216538727283478,-0.0946485251188278,0.9999865889549256,0.5873131155967712,0.3433854877948761,0.0287602040916681,0.99992835521698,0.5875841975212097,0.3611149191856384,-0.1666034609079361,0.9999806880950928,0.5923630595207214,0.4154332280158996,0.094934843480587,0.0721686854958534,0.5973573327064514,0.4493112862110138,-0.151220366358757,0.990165114402771,0.6197430491447449,0.3838399052619934,0.1004789844155311,0.236295536160469,0.6274406313896179,0.403825581073761,-0.0552929490804672,0.9715544581413268,0.625286340713501,0.3694024980068207,0.1095373407006263,0.2596145272254944,0.6343901753425598,0.3927716314792633,-0.0585274882614612,0.951273798942566,0.6258503198623657,0.3705263435840606,0.0975952595472335,0.265014111995697,0.6326226592063904,0.3861239552497864,-0.0514228492975235,0.9464029669761658,0.6231465935707092,0.3768970370292663,0.0952639505267143,0.2769691944122314,0.6301809549331665,0.3887436091899872,-0.0485883094370365,0.9157076478004456,0.5873329043388367,0.5066964626312256,0.0600465610623359,0.9999368786811828,0.5856171250343323,0.5183588266372681,-0.0599794723093509,0.9999711513519288,0.5852763056755066,0.59400475025177,0.1625023484230041,0.6391178965568542,0.5807786583900452,0.6195617318153381,0.0366236567497253,0.988252341747284,0.5746638774871826,0.6777589917182922,0.2693235278129577,0.8173499703407288,0.5743932127952576,0.7000125050544739,0.1201453134417533,0.9804283380508424,0.5683326125144958,0.6939715147018433,0.2798299491405487,0.9136794805526732,0.5657079815864563,0.7206155061721802,0.1280134469270706,0.9568625688552856,0.5972992181777954,0.6954934597015381,0.2697304785251617,0.905510663986206,0.5982439517974854,0.721307098865509,0.0947331637144088,0.9727966785430908
0.6216849684715271,0.3156716525554657,-0.0846873745322227,0.9999916553497314,0.622576117515564,0.3043566346168518,-0.0797242671251297,0.9999923706054688,0.6223592162132263,0.3037854433059692,-0.079776681959629,0.99998939037323,0.622086226940155,0.3032489418983459,-0.0797730386257171,0.999991536140442,0.6215559840202332,0.3040817975997925,-0.1014399304986,0.9999923706054688,0.6205975413322449,0.3032861948013305,-0.1015262901782989,0.9999902248382568,0.6195122599601746,0.3023981153964996,-0.1015415415167808,0.999992609024048,0.6122847199440002,0.2981752157211303,-0.0435158126056194,0.9999799132347108,0.6096579432487488,0.2986925542354584,-0.1384305655956268,0.9999927878379822,0.6172605752944946,0.3217852413654327,-0.0671812668442726,0.9999837875366212,0.6164018511772156,0.3217094540596008,-0.0948971733450889,0.9999866485595704,0.5870697498321533,0.3432948291301727,0.0283149443566799,0.9999282360076904,0.5876073241233826,0.3611379265785217,-0.1674160957336425,0.9999807476997375,0.5915393829345703,0.4154733121395111,0.0950466021895408,0.0715942084789276,0.5973573327064514,0.4492990672588348,-0.1512750089168548,0.9902270436286926,0.619317889213562,0.3839575350284576,0.1015752032399177,0.2330722659826278,0.6275064945220947,0.4034883677959442,-0.0555501468479633,0.9714977145195008,0.6248986721038818,0.3694857358932495,0.1108491644263267,0.2564656734466553,0.6344403028488159,0.3925268054008484,-0.05893374979496,0.9511348605155944,0.625571072101593,0.370501309633255,0.0984286069869995,0.261909931898117,0.6327376961708069,0.38589808344841,-0.0518843345344066,0.9462721943855286,0.6230290532112122,0.3770099580287933,0.096215009689331,0.2741221785545349,0.6302375197410583,0.3885124623775482,-0.048893466591835,0.9155874252319336,0.5872369408607483,0.5066089630126953,0.0600469075143337,0.9999365210533142,0.5856166481971741,0.5183573365211487,-0.0599795430898666,0.9999709725379944,0.5852438807487488,0.5937795042991638,0.1628500670194625,0.6383602619171143,0.5807408690452576,0.6195827126502991,0.0367257818579673,0.988127589225769,0.5746214985847473,0.6777300238609314,0.2709966599941253,0.816038966178894,0.5743902325630188,0.7000112533569336,0.1205560714006424,0.9801669716835022,0.5683037638664246,0.6926926374435425,0.2816828787326813,0.9125193357467652,0.5657541751861572,0.7206867933273315,0.1284745335578918,0.95621520280838,0.5972389578819275,0.6954600811004639,0.2721821665763855,0.9046564102172852,0.5982333421707153,0.7213063836097717,0.0951978713274002,0.9725088477134703
0.6215950846672058,0.3157336711883545,-0.0847417116165161,0.9999916553497314,0.6224765777587891,0.3043885231018066,-0.0797880887985229,0.9999923706054688,0.6222600936889648,0.3038135170936584,-0.0798398330807685,0.99998939037323,0.6219848394393921,0.3032720983028412,-0.0798359885811805,0.999991536140442,0.6214677095413208,0.3041251599788666,-0.1015030443668365,0.9999923706054688,0.6205127835273743,0.3033352792263031,-0.1015890687704086,0.9999902248382568,0.6194312572479248,0.3024526834487915,-0.1016042456030845,0.999992609024048,0.6121564507484436,0.2981831729412079,-0.0435445457696914,0.9999799728393556,0.6095943450927734,0.2987698912620544,-0.1384802460670471,0.9999927878379822,0.6171696782112122,0.3218428492546081,-0.067226305603981,0.9999836683273317,0.6163195371627808,0.3217808604240417,-0.0949460342526435,0.9999865889549256,0.5869322419166565,0.3432634174823761,0.0283541195094585,0.9999276399612428,0.5876250863075256,0.3611462116241455,-0.1674221307039261,0.999980628490448,0.5915239453315735,0.4154724180698395,0.0950081646442413,0.0714604258537292,0.5974968075752258,0.4493012428283691,-0.1512703895568847,0.9902292490005492,0.6192903518676758,0.3839370608329773,0.1014181673526763,0.2315039336681366,0.6275160908699036,0.4034436345100403,-0.0553298816084861,0.9713882207870485,0.6248769164085388,0.3694432973861694,0.1105411350727081,0.2549158036708832,0.6344446539878845,0.392452597618103,-0.058772400021553,0.9509514570236206,0.625514805316925,0.3703996539115906,0.0983509123325347,0.2603754699230194,0.6327486038208008,0.3858559727668762,-0.0518363863229751,0.9460811018943788,0.6230150461196899,0.3770383894443512,0.0961501747369766,0.2727799117565155,0.6302635669708252,0.3884836137294769,-0.0487402081489563,0.9153700470924376,0.5871686339378357,0.5065382122993469,0.0600396506488323,0.999936044216156,0.5856053829193115,0.5183575749397278,-0.0599717646837234,0.9999706745147704,0.5852171778678894,0.5937055349349976,0.161948412656784,0.6379362940788269,0.5806848406791687,0.6195921897888184,0.0359921418130397,0.9879909753799438,0.5746105909347534,0.6777141094207764,0.2682976424694061,0.815586507320404,0.5743885636329651,0.7000109553337097,0.1184904053807258,0.9799477458000184,0.568301796913147,0.6931266784667969,0.2787736654281616,0.9118674397468568,0.565795361995697,0.7207247018814087,0.1262233704328537,0.9557228684425354,0.5972367525100708,0.695385754108429,0.2689850628376007,0.9042762517929076,0.5982404947280884,0.7212889194488525,0.0929900854825973,0.9722496867179872
0.6215395331382751,0.3158023059368133,-0.0849449262022972,0.9999915957450868,0.6224182844161987,0.3044308125972748,-0.0799757987260818,0.999992311000824,0.6222057342529297,0.3038552701473236,-0.0800277292728424,0.9999893307685852,0.6219323873519897,0.3033133447170257,-0.0800244957208633,0.9999914765357972,0.6214013695716858,0.3041698038578033,-0.1016725525259971,0.999992311000824,0.6204407811164856,0.3033809661865234,-0.101758599281311,0.999990165233612,0.6193520426750183,0.3024984300136566,-0.1017743125557899,0.9999925494194032,0.6120970845222473,0.2982217967510223,-0.0435885079205036,0.9999797940254213,0.6095195412635803,0.2988218963146209,-0.1384878754615783,0.9999927282333374,0.6171109676361084,0.3219195902347564,-0.0673676282167434,0.9999834895133972,0.6162481307983398,0.3218697309494018,-0.0950605869293212,0.9999864101409912,0.5869176387786865,0.3432595729827881,0.0283860843628644,0.999926745891571,0.5876255631446838,0.3612191379070282,-0.1674380451440811,0.999980330467224,0.5915761590003967,0.4155534505844116,0.0949612483382225,0.0710766017436981,0.5974615812301636,0.4493027925491333,-0.1514905244112014,0.9901952147483826,0.6192961931228638,0.3839308619499206,0.1009866297245025,0.2296763360500335,0.6275215148925781,0.4034515619277954,-0.0556269362568855,0.971191942691803,0.6248728036880493,0.3694305717945099,0.1099939718842506,0.2530860900878906,0.6344566345214844,0.3924479782581329,-0.0589979030191898,0.950650990009308,0.6255300641059875,0.3702536225318908,0.0978495106101036,0.258503645658493,0.6327562928199768,0.3858429193496704,-0.0521287098526954,0.9457502961158752,0.6230100989341736,0.3770420849323272,0.0957019031047821,0.2709855437278747,0.6302673816680908,0.3884826600551605,-0.0490726418793201,0.9149412512779236,0.587167501449585,0.5066000819206238,0.060010876506567,0.9999356269836426,0.5855963826179504,0.5185509324073792,-0.0599429458379745,0.9999703764915466,0.5852153301239014,0.5937240719795227,0.1620197594165802,0.639593243598938,0.5806499123573303,0.6197380423545837,0.03574039041996,0.9879524111747742,0.5745754241943359,0.6777061223983765,0.2691494822502136,0.81642746925354,0.57435542345047,0.7000082731246948,0.1187635138630867,0.979869306087494,0.5682737827301025,0.6937075257301331,0.2797275185585022,0.9120057821273804,0.5658037066459656,0.7207392454147339,0.1265553086996078,0.9555042386054992,0.5972301959991455,0.6954936981201172,0.2699595391750335,0.904518187046051,0.5982363224029541,0.7213003635406494,0.0931098461151123,0.9721272587776184
