x_0,y_0,z_0,visibility_0,x_1,y_1,z_1,visibility_1,x_2,y_2,z_2,visibility_2,x_3,y_3,z_3,visibility_3,x_4,y_4,z_4,visibility_4,x_5,y_5,z_5,visibility_5,x_6,y_6,z_6,visibility_6,x_7,y_7,z_7,visibility_7,x_8,y_8,z_8,visibility_8,x_9,y_9,z_9,visibility_9,x_10,y_10,z_10,visibility_10,x_11,y_11,z_11,visibility_11,x_12,y_12,z_12,visibility_12,x_13,y_13,z_13,visibility_13,x_14,y_14,z_14,visibility_14,x_15,y_15,z_15,visibility_15,x_16,y_16,z_16,visibility_16,x_17,y_17,z_17,visibility_17,x_18,y_18,z_18,visibility_18,x_19,y_19,z_19,visibility_19,x_20,y_20,z_20,visibility_20,x_21,y_21,z_21,visibility_21,x_22,y_22,z_22,visibility_22,x_23,y_23,z_23,visibility_23,x_24,y_24,z_24,visibility_24,x_25,y_25,z_25,visibility_25,x_26,y_26,z_26,visibility_26,x_27,y_27,z_27,visibility_27,x_28,y_28,z_28,visibility_28,x_29,y_29,z_29,visibility_29,x_30,y_30,z_30,visibility_30,x_31,y_31,z_31,visibility_31,x_32,y_32,z_32,visibility_32
0.1688305437564849,-0.5861583352088928,-0.0434667058289051,0.9980130791664124,0.1539938598871231,-0.6260103583335876,-0.0362591668963432,0.9967690110206604,0.1536373347043991,-0.6259300708770752,-0.037910871207714,0.9958072900772096,0.15406234562397,-0.626318097114563,-0.0358789600431919,0.9966482520103456,0.1526215821504593,-0.6228410601615906,-0.0746252909302711,0.9971342086791992,0.1548436284065246,-0.6237225532531738,-0.0747388377785682,0.9968969225883484,0.1542098969221115,-0.6228098273277283,-0.0708885416388511,0.9976962804794312,0.0476542077958583,-0.64864182472229,0.0245827324688434,0.9888694286346436,0.0484066978096962,-0.6269457340240479,-0.1323725283145904,0.9972735047340392,0.1216378882527351,-0.5727376937866211,-0.0236080177128314,0.9962224960327148,0.1215803250670433,-0.565504789352417,-0.0679931566119194,0.99742329120636,-0.0180088579654693,-0.483475774526596,0.1176835298538208,0.997782289981842,-0.0327464118599891,-0.4755334556102752,-0.2015886306762695,0.9998459815979004,-0.0526437386870384,-0.2564647197723388,0.1729066669940948,0.0741340443491935,-0.0605999752879142,-0.2650793790817261,-0.2501434981822967,0.9901416301727296,0.072570726275444,-0.0647440180182457,0.1240913569927215,0.1255250126123428,0.0891606211662292,-0.1062508821487426,-0.2136621624231338,0.95834219455719,0.0983239412307739,-0.0216911025345325,0.1216564700007438,0.1311867088079452,0.1186925023794174,-0.0657972618937492,-0.2461078613996505,0.9211947917938232,0.1127894073724746,-0.0214326661080122,0.0861648768186569,0.1342767179012298,0.1529742628335952,-0.0848117023706436,-0.2304759919643402,0.917920470237732,0.0810849517583847,-0.0555977448821067,0.1046600937843322,0.1389479041099548,0.110874705016613,-0.1028507053852081,-0.2059810012578964,0.8901472687721252,0.0124086458235979,0.0014136780519038,0.0936621949076652,0.9969268441200256,-0.0132239460945129,-0.0021557772997766,-0.0930730774998664,0.9990412592887878,-0.0034501941408962,0.3717347085475921,0.1381483376026153,0.4073168933391571,-0.0058478219434618,0.3827629089355469,-0.0826027393341064,0.9417912364006042,-0.0485195741057395,0.7611015439033508,0.208658680319786,0.6285700798034668,-0.056256465613842,0.7791208028793335,-0.0251645725220441,0.9459681510925292,-0.0463584512472152,0.8096166253089905,0.2073684334754943,0.6436246037483215,-0.0588684566318988,0.8235766291618347,-0.0255677085369825,0.8621878623962402,0.0586711876094341,0.8169772624969482,0.1443487405776977,0.7419275641441345,0.0212542805820703,0.8366438150405884,-0.1139124929904937,0.9337810277938844
0.164337620139122,-0.5790740251541138,-0.0206667482852935,0.9977930188179016,0.1518757790327072,-0.6186258792877197,-0.0134225012734532,0.9965101480484008,0.1515123695135116,-0.6185762882232666,-0.0150343868881464,0.9955373406410216,0.1519289910793304,-0.6189756393432617,-0.0130036193877458,0.9964827299118042,0.1507506072521209,-0.6150062084197998,-0.0518707297742366,0.9969287514686584,0.1529562920331955,-0.6159013509750366,-0.0519637875258922,0.9966942071914672,0.1523297131061554,-0.6149824857711792,-0.0481318943202495,0.9975329637527466,0.0469369292259216,-0.6452710628509521,0.0437660999596118,0.9883192777633668,0.0484458655118942,-0.6227939128875732,-0.1136988848447799,0.9970567226409912,0.1161839738488197,-0.5679144263267517,-0.0024193138815462,0.9956120252609252,0.1170872077345848,-0.5604152679443359,-0.0468942858278751,0.9969426393508912,-0.0284492708742618,-0.4829423129558563,0.1323740780353546,0.9975894689559937,-0.031120816245675,-0.474802166223526,-0.1863120049238205,0.9998234510421752,-0.053696047514677,-0.257934421300888,0.1838097274303436,0.0698986276984214,-0.0395289026200771,-0.2619108259677887,-0.2301623672246933,0.9887146949768066,0.0809583142399787,-0.093313530087471,0.1360243856906891,0.1184731796383857,0.1141273826360702,-0.1345975846052169,-0.1823444068431854,0.9498530626296996,0.1101415082812309,-0.0636627003550529,0.1363070756196975,0.1251626759767532,0.1417226642370224,-0.110940083861351,-0.2114725857973098,0.9096338152885436,0.1281399577856063,-0.065482847392559,0.1022249534726142,0.1281193941831588,0.1649945229291916,-0.1338566243648529,-0.193831518292427,0.9059519171714784,0.0923760011792182,-0.0874479040503501,0.1169919371604919,0.1327794790267944,0.1310758292675018,-0.1358194947242736,-0.1740301996469497,0.8758367896080017,0.0117988511919975,0.0011913782218471,0.0938579142093658,0.9965996742248536,-0.0126220630481839,-0.0019332556985318,-0.0932861864566803,0.9989507794380188,-0.0034499263856559,0.369915246963501,0.133716806769371,0.3930928111076355,-0.0036352958995848,0.3878473043441772,-0.0885946005582809,0.9396899938583374,-0.0494006983935833,0.7561561465263367,0.2011269032955169,0.6183976531028748,-0.0565879046916961,0.7795904874801636,-0.0392440780997276,0.9449211955070496,-0.0474993921816349,0.8042371869087219,0.1997460275888443,0.6428493857383728,-0.059765301644802,0.8238210678100586,-0.0394452959299087,0.8641789555549622,0.0558848045766353,0.8163132071495056,0.1369883567094802,0.7347797751426697,0.0171438287943601,0.8432151079177856,-0.1265491992235183,0.933230757713318
0.1643437147140503,-0.5740060806274414,-0.0090251313522458,0.9978398084640504,0.1519734859466552,-0.613580048084259,-0.0020265055354684,0.9966331124305724,0.1516159474849701,-0.613543689250946,-0.003594507696107,0.9957216382026672,0.152036428451538,-0.6139512062072754,-0.001558354939334,0.9966469407081604,0.1510520577430725,-0.6097667217254639,-0.0408677533268928,0.997045397758484,0.1532658338546753,-0.610658586025238,-0.0409143194556236,0.9968281984329224,0.1526400297880172,-0.6097276210784912,-0.0371159240603446,0.9976252913475036,0.0485157892107963,-0.6442016363143921,0.0546434000134468,0.9888732433319092,0.0495376475155353,-0.6213235855102539,-0.1046943664550781,0.997166097164154,0.1156600192189216,-0.5650149583816528,0.0087989121675491,0.9956321716308594,0.1169535219669342,-0.5573211312294006,-0.0361917987465858,0.9969215989112854,-0.0305164121091365,-0.4831529855728149,0.1440691351890564,0.9976258873939514,-0.0297207329422235,-0.4745052456855774,-0.1805628538131714,0.9998186826705932,-0.0411288179457187,-0.2596175670623779,0.1885440647602081,0.0673728585243225,-0.0014684728812426,-0.2624713182449341,-0.2139533013105392,0.987827718257904,0.1014269813895225,-0.1209707856178283,0.1302040666341781,0.1143860146403312,0.1373957991600036,-0.1729783713817596,-0.1436891853809356,0.9442297220230104,0.131506934762001,-0.1009965986013412,0.130507081747055,0.1222143396735191,0.1616908460855484,-0.1613867729902267,-0.1680206060409546,0.9019852876663208,0.1477932780981063,-0.1066262945532798,0.0974702537059784,0.1251069605350494,0.174598827958107,-0.1854519993066787,-0.1507945507764816,0.897975742816925,0.1124438792467117,-0.118569292128086,0.1113545820116996,0.1298529803752899,0.1490349918603897,-0.177145630121231,-0.1347881555557251,0.8660709857940674,0.0111795300617814,0.0011334674200043,0.0948404297232627,0.9966048002243042,-0.0119845084846019,-0.0018682171357795,-0.0942964777350425,0.9989421963691713,-0.0033858111128211,0.3699594736099243,0.1336746215820312,0.3817813694477081,0.0015298723010346,0.3934356570243835,-0.0897932648658752,0.9392808675765992,-0.049298919737339,0.7547803521156311,0.2005951106548309,0.6126981377601624,-0.0563557930290699,0.7807460427284241,-0.0444960370659828,0.9452916383743286,-0.0474479049444198,0.8024673461914062,0.19919453561306,0.6454929113388062,-0.0594896040856838,0.8245682716369629,-0.044869277626276,0.8676872253417969,0.0561496093869209,0.8160186409950256,0.1364417076110839,0.7325985431671143,0.0171980056911706,0.8479772210121155,-0.131959930062294,0.9344580173492432
0.1606062799692154,-0.5735891461372375,-0.0061341137625277,0.997963845729828,0.1502954959869384,-0.613158643245697,0.0010762397432699,0.9968621134757996,0.1499195098876953,-0.613124430179596,-0.0004705446481239,0.9960185885429382,0.1503295004367828,-0.6135292649269104,0.00157546706032,0.9968869686126708,0.1486862450838089,-0.6094193458557129,-0.0372804217040538,0.9972516298294068,0.1508994996547699,-0.6103101968765259,-0.0372931957244873,0.9970513582229614,0.1502887308597564,-0.609374463558197,-0.0335123389959335,0.997789204120636,0.0486222170293331,-0.6441497206687927,0.0609662160277366,0.9896907210350036,0.0484588295221328,-0.6213559508323669,-0.0962632000446319,0.9973646998405457,0.1128481030464172,-0.5647594332695007,0.0127905318513512,0.9958495497703552,0.1131723523139953,-0.5571088194847107,-0.0316859409213066,0.9970623850822448,-0.0303744059056043,-0.483610987663269,0.153115689754486,0.9977008700370787,-0.0298729632049798,-0.4765798151493072,-0.1742420792579651,0.9998224973678588,-0.0340938568115234,-0.264877587556839,0.1948471963405609,0.0658573657274246,0.0046613295562565,-0.2755745649337768,-0.2078897505998611,0.9878643751144408,0.102056086063385,-0.1564092189073562,0.1319862753152847,0.1126816421747207,0.1468908190727234,-0.2309163957834243,-0.135661244392395,0.9429166913032532,0.1295911222696304,-0.1443401873111724,0.131331592798233,0.1215692907571792,0.1720139384269714,-0.2318281978368759,-0.1589161604642868,0.8999108076095581,0.1448479741811752,-0.154420867562294,0.1002426221966743,0.1243803948163986,0.1800907999277115,-0.2586163580417633,-0.1408653557300567,0.8956125974655151,0.1119464412331581,-0.157584086060524,0.1136833131313324,0.129393920302391,0.156395137310028,-0.2387730777263641,-0.1260389536619186,0.8631231784820557,0.0111462725326418,0.0011427254648879,0.0955603495240211,0.9967046976089478,-0.0119500365108251,-0.0018717988859862,-0.0950406566262245,0.998969316482544,-0.003247391199693,0.3674039840698242,0.1324547082185745,0.3747512102127075,0.0023107293527573,0.3953698575496673,-0.0911166593432426,0.9396026730537416,-0.0497825480997562,0.7492511868476868,0.2000817507505417,0.6101600527763367,-0.0589582696557045,0.7813282608985901,-0.049004428088665,0.946390688419342,-0.0481613203883171,0.7966018915176392,0.1988748759031295,0.6498908400535583,-0.0633108988404274,0.8249390125274658,-0.049633402377367,0.8712021708488464,0.0551675073802471,0.8136856555938721,0.1361463516950607,0.7331911325454712,0.0125838695093989,0.850332498550415,-0.1388961970806121,0.9363855719566344
0.1563141196966171,-0.5641816258430481,0.0024613246787339,0.9980883002281188,0.149098515510559,-0.6039771437644958,0.0104767559096217,0.9971004128456116,0.1487125903367996,-0.603965163230896,0.0089777540415525,0.9963245391845704,0.1491152197122573,-0.6043606996536255,0.0110577633604407,0.9971309304237366,0.146304115653038,-0.6004826426506042,-0.0270812027156353,0.9974626898765564,0.1485238522291183,-0.601381242275238,-0.0270115379244089,0.9972779750823976,0.1479349881410598,-0.6004241108894348,-0.023260585963726,0.997956931591034,0.0512789525091648,-0.6402472853660583,0.0743425786495208,0.9905145168304444,0.0476003140211105,-0.6184507012367249,-0.0793424919247627,0.9975680112838744,0.1100156754255294,-0.5578060150146484,0.0225353315472602,0.996080994606018,0.1085482984781265,-0.5504106283187866,-0.0210629664361476,0.9972137808799744,-0.0299003943800926,-0.4830661416053772,0.1627095192670822,0.9978169798851012,-0.0347118191421031,-0.4764515459537506,-0.1581083983182907,0.9998291730880736,-0.0286494251340627,-0.2636410295963287,0.1952395439147949,0.0643715783953666,0.0175677947700023,-0.2727990746498108,-0.1885838508605957,0.9877276420593262,0.0961237326264381,-0.1733067780733108,0.1299095898866653,0.1105800867080688,0.1515951454639434,-0.2672695219516754,-0.101505622267723,0.9408038854599,0.1224699839949607,-0.1693664491176605,0.1287801563739776,0.1201953142881393,0.1754580289125442,-0.2820655107498169,-0.1192467883229255,0.8964658975601196,0.1364724189043045,-0.1844228953123092,0.1013807505369186,0.1227992400527,0.1760391592979431,-0.3124725818634033,-0.1019357666373252,0.8917577862739563,0.1051495224237442,-0.1779972612857818,0.1129269450902938,0.1280345320701599,0.1570616513490677,-0.2791996300220489,-0.0913984030485153,0.8584596514701843,0.0115818893536925,0.0010746316984295,0.0957382693886756,0.9968311786651612,-0.0123723875731229,-0.0017833232413977,-0.0952289849519729,0.9990007877349854,-0.0007321971934288,0.3653030097484588,0.1306919455528259,0.3669092059135437,0.0035283311735838,0.3975564539432525,-0.0914818868041038,0.9389104843139648,-0.0476570911705493,0.7454898357391357,0.1926841884851455,0.6066608428955078,-0.0587907396256923,0.7815159559249878,-0.0563418418169021,0.94647216796875,-0.046236976981163,0.7927244305610657,0.190920278429985,0.6538039445877075,-0.0632844790816307,0.8249985575675964,-0.0574895590543746,0.8731574416160583,0.0561687126755714,0.8124822378158569,0.1271642446517944,0.7336226105690002,0.0128995524719357,0.8513618111610413,-0.1471530944108963,0.937704622745514
0.1564893722534179,-0.5628325939178467,0.0026293613482266,0.9982412457466124,0.1492999792098999,-0.6025514602661133,0.0098992185667157,0.9973560571670532,0.1489021331071853,-0.6025471091270447,0.008412099443376,0.99664968252182,0.1492993533611297,-0.602944016456604,0.0105001553893089,0.997387707233429,0.1466776579618454,-0.5991120338439941,-0.027361636981368,0.9976866245269777,0.1488981992006302,-0.600002646446228,-0.0272647403180599,0.9975176453590392,0.1483057290315628,-0.5990396738052368,-0.0235293637961149,0.9981361031532288,0.0571801178157329,-0.6400752663612366,0.0723244696855545,0.9913713932037354,0.0496572777628898,-0.6183602809906006,-0.0802806988358497,0.9977835416793824,0.1102360263466835,-0.5570335388183594,0.0222196001559495,0.9963860511779784,0.1088940650224685,-0.5496342182159424,-0.0209285840392112,0.9974244832992554,-0.0297933313995599,-0.4842030107975006,0.1604760587215423,0.9979610443115234,-0.0336183533072471,-0.4770675897598266,-0.1577170193195343,0.999838650226593,-0.0223256051540374,-0.2689283490180969,0.1894113272428512,0.0656704977154731,0.027043804526329,-0.2795966863632202,-0.1820092499256134,0.9879123568534852,0.0938356146216392,-0.2209648936986923,0.1244434341788292,0.1127723157405853,0.1550014168024063,-0.3111542165279388,-0.0851148664951324,0.9405087828636168,0.1189006045460701,-0.2283716350793838,0.1219991222023963,0.1230315491557121,0.1785772442817688,-0.3360884189605713,-0.100525751709938,0.8956453204154968,0.1320023536682129,-0.2465579658746719,0.0976312533020973,0.1253752708435058,0.1741418689489364,-0.3694415390491485,-0.0823970660567283,0.8906529545783997,0.1020574197173118,-0.2293231934309005,0.110306940972805,0.1307684481143951,0.1581906229257583,-0.3264206051826477,-0.0743329897522926,0.8571470379829407,0.0113455513492226,0.001069865305908,0.0959647819399833,0.9969852566719056,-0.0121154701337218,-0.0017715949798002,-0.0954653546214103,0.9990395307540894,-0.0006148366373963,0.3655348122119903,0.1307791620492935,0.3576141595840454,0.0041633262299001,0.3986289799213409,-0.0909468978643417,0.9380614161491394,-0.0475770086050033,0.7445672750473022,0.1923512667417526,0.6007131338119507,-0.0589622817933559,0.7809547185897827,-0.0550295859575271,0.9461376070976256,-0.0462158732116222,0.7914330363273621,0.1905825734138488,0.6560710668563843,-0.0638133361935615,0.8239948153495789,-0.0560860522091388,0.8746422529220581,0.0562943667173385,0.8115928769111633,0.1276122629642486,0.7323745489120483,0.0131175871938467,0.8512224555015564,-0.1441496908664703,0.9385695457458496
0.1551524698734283,-0.5563049912452698,0.0078216390684247,0.9984030723571776,0.1494510173797607,-0.5955970287322998,0.0149434953927993,0.9976085424423218,0.1490417867898941,-0.5956217050552368,0.0134998625144362,0.9969693422317504,0.1494321674108505,-0.5960228443145752,0.0156111819669604,0.9976380467414856,0.1470798105001449,-0.5916898846626282,-0.0231868885457515,0.9979089498519896,0.1493115872144699,-0.592560350894928,-0.0230564642697572,0.9977562427520752,0.1487263739109039,-0.5916023254394531,-0.01934733428061,0.998315155506134,0.0585947521030902,-0.6372613310813904,0.072742722928524,0.9922071099281312,0.0545481145381927,-0.6137844324111938,-0.0836655721068382,0.9979975819587708,0.1070475280284881,-0.5526336431503296,0.0253418423235416,0.9967157244682312,0.1069965884089469,-0.544609546661377,-0.018928674980998,0.9976577758789062,-0.0363573469221591,-0.4843143820762634,0.1603937298059463,0.9980990886688232,-0.0333184748888015,-0.4768580198287964,-0.1637683361768722,0.9998505115509032,-0.0171249397099018,-0.2916852831840515,0.199121281504631,0.0645466074347496,0.052384614944458,-0.2896991968154907,-0.1907270550727844,0.988169014453888,0.1074519529938697,-0.2875790596008301,0.1470545828342437,0.1091505363583564,0.173032060265541,-0.3459913730621338,-0.0806216076016426,0.939450740814209,0.1336148232221603,-0.3068148791790008,0.1505036503076553,0.1193769425153732,0.1951445490121841,-0.3763770461082458,-0.092987522482872,0.8935304880142212,0.1483960151672363,-0.3249470591545105,0.1271154731512069,0.1215128526091575,0.1828124374151229,-0.4064372777938843,-0.0743092969059944,0.8881268501281738,0.1166076436638832,-0.2981106042861938,0.1325060725212097,0.1270707696676254,0.1725353449583053,-0.361107587814331,-0.0691367983818054,0.8542767763137817,0.0092480452731251,0.0011601598234847,0.0982028171420097,0.9971619248390198,-0.0100153721868991,-0.0018329011509194,-0.0976848602294921,0.9991000294685364,-0.0005536648677662,0.3655586540699005,0.1324568688869476,0.3519432544708252,0.0086800036951899,0.3995915651321411,-0.0907764062285423,0.940072238445282,-0.0463515892624855,0.7430228590965271,0.1942902505397796,0.5946916341781616,-0.0530832484364509,0.7831387519836426,-0.0573956221342086,0.9478626847267152,-0.0454652644693851,0.7898579835891724,0.1925060898065567,0.6589260697364807,-0.059397954493761,0.8263965845108032,-0.0582584738731384,0.8799837231636047,0.0564954243600368,0.8110877871513367,0.1350582987070083,0.731638491153717,0.0181128084659576,0.8546462059020996,-0.14213427901268,0.9411541819572448
0.1551357507705688,-0.5553238391876221,0.0188176166266202,0.9985376000404358,0.1501030027866363,-0.5943877696990967,0.0254487916827201,0.997826099395752,0.1496660262346267,-0.5944156050682068,0.0240129306912422,0.9972455501556396,0.1500590443611145,-0.5948216915130615,0.0261080041527748,0.9978540539741516,0.1478682309389114,-0.5907166004180908,-0.0128674320876598,0.9981008172035216,0.1501110047101974,-0.5915896892547607,-0.0127307847142219,0.9979619979858398,0.149555966258049,-0.5906040072441101,-0.0090810619294643,0.9984685182571412,0.059645339846611,-0.6353446245193481,0.0820843130350112,0.9929357767105104,0.0565329864621162,-0.6124676465988159,-0.0758803784847259,0.9981846809387208,0.106240227818489,-0.5513559579849243,0.0354654304683208,0.9969913363456726,0.1065523996949195,-0.5434427261352539,-0.0090928515419363,0.997852087020874,-0.0354251228272914,-0.484370082616806,0.1661681085824966,0.998220920562744,-0.0330839753150939,-0.4767604172229767,-0.1639862805604934,0.999858021736145,0.0373606868088245,-0.32326340675354,0.1789587885141372,0.0689348354935646,0.0763136744499206,-0.3150762021541595,-0.1856666207313537,0.9882898926734924,0.1551958620548248,-0.3722652196884155,0.0673262774944305,0.11606315523386,0.189600259065628,-0.410529613494873,-0.0511719658970832,0.9397064447402954,0.1784906685352325,-0.4074215590953827,0.0639772340655326,0.1257060915231704,0.2106191515922546,-0.4498580694198608,-0.0590663775801658,0.893537163734436,0.185759499669075,-0.4303504526615143,0.0494801886379718,0.127459242939949,0.1905839443206787,-0.4795596599578857,-0.0415742732584476,0.8876884579658508,0.1600865870714187,-0.3874134719371795,0.0539920553565025,0.1332168877124786,0.1855032444000244,-0.4268023371696472,-0.0389989092946052,0.85310298204422,0.009270136244595,0.0011939051328226,0.0988323912024498,0.997345209121704,-0.0100325997918844,-0.001853484660387,-0.0983098745346069,0.9991490840911864,0.0098801851272583,0.3661381304264068,0.1324698776006698,0.3482738435268402,0.0117851290851831,0.4027901291847229,-0.0906469300389289,0.941320300102234,-0.0353993289172649,0.7434224486351013,0.1928878128528595,0.5919919013977051,-0.0488786213099956,0.7920844554901123,-0.0679792910814285,0.948665738105774,-0.0341048128902912,0.7903192639350891,0.1910326927900314,0.6629906296730042,-0.0551235377788543,0.8358497023582458,-0.0704905688762664,0.8827389478683472,0.0701023563742637,0.8109632134437561,0.1345301419496536,0.7314329743385315,0.0222364217042922,0.8621091246604919,-0.1552946120500564,0.9425005912780762
0.1532479673624038,-0.5563443899154663,0.0178069472312927,0.9986472129821776,0.1496128737926483,-0.5954473614692688,0.0242448020726442,0.99801504611969,0.1491603553295135,-0.5954660773277283,0.0227895509451627,0.997485101222992,0.1495590507984161,-0.59587162733078,0.0248743966221809,0.9980409741401672,0.1473416239023208,-0.5918744802474976,-0.0135322576388716,0.9982671141624452,0.1495928317308426,-0.5927496552467346,-0.0133951548486948,0.99813973903656,0.1490561515092849,-0.5917649865150452,-0.0097495457157492,0.998600423336029,0.0597254298627376,-0.6346684098243713,0.0816292539238929,0.9935747385025024,0.0563517697155475,-0.6125600337982178,-0.0736586600542068,0.99834805727005,0.1049751415848732,-0.5516045689582825,0.034760482609272,0.9972251057624816,0.1049235612154007,-0.5438331961631775,-0.0090660033747553,0.9980148673057556,-0.0264426358044147,-0.4842934608459472,0.1665851026773452,0.9983152151107788,-0.0337447337806224,-0.4771553874015808,-0.1650515794754028,0.9998619556427002,0.0679159462451934,-0.3367732167243957,0.1600681394338607,0.0736346840858459,0.0903610438108444,-0.3350863754749298,-0.1862881779670715,0.9882501363754272,0.1717583686113357,-0.4155572056770324,0.0309297498315572,0.1251371949911117,0.1932658106088638,-0.4603184759616852,-0.047481968998909,0.939754843711853,0.1923560053110122,-0.4572648704051971,0.0234080888330936,0.1337838917970657,0.2117554247379303,-0.5063629746437073,-0.0548144280910491,0.8933428525924683,0.1951889097690582,-0.4833469092845917,0.011725909076631,0.1351198256015777,0.1889007687568664,-0.5348811745643616,-0.039773728698492,0.8870347142219543,0.1736375242471695,-0.4333065748214721,0.0180296283215284,0.1414090692996978,0.1869171559810638,-0.4773131310939789,-0.0361264608800411,0.851829469203949,0.0105204684659838,0.0011835013283416,0.0991516932845115,0.9975239038467408,-0.0112586170434951,-0.0018316066125407,-0.0986293479800224,0.999197483062744,0.0292104538530111,0.3510056436061859,0.1325004696846008,0.3400402367115021,0.0170833542943,0.406808853149414,-0.089623674750328,0.9414717555046082,-0.0075060506351292,0.7088705897331238,0.195337563753128,0.5796782970428467,-0.0394689589738845,0.7963797450065613,-0.0690404996275901,0.948391854763031,-0.0044259573332965,0.7534977197647095,0.1945179551839828,0.6608849763870239,-0.0445501394569873,0.8399299383163452,-0.0719588324427604,0.8825203776359558,0.1038147881627082,0.7692965269088745,0.1425675600767135,0.7246512770652771,0.0359020195901393,0.8635993599891663,-0.1590926796197891,0.9427932500839232
0.1505194753408432,-0.5578208565711975,0.0146882534027099,0.9987545609474182,0.1475018411874771,-0.5966914892196655,0.0210374351590871,0.9981916546821594,0.1470222920179367,-0.5967153906822205,0.0195640213787555,0.99770849943161,0.1474243849515915,-0.5971226096153259,0.021643653512001,0.998215675354004,0.1455723196268081,-0.5934394598007202,-0.0167943518608808,0.998422145843506,0.1478313505649566,-0.5943294763565063,-0.0166722368448972,0.9983057975769044,0.1473138183355331,-0.5933030843734741,-0.0130090154707431,0.9987238645553588,0.0587475672364234,-0.6347327828407288,0.0782934576272964,0.994167685508728,0.0555313341319561,-0.6130408048629761,-0.0773064568638801,0.9984986782073976,0.1025136709213256,-0.5523062944412231,0.0316876992583274,0.9974530935287476,0.1027195677161216,-0.5447148680686951,-0.0121772326529026,0.9981727004051208,-0.0238402374088764,-0.4842948615550995,0.1650059819221496,0.9984071850776672,-0.0336044542491436,-0.4785726964473724,-0.1653656363487243,0.9998655915260316,0.0872133895754814,-0.3456790745258331,0.1549335420131683,0.0793449655175209,0.1016668826341629,-0.3544550836086273,-0.1900928020477295,0.9882553815841676,0.1838198453187942,-0.4361924231052398,0.0267797522246837,0.1359829604625702,0.1928323060274124,-0.4957156777381897,-0.053567349910736,0.9400187730789183,0.2021526247262954,-0.4808504581451416,0.0184140056371688,0.1434524357318878,0.2087613195180893,-0.5449983477592468,-0.062134962528944,0.8937214016914368,0.2015908360481262,-0.5078595876693726,0.0063173742964863,0.1444051265716552,0.1856705844402313,-0.5723611116409302,-0.0483043007552623,0.8870903849601746,0.1837951242923736,-0.4550414681434631,0.0136955864727497,0.1510741114616394,0.1851172745227813,-0.5131454467773438,-0.0428876057267189,0.851641058921814,0.01082927826792,0.0012346850708127,0.1003832072019577,0.997694194316864,-0.0115516418591141,-0.0018654067534953,-0.0998554229736328,0.9992433786392212,0.033823013305664,0.3487662076950073,0.1392552554607391,0.3298864960670471,0.0197847820818424,0.4081610441207886,-0.0856165587902069,0.9412564039230348,-0.0011148651828989,0.7016723155975342,0.2089424729347229,0.5653212666511536,-0.0351683534681797,0.7964454889297485,-0.06677907705307,0.9479175806045532,0.0021602092310786,0.7457325458526611,0.2092456817626953,0.6580790877342224,-0.0397258289158344,0.8398413062095642,-0.0693260729312896,0.8825995922088623,0.1114334166049957,0.7587038278579712,0.1612544059753418,0.7168754935264587,0.0436846204102039,0.862767219543457,-0.1562308669090271,0.9429882764816284
0.148631677031517,-0.5584046244621277,0.0159395765513181,0.9988526701927184,0.1463507860898971,-0.5973008871078491,0.0217775143682956,0.9983508586883544,0.1458531022071838,-0.5973185896873474,0.0203095693141222,0.9979105591773988,0.1462538540363311,-0.5977253317832947,0.0223914440721273,0.9983727931976318,0.1446255594491958,-0.5940693020820618,-0.0157114993780851,0.9985620975494384,0.1468883007764816,-0.59496009349823,-0.0155697418376803,0.9984560608863832,0.146382987499237,-0.5939372181892395,-0.0119026163592934,0.9988350868225098,0.0584621392190456,-0.6345770359039307,0.0780850872397422,0.99470192193985,0.055372592061758,-0.6131584048271179,-0.0762730315327644,0.9986350536346436,0.1008040755987167,-0.5525650978088379,0.0324775204062461,0.9976615309715272,0.1012080162763595,-0.5450079441070557,-0.0109650045633316,0.998317301273346,-0.0220628920942544,-0.4847152829170227,0.1650306582450866,0.9984971284866332,-0.0334784425795078,-0.4799597263336181,-0.1668505072593689,0.9998685717582704,0.0923103988170623,-0.3542559146881103,0.150123730301857,0.0845637843012809,0.1098693460226059,-0.3653332889080047,-0.1890355050563812,0.9883249998092652,0.1828508675098419,-0.4424285590648651,0.020387889817357,0.1449548751115799,0.1933154463768005,-0.5026092529296875,-0.0456332266330719,0.9403731226921082,0.2007229924201965,-0.4852871298789978,0.0111276162788271,0.1513117253780365,0.2076250612735748,-0.5496934056282043,-0.0535529926419258,0.8941816091537476,0.1986402720212936,-0.51068514585495,-0.0003143984940834,0.1518885344266891,0.1836776137351989,-0.5739755630493164,-0.041127722710371,0.8872553706169128,0.182024672627449,-0.4601852297782898,0.0076098977588117,0.1589580774307251,0.1845880001783371,-0.518220841884613,-0.0353694632649421,0.8516551852226257,0.011240710504353,0.0013483782531693,0.1004824414849281,0.9978581666946412,-0.0119475601240992,-0.0019544844981282,-0.0999521911144256,0.9992843866348268,0.0309682730585336,0.3492230772972107,0.1390519738197326,0.3256344199180603,0.0191463213413953,0.4077270925045013,-0.0852911546826362,0.9411677122116088,-0.0060693291015923,0.7080656886100769,0.2048856914043426,0.559737503528595,-0.0357835628092289,0.7961347699165344,-0.0677710026502609,0.9477946758270264,-0.0032297689467668,0.7529659867286682,0.2046319544315338,0.6590399742126465,-0.0402648597955703,0.839622974395752,-0.070650540292263,0.8830568194389343,0.1051024496555328,0.7653834819793701,0.1557155698537826,0.7146317362785339,0.0422658547759056,0.8622320890426636,-0.1574385315179824,0.9434744119644164
0.1475119143724441,-0.5583135485649109,0.0144516648724675,0.9989439249038696,0.1459731012582779,-0.597118079662323,0.0205701757222414,0.9984970092773438,0.1454695016145706,-0.597130537033081,0.0190815273672342,0.9980964660644532,0.1458708792924881,-0.5975350737571716,0.0211594142019748,0.9985173940658568,0.144342765212059,-0.5939406752586365,-0.0171358846127986,0.998690664768219,0.146608754992485,-0.594836950302124,-0.0170273147523403,0.9985944032669068,0.1461057960987091,-0.593813419342041,-0.0133447889238595,0.9989375472068788,0.0584854669868946,-0.6344059705734253,0.0771520286798477,0.9951905012130736,0.0555886067450046,-0.6131688356399536,-0.0780146345496177,0.9987601041793824,0.0998993143439292,-0.5525010228157043,0.0313337370753288,0.9978549480438232,0.1003774404525756,-0.5449811816215515,-0.0123788388445973,0.9984520077705384,-0.0215529762208461,-0.4857372343540191,0.1643789857625961,0.9985778331756592,-0.0332767032086849,-0.480157732963562,-0.1678611487150192,0.9998705983161926,0.0935264527797699,-0.3574994504451751,0.1373665630817413,0.0906105935573577,0.1158686876296997,-0.3656540513038635,-0.1867638379335403,0.988329291343689,0.175705075263977,-0.4492957293987274,0.0034506721422076,0.1541715562343597,0.1895200312137603,-0.5055944919586182,-0.0303446408361196,0.9399970769882202,0.1926957070827484,-0.4941624999046325,-0.0065931170247495,0.1591935902833938,0.2032397091388702,-0.5540470480918884,-0.0357978269457817,0.8933593034744263,0.1908725649118423,-0.5198617577552795,-0.0163473691791296,0.159342348575592,0.178883284330368,-0.5779911875724792,-0.0250018127262592,0.8861150741577148,0.1744004189968109,-0.4674693048000335,-0.0086181256920099,0.1666024029254913,0.1811398416757583,-0.5213632583618164,-0.0203934740275144,0.8502293825149536,0.0113245639950037,0.0013383829500526,0.1006804630160331,0.9979987740516664,-0.0120213776826858,-0.001933779916726,-0.1001507863402366,0.9993157386779784,0.0291105583310127,0.3497269451618194,0.1394839286804199,0.3220117092132568,0.0181851014494895,0.4074372351169586,-0.0832927972078323,0.94160258769989,-0.0068212542682886,0.7108452916145325,0.205479547381401,0.5547525882720947,-0.0371195264160633,0.7937451601028442,-0.067074678838253,0.9482450485229492,-0.0039258911274373,0.7556184530258179,0.2051615715026855,0.660385251045227,-0.0419390574097633,0.8366395831108093,-0.0696733072400093,0.8844471573829651,0.0992792695760726,0.7691953182220459,0.1548581272363662,0.7130916118621826,0.0368572175502777,0.8602091073989868,-0.1566375195980072,0.9444748163223268
0.1469320207834243,-0.5595543384552002,0.013179293833673,0.9990042448043824,0.1458474695682525,-0.5979570746421814,0.0192817915230989,0.998611569404602,0.1453447043895721,-0.5979720950126648,0.017791774123907,0.9982405304908752,0.1457435190677642,-0.5983766913414001,0.0198705215007066,0.9986310005187988,0.1443249732255935,-0.5950267910957336,-0.018425578251481,0.9987935423851012,0.1465878933668136,-0.5959367156028748,-0.0183171052485704,0.9987049102783204,0.1460836380720138,-0.5949065685272217,-0.0146307805553078,0.9990195035934448,0.0584377720952034,-0.6344618797302246,0.0760106444358825,0.9955968260765076,0.0556097440421581,-0.61353999376297,-0.0792733058333396,0.9988614916801452,0.0988820493221283,-0.5531231164932251,0.0300617720931768,0.9979886412620544,0.0995526537299156,-0.5458748936653137,-0.0136607838794589,0.998542845249176,-0.0216099340468645,-0.4857345223426819,0.1631679236888885,0.9985764622688292,-0.033418234437704,-0.4829530715942383,-0.1697469055652618,0.9998680353164672,0.0774639993906021,-0.3607827723026275,0.1476152390241623,0.0898885056376457,0.1051509529352188,-0.3790426850318908,-0.1882563531398773,0.9878017902374268,0.1710420101881027,-0.4503328204154968,0.0425053052604198,0.1520822942256927,0.1868681758642196,-0.5163363218307495,-0.0443527176976203,0.936734974384308,0.1906541138887405,-0.4914166331291199,0.0372903123497962,0.1570001095533371,0.1999784857034683,-0.5620397329330444,-0.0524010993540287,0.888909101486206,0.1864420473575592,-0.5173393487930298,0.0283719655126333,0.1570163667201995,0.1690661758184433,-0.5846841931343079,-0.0406047962605953,0.8812088966369629,0.1727310568094253,-0.4681116342544555,0.0314388424158096,0.1644807159900665,0.1780229061841964,-0.5311645865440369,-0.0345713198184967,0.8445170521736145,0.0115943290293216,0.001336192828603,0.101283922791481,0.9980895519256592,-0.0122972847893834,-0.0019245190778747,-0.100753054022789,0.9993428587913512,0.0351634733378887,0.3313440382480621,0.1394164711236953,0.3147251307964325,0.0219001863151788,0.4072141051292419,-0.0831398069858551,0.942019820213318,0.0031045032665133,0.681209921836853,0.21016626060009,0.5415046811103821,-0.0321611724793911,0.7937846183776855,-0.0663320422172546,0.9483407735824584,0.0062231798656284,0.7253029346466064,0.2107318788766861,0.6557946801185608,-0.0369169637560844,0.8367844223976135,-0.0688158422708511,0.8847965002059937,0.1125857010483741,0.7416535019874573,0.1637909412384033,0.7051257491111755,0.0447131916880607,0.8604526519775391,-0.1553268283605575,0.9448870420455932
0.1467693895101547,-0.560763418674469,0.0126921217888593,0.999079406261444,0.1458168476819992,-0.5990148782730103,0.0188366752117872,0.9987308979034424,0.145312413573265,-0.5990336537361145,0.0173430703580379,0.9983909130096436,0.1457083374261856,-0.5994396805763245,0.0194238871335983,0.998748779296875,0.1443432569503784,-0.5960564613342285,-0.0187686383724212,0.9988991618156432,0.1466054767370224,-0.5969775915145874,-0.0186761356890201,0.9988185167312622,0.1461009532213211,-0.5959367156028748,-0.0149873811751604,0.9991044998168944,0.0583825893700122,-0.6350825428962708,0.0757915899157524,0.995996594429016,0.0556360743939876,-0.6141421794891357,-0.0803127512335777,0.998963475227356,0.098580278456211,-0.5541517734527588,0.0297729521989822,0.9981489181518556,0.0993066504597663,-0.5468876957893372,-0.0139370048418641,0.9986552000045776,-0.0211282409727573,-0.486796498298645,0.1623741537332534,0.9986258149147034,-0.0335980579257011,-0.4844570755958557,-0.1742416024208068,0.999870240688324,0.0810842812061309,-0.3696246743202209,0.1611910313367843,0.0914014801383018,0.1040861532092094,-0.3828840553760528,-0.1908992528915405,0.9877742528915404,0.1682749986648559,-0.4784281849861145,0.0645259767770767,0.1548086702823639,0.184413805603981,-0.5342969298362732,-0.052216213196516,0.9362855553627014,0.186256468296051,-0.5243985652923584,0.0600734427571296,0.1594054251909256,0.1979140192270279,-0.5827196836471558,-0.0619290508329868,0.8884608745574951,0.1841787844896316,-0.5511447787284851,0.0496116653084754,0.1593097299337387,0.1623579561710357,-0.6056970357894897,-0.0495359674096107,0.88053959608078,0.1690204888582229,-0.4978898763656616,0.0528981909155845,0.1670606881380081,0.1757598221302032,-0.5503513216972351,-0.0424385145306587,0.8437972664833069,0.0120024653151631,0.0013441328192129,0.102490410208702,0.9981945753097534,-0.0127007383853197,-0.0019262162968516,-0.1019536480307579,0.9993712902069092,0.0343552157282829,0.3327605128288269,0.1414164900779724,0.3083200752735138,0.0216276794672012,0.4070009589195251,-0.0826055631041526,0.9425267577171326,0.0006066063069738,0.6827399730682373,0.2141088247299194,0.530133068561554,-0.0321083068847656,0.7931807041168213,-0.0656591951847076,0.9483760595321656,0.0033026156015694,0.7268214821815491,0.2147165834903717,0.651933491230011,-0.0368612594902515,0.8361068964004517,-0.0680890455842018,0.8851681351661682,0.1094141229987144,0.7435621619224548,0.1678293794393539,0.6989874839782715,0.0455035902559757,0.8602064251899719,-0.1546757370233535,0.94546240568161
0.146953672170639,-0.5617129802703857,0.01216712128371,0.9991514682769777,0.1459037810564041,-0.599673867225647,0.0182161442935466,0.9988412261009216,0.1453954726457595,-0.5996974110603333,0.0167318396270275,0.9985306262969972,0.1457885950803756,-0.6001030206680298,0.0188173167407512,0.99885755777359,0.1445229202508926,-0.5965050458908081,-0.0194710493087768,0.9989976286888124,0.1467836648225784,-0.5974323153495789,-0.0193655230104923,0.9989247918128968,0.1462803035974502,-0.596392810344696,-0.0156739149242639,0.9991840124130248,0.0585150606930255,-0.6360145807266235,0.0748518630862236,0.9963647127151488,0.0565722920000553,-0.6143804788589478,-0.0811056196689605,0.9990586638450624,0.0987438410520553,-0.5554724931716919,0.0290378872305154,0.9982975125312804,0.0994997397065162,-0.5479104518890381,-0.0147435441613197,0.9987618327140808,-0.021694952622056,-0.4912930130958557,0.1620474457740783,0.9986756443977356,-0.0324067026376724,-0.4851484000682831,-0.1749285608530044,0.9998742938041688,0.0743402615189552,-0.3795561790466308,0.1724439412355423,0.0913347378373146,0.1030188053846359,-0.379252016544342,-0.191029742360115,0.9878395199775696,0.1632010638713836,-0.4818644523620605,0.0939244329929351,0.1529861688613891,0.1791141927242279,-0.5219287872314453,-0.0473197884857654,0.9351134300231934,0.1778481900691986,-0.5246007442474365,0.092383362352848,0.1574749052524566,0.1878701448440551,-0.5687832832336426,-0.054381638765335,0.8867009282112122,0.1757664382457733,-0.5500190854072571,0.0798495262861251,0.1572218090295791,0.1513340175151825,-0.5911873579025269,-0.0423801839351654,0.8784648180007935,0.1622771769762039,-0.5001855492591858,0.0819084122776985,0.1652542799711227,0.1663392931222915,-0.5374192595481873,-0.0374567061662673,0.841635525226593,0.011903609149158,0.0015159650938585,0.1029649078845977,0.998274266719818,-0.0126007031649351,-0.0020767713431268,-0.102424070239067,0.9993871450424194,0.0288033727556467,0.3552832007408142,0.1406431496143341,0.3073567748069763,0.0196925345808267,0.4066705703735351,-0.0832941010594368,0.9432384967803956,-0.0147031554952263,0.7176939845085144,0.2055760473012924,0.5296301245689392,-0.0344946160912513,0.7911338806152344,-0.0674692764878273,0.9490829110145568,-0.0141328610479831,0.7628165483474731,0.2046675235033035,0.6547703742980957,-0.0397292226552963,0.8338544368743896,-0.0698887854814529,0.8875321745872498,0.0857432037591934,0.784014105796814,0.1545924544334411,0.6996568441390991,0.0396259538829326,0.8599532246589661,-0.1543338000774383,0.9465566277503968
0.1462086588144302,-0.5628082156181335,0.011623048223555,0.999214231967926,0.145377516746521,-0.6004824638366699,0.0176599994301795,0.9989386200904846,0.1448658108711242,-0.6005114912986755,0.0161766652017831,0.9986534714698792,0.1452521532773971,-0.6009159088134766,0.0182625949382781,0.9989537000656128,0.1442234963178634,-0.5971586108207703,-0.0200449731200933,0.9990854263305664,0.1464790850877761,-0.5980932712554932,-0.0199377313256263,0.9990196228027344,0.1459729671478271,-0.5970556139945984,-0.0162454582750797,0.9992550611495972,0.0580704174935817,-0.6364141702651978,0.0743817314505577,0.9966926574707032,0.0565850362181663,-0.6144929528236389,-0.0817627385258674,0.9991433024406432,0.0978709980845451,-0.5564766526222229,0.0284758526831865,0.99842631816864,0.0989703312516212,-0.5487844944000244,-0.0152458576485514,0.9988536834716796,-0.0239106453955173,-0.492677628993988,0.1616492420434951,0.998700737953186,-0.031885027885437,-0.4854725897312164,-0.1763030439615249,0.9998766183853148,0.0706110596656799,-0.3904671370983124,0.1900312453508377,0.0901862680912017,0.1028296202421188,-0.3841200470924377,-0.1913728415966034,0.9877582788467408,0.1619459241628646,-0.5024797916412354,0.1351620405912399,0.1496008783578872,0.1761094778776168,-0.5338170528411865,-0.0475968122482299,0.9330103397369384,0.1775155663490295,-0.5469135046005249,0.1363820135593414,0.1541350781917572,0.182500958442688,-0.5818130373954773,-0.0545857734978199,0.8837367296218872,0.1754300743341446,-0.5723592042922974,0.1219012066721916,0.1537996083498001,0.1470737904310226,-0.6040005087852478,-0.0428771190345287,0.8752043843269348,0.1613823622465133,-0.5212820768356323,0.1227429881691932,0.1621431112289428,0.1618758589029312,-0.5496524572372437,-0.0379695110023021,0.8382523059844971,0.0117222657427191,0.0017545265145599,0.1034535765647888,0.9983287453651428,-0.0124250389635562,-0.002293957863003,-0.102907121181488,0.9993966817855836,0.0238197520375251,0.3644221425056457,0.1406462490558624,0.3044974207878113,0.0183298271149396,0.4058898687362671,-0.083416111767292,0.9435141682624816,-0.0231964383274316,0.7285395860671997,0.2043450772762298,0.5263707637786865,-0.0356746837496757,0.787900447845459,-0.0671235769987106,0.9492984414100648,-0.0233370345085859,0.7738592624664307,0.203059509396553,0.656021237373352,-0.0411652065813541,0.8304407000541687,-0.069426529109478,0.8893300294876099,0.0744433254003524,0.79462730884552,0.1525206863880157,0.6985309720039368,0.0371523164212703,0.8582571744918823,-0.153506338596344,0.947242021560669
0.1456839442253112,-0.5637743473052979,0.0114358058199286,0.999271810054779,0.144805833697319,-0.6013945937156677,0.0173945371061563,0.9990279078483582,0.1442907005548477,-0.6014238595962524,0.0159170273691415,0.9987664222717284,0.1446744948625564,-0.601829469203949,0.0180051326751709,0.9990418553352356,0.1438055634498596,-0.5980553030967712,-0.0203417185693979,0.9991647601127625,0.1460587829351425,-0.5989961624145508,-0.0202260296791791,0.9991050958633424,0.1455534398555755,-0.5979557037353516,-0.0165315084159374,0.999319076538086,0.0576114319264888,-0.636610746383667,0.0738079771399498,0.9969900846481324,0.0565604679286479,-0.6147140264511108,-0.0823669731616973,0.9992196559906006,0.0974144339561462,-0.5570905208587646,0.0280860066413879,0.9985446333885192,0.0986807644367218,-0.5494109988212585,-0.0156780704855918,0.9989374279975892,-0.0241087935864925,-0.4926061630249023,0.1614375859498977,0.9987371563911438,-0.0314003527164459,-0.4854969680309295,-0.1764988452196121,0.9998788237571716,0.0707919225096702,-0.3847820460796356,0.1875227391719818,0.0905453264713287,0.1061112210154533,-0.3831538259983063,-0.189791202545166,0.9876086711883544,0.1597402691841125,-0.4935925900936126,0.121468111872673,0.1489686518907547,0.1751651465892791,-0.5363233089447021,-0.0417197793722152,0.931401789188385,0.1757918000221252,-0.5390781164169312,0.1207837164402008,0.1533295661211013,0.1824014633893966,-0.5862119197845459,-0.0477628894150257,0.8814911842346191,0.1745949983596801,-0.5651572942733765,0.1059685721993446,0.1528614610433578,0.1475340276956558,-0.6091304421424866,-0.036086943000555,0.872657060623169,0.1595597565174102,-0.5126843452453613,0.1087079644203186,0.1614505350589752,0.1617467850446701,-0.5526941418647766,-0.031964786350727,0.835453450679779,0.011643229983747,0.0019036872545257,0.1035877391695976,0.9983957409858704,-0.0123475948348641,-0.0024271591100841,-0.1030396595597267,0.9994112849235536,0.023436376824975,0.3659659922122955,0.1409092992544174,0.3017852306365967,0.0181929022073745,0.4053365588188171,-0.0832241252064704,0.9436174631118774,-0.0236086305230855,0.7294763326644897,0.2042406499385833,0.5234584212303162,-0.0359550416469574,0.7865843176841736,-0.0667779147624969,0.949418008327484,-0.0236266329884529,0.7747188806533813,0.2029177248477935,0.6572249531745911,-0.0413804911077022,0.8290823698043823,-0.0690485090017318,0.8906332850456238,0.0746039971709251,0.7943688035011292,0.1523518860340118,0.697543740272522,0.0370143763720989,0.8569616079330444,-0.1528092324733734,0.947726845741272
0.1452314853668213,-0.5654644966125488,0.0112977623939514,0.9993236064910888,0.1440192610025406,-0.6032202243804932,0.0172370597720146,0.9991081953048706,0.1434999108314514,-0.603243887424469,0.0157611165195703,0.9988682270050048,0.143883541226387,-0.6036516427993774,0.0178478080779314,0.9991210103034972,0.1429629772901535,-0.599861204624176,-0.0204819701611995,0.9992353916168212,0.1452178806066513,-0.60080486536026,-0.0203703753650188,0.9991812109947203,0.1447165757417678,-0.5997587442398071,-0.0166730266064405,0.9993757605552672,0.0569791793823242,-0.6373069286346436,0.0736132711172103,0.9972556233406068,0.0558722391724586,-0.6154213547706604,-0.0828105881810188,0.999287724494934,0.0971957147121429,-0.5582048892974854,0.0279502850025892,0.9986523985862732,0.0984043255448341,-0.5505214929580688,-0.0159226432442665,0.999013125896454,-0.0235394965857267,-0.4925518035888672,0.161256730556488,0.9987808465957642,-0.0313645228743553,-0.48550745844841,-0.1765810698270797,0.9998806118965148,0.077878214418888,-0.3799605071544647,0.1827903836965561,0.0929651632905006,0.1075774580240249,-0.3811629116535187,-0.1900989413261413,0.9876589775085448,0.1611082106828689,-0.4853643476963043,0.0980365574359893,0.1529894471168518,0.1751143336296081,-0.5351169109344482,-0.0433780774474144,0.9316412210464478,0.1765090823173523,-0.5314194560050964,0.0940012857317924,0.1569071859121322,0.1828781217336654,-0.5857965350151062,-0.0501594878733158,0.8818942308425903,0.175316110253334,-0.5578584671020508,0.0822965502738952,0.1562524139881134,0.1482056826353073,-0.6096086502075195,-0.0383195430040359,0.8729101419448853,0.1605097204446792,-0.504606306552887,0.0858563631772995,0.1650291085243225,0.1620903462171554,-0.5519005656242371,-0.0335873365402221,0.8357663154602051,0.0116964764893054,0.0019825452473014,0.103644348680973,0.9984728693962096,-0.0123987095430493,-0.0024954869877547,-0.1030963435769081,0.999428927898407,0.0232903864234685,0.3662117719650268,0.1415892988443374,0.2997016310691833,0.0180442612618207,0.4049416184425354,-0.082521766424179,0.9436835050582886,-0.023605016991496,0.7291818261146545,0.2045043259859085,0.5216660499572754,-0.0361232049763202,0.7854957580566406,-0.0661095529794693,0.9495705366134644,-0.0235519874840974,0.7743619680404663,0.2031872421503067,0.6585541367530823,-0.0415313765406608,0.827903687953949,-0.0684406757354736,0.8915348649024963,0.0750844106078147,0.7933735251426697,0.1523083448410034,0.6974120736122131,0.0368086993694305,0.8555983304977417,-0.1519376784563064,0.948217749595642
0.1452324390411377,-0.5669630169868469,0.0109961284324526,0.9993706941604614,0.1438776701688766,-0.6047303676605225,0.0168317332863807,0.999180257320404,0.143357366323471,-0.6047486662864685,0.0153538174927234,0.9989595413208008,0.1437405049800872,-0.605158269405365,0.0174405146390199,0.9991919994354248,0.1428328156471252,-0.6013903617858887,-0.0208090897649526,0.999298930168152,0.1450888514518737,-0.6023343205451965,-0.0206880550831556,0.9992496967315674,0.1445889472961425,-0.6012875437736511,-0.0169920995831489,0.9994267821311952,0.0568023808300495,-0.6378508806228638,0.0730908513069152,0.9974936842918396,0.0557934455573558,-0.6160784959793091,-0.0829373076558113,0.9993489384651184,0.0972387716174125,-0.5592122077941895,0.0275532528758049,0.9987504482269288,0.0984465256333351,-0.5515698790550232,-0.0161884203553199,0.9990822672843932,-0.023227646946907,-0.4924946427345276,0.1610832959413528,0.9988178014755248,-0.0310807358473539,-0.4856599867343902,-0.1775042712688446,0.999882161617279,0.0797445252537727,-0.3777861297130584,0.1796934008598327,0.0953567251563072,0.1094129234552383,-0.3813069462776184,-0.1912883222103119,0.9878517389297484,0.1623491942882537,-0.483614057302475,0.0878951251506805,0.1573855131864547,0.1761583089828491,-0.5351022481918335,-0.0446660071611404,0.932555079460144,0.1774775683879852,-0.5303171277046204,0.0826918184757232,0.1608301997184753,0.1842940300703048,-0.5862427949905396,-0.0518398806452751,0.883227527141571,0.1766636371612548,-0.5567160844802856,0.0715443268418312,0.1599811464548111,0.1491868048906326,-0.6099505424499512,-0.0398024246096611,0.8741783499717712,0.1617558002471923,-0.5029703974723816,0.0757675096392631,0.1689573228359222,0.1634681820869445,-0.5518542528152466,-0.0348786488175392,0.837283194065094,0.0116790821775794,0.0020820819772779,0.103737011551857,0.9985390901565552,-0.0123793799430131,-0.0025850599631667,-0.1031887158751487,0.9994433522224426,0.0229922868311405,0.3658983409404754,0.1416515409946441,0.2979960739612579,0.017949441447854,0.4035849571228027,-0.0824709460139274,0.9439413547515868,-0.0239318460226058,0.729048490524292,0.2046573311090469,0.5199412703514099,-0.0365899614989757,0.7839046716690063,-0.0659397915005683,0.9498651027679444,-0.0237317476421594,0.7741748094558716,0.2033823132514953,0.6594414114952087,-0.0419912450015544,0.8262427449226379,-0.0682289600372314,0.8923175930976868,0.0752776488661766,0.7931646108627319,0.1523038744926452,0.6969702839851379,0.0360666960477829,0.853388249874115,-0.1516357511281967,0.9487076997756958
0.1449447274208068,-0.5681834816932678,0.0103128775954246,0.9994153380393982,0.1434832662343979,-0.6060070991516113,0.0161241199821233,0.9992468357086182,0.1429614126682281,-0.606022298336029,0.0146425161510705,0.9990437030792236,0.1433429419994354,-0.6064326763153076,0.0167277120053768,0.9992575645446776,0.1424609869718551,-0.6026686429977417,-0.0215260330587625,0.9993575811386108,0.144718512892723,-0.6036115884780884,-0.0213983859866857,0.9993128180503844,0.1442198902368545,-0.6025630235671997,-0.0176999978721141,0.9994739294052124,0.056350328028202,-0.6383609175682068,0.0722358077764511,0.9977119565010072,0.0554728358983993,-0.616653323173523,-0.0837086290121078,0.9994049668312072,0.0970104336738586,-0.5600321292877197,0.0267634354531765,0.9988428950309752,0.0982085913419723,-0.5524203777313232,-0.0169463325291872,0.9991477727890016,-0.0232162494212389,-0.492423802614212,0.1609438061714172,0.99885892868042,-0.0310325808823108,-0.4859032332897186,-0.1790848523378372,0.9998847842216492,0.0802622586488723,-0.376688152551651,0.1790076941251754,0.0972808972001075,0.1100758239626884,-0.3825013935565948,-0.1940215080976486,0.988085687160492,0.162894144654274,-0.4842754006385803,0.0876626595854759,0.1610063016414642,0.1767104715108871,-0.5377420783042908,-0.0489376336336135,0.9336645007133484,0.1778358072042465,-0.5315611362457275,0.082610584795475,0.164023071527481,0.1850436627864837,-0.5896036624908447,-0.0570834390819072,0.8848748207092285,0.1773872822523117,-0.5582643747329712,0.0710266456007957,0.1630207747220993,0.1499910056591034,-0.6132622361183167,-0.0449212566018104,0.8758102059364319,0.1623965501785278,-0.503898024559021,0.0754159465432167,0.1721877604722976,0.1643936187028885,-0.5546051263809204,-0.0392026342451572,0.8392550945281982,0.0116607844829559,0.0022516422905027,0.1038847267627716,0.9986032247543336,-0.0123598063364624,-0.0027426048181951,-0.1033344790339469,0.9994601607322692,0.0222931578755378,0.3657896220684051,0.1426679790019989,0.2954634130001068,0.017266858369112,0.4025091528892517,-0.0820181146264076,0.9441134333610536,-0.0245190449059009,0.7281920909881592,0.2074232250452041,0.5166582465171814,-0.037859134376049,0.7828308939933777,-0.0646336451172828,0.9500297904014589,-0.0241990946233272,0.7731785774230957,0.2064564824104309,0.6593402028083801,-0.0432877913117408,0.8251610398292542,-0.0668304488062858,0.893096387386322,0.0747565850615501,0.7915699481964111,0.1554260849952697,0.6954792141914368,0.0340877212584018,0.8517677783966064,-0.1494608521461486,0.9491010308265686
0.1445800364017486,-0.5693066120147705,0.0096287215128541,0.9994574785232544,0.1429384648799896,-0.6072258353233337,0.0155851561576128,0.999308466911316,0.1424179524183273,-0.6072361469268799,0.0141031518578529,0.9991216063499452,0.1427991539239883,-0.6076463460922241,0.0161858517676591,0.9993182420730592,0.1419583708047866,-0.6038169860839844,-0.0222809258848428,0.9994117021560668,0.1442177891731262,-0.6047577857971191,-0.0221548900008201,0.9993709921836852,0.1437205225229263,-0.6037087440490723,-0.0184562392532825,0.9995176196098328,0.0552805326879024,-0.6388607025146484,0.0718636363744735,0.9979110956192015,0.054580420255661,-0.6170001029968262,-0.0850068405270576,0.999456524848938,0.0965858995914459,-0.5607883930206299,0.026099344715476,0.9989288449287416,0.0977798849344253,-0.5531321167945862,-0.0178680345416069,0.9992093443870544,-0.023616787046194,-0.4923288524150848,0.160886213183403,0.9988965392112732,-0.0311050936579704,-0.4859185814857483,-0.1815487295389175,0.9998878240585328,0.0793660432100296,-0.3755292892456054,0.1788887083530426,0.0972588658332824,0.1089086458086967,-0.3817678093910217,-0.1983558982610702,0.9882744550704956,0.1623402684926986,-0.4804592728614807,0.0899057909846305,0.1616746187210083,0.1766570657491684,-0.534846305847168,-0.0551636964082717,0.934420883655548,0.1775023192167282,-0.5262854099273682,0.0854925587773323,0.1646789610385894,0.185370996594429,-0.5856789350509644,-0.0640331581234932,0.8859471082687378,0.1770826578140258,-0.5522817373275757,0.072910375893116,0.1636335253715515,0.1509763300418853,-0.6092193722724915,-0.0511523447930812,0.8768137693405151,0.1618936955928802,-0.4995803833007812,0.0773521959781646,0.1730337589979171,0.1647634208202362,-0.5515149235725403,-0.0451533012092113,0.8403657078742981,0.0116607584059238,0.0023279914166778,0.1041659638285636,0.9986688494682312,-0.0123598678037524,-0.0028122139628976,-0.1036114618182182,0.9994811415672302,0.0220591016113758,0.3636839389801025,0.1444131731986999,0.2934501767158508,0.0169619675725698,0.4023630321025848,-0.0816201865673065,0.94461190700531,-0.0245949905365705,0.724230170249939,0.2124724835157394,0.514200747013092,-0.0386474058032035,0.7828094959259033,-0.0623749867081642,0.950378715991974,-0.0242024976760149,0.769024670124054,0.2119566798210144,0.6594933867454529,-0.0440630167722702,0.8251627087593079,-0.0643881633877754,0.8939270377159119,0.0749564468860626,0.7851126790046692,0.1611631363630294,0.694743812084198,0.0333903618156909,0.851617157459259,-0.1468201875686645,0.9496505856513976
0.1446061879396438,-0.5702961683273315,0.0079224919900298,0.999494969844818,0.1429442018270492,-0.6083280444145203,0.0141554158180952,0.9993637204170228,0.1424241811037063,-0.6083337664604187,0.0126732783392071,0.9991912841796876,0.1428054422140121,-0.6087430119514465,0.0147521374747157,0.999372661113739,0.1419668346643448,-0.6048986911773682,-0.0240553431212902,0.9994603395462036,0.1442263722419738,-0.6058367490768433,-0.0239333026111125,0.9994231462478638,0.1437288373708725,-0.6047903895378113,-0.0202358122915029,0.9995568990707396,0.0551855154335498,-0.6393802165985107,0.0708383247256279,0.9980899691581726,0.0544598698616027,-0.6174588203430176,-0.0873878002166748,0.9995027184486388,0.0965989232063293,-0.56146639585495,0.0244959611445665,0.9990044236183168,0.0977846160531044,-0.5538033843040466,-0.0198728796094656,0.999263346195221,-0.0236771237105131,-0.4922893345355987,0.1608103364706039,0.9989213943481444,-0.031079027801752,-0.4859879612922668,-0.1843644380569458,0.9998900294303894,0.0788356885313987,-0.3750817477703094,0.1796410232782364,0.0964399427175521,0.1080910861492157,-0.381995290517807,-0.2019375264644622,0.9883093237876892,0.162069022655487,-0.4795108139514923,0.0954158902168273,0.1607087552547454,0.1767146736383438,-0.5346295833587646,-0.0599079430103302,0.934243381023407,0.1771213263273239,-0.5245941877365112,0.0921545997262001,0.1638456732034683,0.1857708245515823,-0.5847724676132202,-0.0691025778651237,0.8856738805770874,0.1769362241029739,-0.5503092408180237,0.0784289762377739,0.1627942472696304,0.1523370891809463,-0.6082733869552612,-0.0558297708630561,0.8764047622680664,0.1617335826158523,-0.4984082877635956,0.082557275891304,0.1723640114068985,0.1652426570653915,-0.5512090921401978,-0.0497877523303031,0.8397951722145081,0.0116770323365926,0.0023525517899543,0.1046264991164207,0.998725652694702,-0.0123772481456398,-0.0028334481175988,-0.1040681153535842,0.9995010495185852,0.0221318211406469,0.3591833710670471,0.1471331864595413,0.290922611951828,0.0168133750557899,0.402370274066925,-0.0808720514178276,0.94527667760849,-0.0238095689564943,0.7168072462081909,0.2203104943037033,0.5111192464828491,-0.0387483462691307,0.7831094264984131,-0.0592493079602718,0.950932800769806,-0.0231816060841083,0.7614501118659973,0.2203870415687561,0.6595581769943237,-0.0441404059529304,0.8255478143692017,-0.0610207468271255,0.8950759172439575,0.0774080976843833,0.776209831237793,0.1703155189752578,0.6939505338668823,0.0334192439913749,0.851752519607544,-0.143436774611473,0.9503908157348632
0.1443313658237457,-0.5704564452171326,0.007342152763158,0.9995293617248536,0.1426189392805099,-0.6085572242736816,0.0136896846815943,0.999414563179016,0.1421032845973968,-0.6085600852966309,0.0122096519917249,0.9992554187774658,0.1424862593412399,-0.6089683771133423,0.0142847895622253,0.9994226694107056,0.1416716426610946,-0.6051337122917175,-0.0247597862035036,0.9995047450065612,0.1439332664012909,-0.6060696840286255,-0.0246370714157819,0.9994707107543944,0.1434342563152313,-0.605023205280304,-0.0209445804357528,0.9995928406715392,0.0545827373862266,-0.6395248770713806,0.0705754831433296,0.9982529878616332,0.0538445375859737,-0.6176073551177979,-0.088670901954174,0.9995450377464294,0.0962340533733367,-0.5615808963775635,0.0239802431315183,0.9990747570991516,0.0973996818065643,-0.5539184212684631,-0.0206753239035606,0.9993136525154114,-0.0238455440849065,-0.4922152161598205,0.1607912331819534,0.9989461302757264,-0.0313854701817035,-0.4860149621963501,-0.1863820254802703,0.999891996383667,0.0779799669981002,-0.374442458152771,0.17959925532341,0.0956611409783363,0.1077427864074707,-0.3818981349468231,-0.2029652595520019,0.9882987141609192,0.1618157029151916,-0.4775756895542145,0.0951038673520088,0.1599162966012954,0.1768424361944198,-0.5342975854873657,-0.059875551611185,0.9339593648910522,0.1767608821392059,-0.5221932530403137,0.0919667705893516,0.1631477177143097,0.1860631257295608,-0.5837618112564087,-0.0689045861363411,0.8852118253707886,0.1765574663877487,-0.547728955745697,0.0779795125126838,0.1621329635381698,0.1529919058084488,-0.6067106127738953,-0.0557145960628986,0.8757883310317993,0.1613380312919616,-0.4963000118732452,0.0821766331791877,0.1718934029340744,0.1655412465333938,-0.5505325794219971,-0.0497315563261508,0.8388755321502686,0.0117583461105823,0.0023544379509985,0.1050653979182243,0.9987838864326476,-0.0124607337638735,-0.0028299377299845,-0.1045035794377327,0.9995220899581908,0.0238292664289474,0.3496215641498565,0.1500446051359176,0.2879543006420135,0.017221538349986,0.4026833176612854,-0.079428844153881,0.9459562301635742,-0.0188994072377681,0.7016715407371521,0.2275667637586593,0.5065180659294128,-0.0383970290422439,0.7837721109390259,-0.0561879202723503,0.9513236880302428,-0.0174605064094066,0.7458659410476685,0.2282102555036544,0.6584529280662537,-0.043644081801176,0.8263124227523804,-0.0578675419092178,0.8955241441726685,0.0871744006872177,0.758456826210022,0.1792865544557571,0.6921319961547852,0.036095168441534,0.8518696427345276,-0.1407765448093414,0.9509758949279784
0.1431881636381149,-0.5705090761184692,0.007232189644128,0.9995514154434204,0.1412366777658462,-0.6086315512657166,0.0135501604527235,0.999453604221344,0.1407310664653778,-0.6086326837539673,0.0120705682784318,0.999304473400116,0.1411188095808029,-0.6090407967567444,0.0141464993357658,0.9994612336158752,0.1402810513973236,-0.605241060256958,-0.0248739328235387,0.9995394349098206,0.142541617155075,-0.6061765551567078,-0.0247495155781507,0.9995078444480896,0.1420404314994812,-0.6051302552223206,-0.0210562460124492,0.99962055683136,0.0527386665344238,-0.6394867300987244,0.0703387632966041,0.998385488986969,0.0517938621342182,-0.6176515221595764,-0.0887656807899475,0.9995787143707277,0.0950342938303947,-0.5615978837013245,0.023836487904191,0.999120593070984,0.0961355119943618,-0.55394446849823,-0.0207853969186544,0.9993448257446288,-0.0247603934258222,-0.4913028478622436,0.1607726961374282,0.9989452362060548,-0.0323923602700233,-0.4857873618602752,-0.1863721460103988,0.9998912215232848,0.0751346349716186,-0.3717255592346191,0.1794699877500534,0.0944025442004203,0.1073477491736412,-0.3813585042953491,-0.2028199434280395,0.9879767298698424,0.1592625975608825,-0.4699525237083435,0.0949711352586746,0.1578100025653839,0.1774110645055771,-0.5335848331451416,-0.058575440198183,0.9321905374526978,0.1742993146181106,-0.5128579139709473,0.0916914865374565,0.1611486226320266,0.1871053278446197,-0.5829001069068909,-0.0671339258551597,0.8826720714569092,0.1741052418947219,-0.537975013256073,0.0776343792676925,0.1601495295763015,0.15503890812397,-0.6061503887176514,-0.0539887100458145,0.8729912638664246,0.1587146073579788,-0.4880863726139068,0.0820125639438629,0.1700287908315658,0.1664369255304336,-0.5500352382659912,-0.0483594760298728,0.8353742957115173,0.0117903500795364,0.0022935636807233,0.1051464527845382,0.9988232254981996,-0.0124951601028442,-0.0027620876207947,-0.1045847162604332,0.9995375871658324,0.0279761832207441,0.3406029343605041,0.1503855288028717,0.2841807603836059,0.0197951029986143,0.4031071662902832,-0.078960046172142,0.9461758136749268,-0.009926994331181,0.6899303793907166,0.229190781712532,0.5007687211036682,-0.0353332757949829,0.7847602963447571,-0.0556133724749088,0.9514086842536926,-0.0074688335880637,0.7338700890541077,0.2300465553998947,0.656438410282135,-0.0402399562299251,0.8273828625679016,-0.0573165528476238,0.8955987095832825,0.0998961701989173,0.7459271550178528,0.1816813200712204,0.6889645457267761,0.0415917709469795,0.8520879149436951,-0.1405174434185028,0.951166331768036
0.1428077965974807,-0.5705357193946838,0.0071276184171438,0.9995734095573424,0.140597254037857,-0.6087066531181335,0.0134315062314271,0.9994905591011048,0.1400903612375259,-0.6087071299552917,0.0119524421170353,0.9993512630462646,0.140479490160942,-0.609115719795227,0.0140288760885596,0.9994978308677672,0.1395366489887237,-0.6053748726844788,-0.0249769184738397,0.9995715022087096,0.1417969316244125,-0.6063116192817688,-0.0248511228710412,0.9995421767234802,0.1412985920906067,-0.6052637100219727,-0.0211579017341136,0.999646008014679,0.0524075739085674,-0.6394919753074646,0.0701523870229721,0.9985095262527466,0.051206324249506,-0.6177895069122314,-0.0885396748781204,0.9996095299720764,0.0948868840932846,-0.5616011023521423,0.0237157512456178,0.9991672039031982,0.0959241837263107,-0.5539676547050476,-0.0208471603691577,0.9993754625320436,-0.0237923096865415,-0.490236222743988,0.1608009338378906,0.9989604353904724,-0.0323946364223957,-0.4856985509395599,-0.1854021102190017,0.9998898506164552,0.0834061205387115,-0.3705231249332428,0.1746523976325988,0.0964996069669723,0.1114640012383461,-0.3808663785457611,-0.1991143673658371,0.9877475500106812,0.1635019779205322,-0.4699375033378601,0.0791559442877769,0.1612618118524551,0.1797975301742553,-0.5334790945053101,-0.0508263260126113,0.9314200282096864,0.1778279840946197,-0.5143667459487915,0.074406050145626,0.1641069501638412,0.1893293857574463,-0.5836907029151917,-0.0584207884967327,0.8816283345222473,0.1762275546789169,-0.5404725074768066,0.0622214376926422,0.1629728823900222,0.1563998907804489,-0.6071494817733765,-0.0460937246680259,0.8717947602272034,0.1621625870466232,-0.4885867536067962,0.0667691603302955,0.1729073375463485,0.1683938205242157,-0.5500413775444031,-0.0407864786684513,0.833869457244873,0.0118534490466117,0.0023052799515426,0.1051561012864112,0.9988576173782348,-0.0125564765185117,-0.0027716951444745,-0.1045948415994644,0.9995449781417848,0.0288882572203874,0.3415619134902954,0.150406613945961,0.2812114357948303,0.0201572943478822,0.4030820429325104,-0.0786460191011428,0.94601172208786,-0.0085791172459721,0.6925827860832214,0.2282514870166778,0.4972509741783142,-0.0345003679394722,0.7847540378570557,-0.0556229874491691,0.9512426853179932,-0.0060289702378213,0.7366817593574524,0.2289575189352035,0.6559193730354309,-0.0392526686191558,0.8273780345916748,-0.057344801723957,0.8955170512199402,0.1009515821933746,0.7494320273399353,0.1801513731479644,0.6872782111167908,0.0427377596497535,0.8518880009651184,-0.1406023353338241,0.9511489868164062
0.1418696641921997,-0.5710997581481934,0.0071115316823124,0.9995974898338318,0.1392402797937393,-0.6093577146530151,0.013374263420701,0.9995269179344176,0.1387313902378082,-0.6093575358390808,0.0118948547169566,0.9993969798088074,0.1391176879405975,-0.6097669005393982,0.0139708751812577,0.999533712863922,0.1381901651620865,-0.6060897707939148,-0.0249935407191514,0.9996033310890198,0.1404492855072021,-0.6070289611816406,-0.0248661283403635,0.999576210975647,0.1399517953395843,-0.6059780716896057,-0.0211715418845415,0.9996715784072876,0.0510984733700752,-0.639594554901123,0.0700159668922424,0.9986287355422974,0.050016775727272,-0.618066668510437,-0.0884359776973724,0.9996395111083984,0.0941745266318321,-0.5618551969528198,0.0236807875335216,0.9992169141769408,0.0952223986387252,-0.5542859435081482,-0.0208172909915447,0.999409794807434,-0.0238095056265592,-0.4899561703205108,0.1610842496156692,0.998982071876526,-0.0323877669870853,-0.4856922924518585,-0.185025081038475,0.999890685081482,0.0841844379901886,-0.3708148002624511,0.1756252199411392,0.0978289470076561,0.1139828413724899,-0.3814561665058136,-0.1987004578113556,0.987667977809906,0.1642646193504333,-0.4745787978172302,0.0829386562108993,0.1632386893033981,0.1818827986717224,-0.536200225353241,-0.0512838549911975,0.9311262965202332,0.178463339805603,-0.5203786492347717,0.0784871578216552,0.1657206565141677,0.1911917924880981,-0.5870991945266724,-0.0590562485158443,0.8813335299491882,0.1767067462205886,-0.5467936992645264,0.0665503144264221,0.1645010709762573,0.1581128686666488,-0.6102590560913086,-0.0467067994177341,0.8714191317558289,0.1629028767347335,-0.4937261939048767,0.0707264319062233,0.1745760142803192,0.170353427529335,-0.5528057217597961,-0.0412741787731647,0.8334587216377258,0.0118555128574371,0.0023382385261356,0.1051828041672706,0.9988951086997986,-0.0125584378838539,-0.0028007060755044,-0.1046210303902626,0.9995567798614502,0.028774332255125,0.3422081470489502,0.1507493108510971,0.2783907949924469,0.0201150272041559,0.4031082093715668,-0.0782867595553398,0.9458356499671936,-0.0089585706591606,0.6942586302757263,0.2276450842618942,0.4929012954235077,-0.0345746465027332,0.7847806811332703,-0.0554622523486614,0.9511384963989258,-0.0065135792829096,0.7384206056594849,0.2282195091247558,0.654796838760376,-0.0393306389451026,0.8274031281471252,-0.0571805909276008,0.8957589864730835,0.0998739749193191,0.7516025304794312,0.1791719943284988,0.684951901435852,0.0424978286027908,0.8518858551979065,-0.1401374042034149,0.9511986970901488
0.1418727934360504,-0.5721414089202881,0.006937897298485,0.9996190071105956,0.1390439420938491,-0.6104959845542908,0.0131632965058088,0.999558925628662,0.1385340541601181,-0.6104916930198669,0.0116823567077517,0.9994377493858336,0.1389206051826477,-0.6109009981155396,0.0137578081339597,0.9995653033256532,0.1379465758800506,-0.6071815490722656,-0.0251256860792636,0.9996310472488404,0.140206977725029,-0.6081207990646362,-0.0249956753104925,0.9996060132980348,0.1397104263305664,-0.6070704460144043,-0.0213005561381578,0.9996936321258544,0.0508454963564872,-0.6401925086975098,0.0699375867843627,0.998731791973114,0.04965590685606,-0.6186071038246155,-0.088392361998558,0.9996659755706788,0.094222754240036,-0.5626235008239746,0.0235583502799272,0.9992608428001404,0.0952451154589653,-0.5550241470336914,-0.0208575297147035,0.9994402527809144,-0.0234311185777187,-0.4899690747261047,0.1611225455999374,0.9990074634552002,-0.0322698354721069,-0.4856554269790649,-0.1847537606954574,0.9998912811279296,0.0845648497343063,-0.3706717491149902,0.1727568060159683,0.1001645997166633,0.1140910983085632,-0.3812142312526703,-0.1985465884208679,0.9878504872322084,0.1652562022209167,-0.4736610949039459,0.0740566104650497,0.1679406613111496,0.1835682988166809,-0.5361183881759644,-0.0515800528228282,0.932262659072876,0.1796046793460846,-0.5191540718078613,0.0682298094034195,0.1701098382472992,0.1935155689716339,-0.5872995853424072,-0.0591975525021553,0.8829954266548157,0.1779709011316299,-0.5453845858573914,0.055954024195671,0.1687630712985992,0.16104556620121,-0.6112344861030579,-0.0468407571315765,0.8731229305267334,0.1640138626098632,-0.4926867485046386,0.0615496411919593,0.178906112909317,0.1723511666059494,-0.5529977679252625,-0.0415657758712768,0.8354674577713013,0.011860261671245,0.0023580775596201,0.1051728427410125,0.9989330768585204,-0.0125627927482128,-0.0028180403169244,-0.1046117842197418,0.9995649456977844,0.0268943719565868,0.3512599766254425,0.1507929116487503,0.27867391705513,0.0192717444151639,0.4030948579311371,-0.0779728814959526,0.945664405822754,-0.0133363455533981,0.7074491381645203,0.2264820039272308,0.4951458573341369,-0.0357989221811294,0.7845036387443542,-0.0546961389482021,0.9512895345687866,-0.0111324395984411,0.7518083453178406,0.226704865694046,0.657377302646637,-0.040490947663784,0.8270508646965027,-0.0564808025956153,0.8961908221244812,0.0935208052396774,0.7647058367729187,0.1753647923469543,0.6871841549873352,0.0404196605086326,0.8514499664306641,-0.1397907435894012,0.9515008330345154
0.1416879743337631,-0.5730529427528381,0.0059976144693791,0.9996355175971984,0.1385161876678466,-0.6114467978477478,0.0121642630547285,0.9995860457420348,0.1380073279142379,-0.6114397644996643,0.0106840701773762,0.9994722604751588,0.1383950412273407,-0.6118478775024414,0.012758171185851,0.9995920062065125,0.1373141407966613,-0.6080678701400757,-0.0259518232196569,0.9996545314788818,0.1395756751298904,-0.6090064644813538,-0.0258171763271093,0.9996313452720642,0.1390785127878189,-0.6079605221748352,-0.0221204534173011,0.9997122287750244,0.0503292977809906,-0.6407076716423035,0.0693953707814216,0.9988216161727904,0.0487738624215126,-0.618961751461029,-0.088442139327526,0.999688684940338,0.0941854566335678,-0.5633310675621033,0.0228051021695137,0.9992956519126892,0.09514931589365,-0.5556702017784119,-0.021397054195404,0.9994635581970216,-0.0234251320362091,-0.4901323616504669,0.1609829664230346,0.9990192651748656,-0.0322554819285869,-0.4855925142765045,-0.1846894323825836,0.9998904466629028,0.0837751328945159,-0.3705343902111053,0.1712026894092559,0.1010602191090583,0.1144692450761795,-0.3810021579265594,-0.1983482986688614,0.9879023432731628,0.1649187505245208,-0.4725044071674347,0.0729888007044792,0.1691947132349014,0.1861254274845123,-0.534748375415802,-0.0517330653965473,0.9323910474777222,0.1793665587902069,-0.5175233483314514,0.0671909973025322,0.1712854355573654,0.1968518197536468,-0.5854425430297852,-0.0595969930291175,0.883149266242981,0.1778778880834579,-0.5433854460716248,0.0545152425765991,0.1698717623949051,0.1651611924171447,-0.6093748807907104,-0.0472258105874061,0.8732305765151978,0.1637687236070633,-0.4912458658218384,0.0603818893432617,0.1801272928714752,0.175246775150299,-0.5515194535255432,-0.0417519658803939,0.8356513381004333,0.0118645904585719,0.0023669530637562,0.1051204204559326,0.9989609718322754,-0.0125668430700898,-0.0028246105648577,-0.1045610010623931,0.9995706677436828,0.0262040216475725,0.3537337481975555,0.1507464796304702,0.2787727117538452,0.0190557725727558,0.4030286073684692,-0.0777556598186492,0.9454447031021118,-0.0141395349055528,0.7112163305282593,0.2254873514175415,0.4962261319160461,-0.0358485281467437,0.7842463850975037,-0.0539810322225093,0.951379895210266,-0.0119413416832685,0.7556611895561218,0.2255515605211258,0.6590715050697327,-0.0405587516725063,0.8267556428909302,-0.0557769164443016,0.8966176509857178,0.0919175595045089,0.768677830696106,0.1731570959091186,0.6884876489639282,0.0402354151010513,0.8510172367095947,-0.1392210721969604,0.951720893383026
0.1415275186300277,-0.573090672492981,0.0054926862940192,0.9996488690376282,0.1382536590099334,-0.611529529094696,0.0116409687325358,0.9996091723442078,0.1377444863319397,-0.6115220785140991,0.0101601388305425,0.9995017647743224,0.1381333768367767,-0.6119301915168762,0.0122313117608428,0.999614953994751,0.136913388967514,-0.608153760433197,-0.0263215769082307,0.9996741414070128,0.1391761898994445,-0.609092652797699,-0.026185879483819,0.9996522068977356,0.1386813819408416,-0.6080468893051147,-0.0224928222596645,0.999727427959442,0.0502417758107185,-0.6408264636993408,0.0692248195409774,0.9988985657691956,0.0482168979942798,-0.6191062927246094,-0.0883802622556686,0.9997077584266664,0.0941652208566665,-0.5633673071861267,0.0224047340452671,0.999324917793274,0.0950360372662544,-0.5557083487510681,-0.0216075591742992,0.9994826316833496,-0.0227074529975652,-0.4901256263256073,0.1607181131839752,0.9990362524986268,-0.0326499603688716,-0.4854794442653656,-0.1842295229434967,0.9998895525932312,0.0839835405349731,-0.3702104687690735,0.1628089994192123,0.1033397540450096,0.114203542470932,-0.3808477520942688,-0.1980167031288147,0.9879212975502014,0.1653702110052108,-0.4715504646301269,0.0556450188159942,0.173390656709671,0.1870483607053756,-0.5338091850280762,-0.0517926812171936,0.9328600764274596,0.1800395995378494,-0.5167182683944702,0.0484575182199478,0.1751638650894165,0.1985257416963577,-0.5841810703277588,-0.0598219968378543,0.8837535977363586,0.1784333288669586,-0.542620837688446,0.0361133515834808,0.1736427098512649,0.1675123125314712,-0.6081497073173523,-0.0474084578454494,0.8738052248954773,0.1642038822174072,-0.4902363419532776,0.0429722964763641,0.18392014503479,0.1765329986810684,-0.5504899024963379,-0.0418090894818306,0.8362044095993042,0.0120700234547257,0.0023430669680237,0.1049474105238914,0.9989903569221495,-0.0127671798691153,-0.0027968364302068,-0.1043916046619415,0.9995772242546082,0.0263742040842771,0.3534730076789856,0.1503973454236984,0.2786303162574768,0.0189871303737163,0.4031020104885101,-0.0776589065790176,0.9453075528144836,-0.0135912215337157,0.710993766784668,0.2246152013540268,0.4967902302742004,-0.0358390398323535,0.7846719026565552,-0.053820427507162,0.9513373970985411,-0.0112971710041165,0.7554439306259155,0.2246460914611816,0.6600973010063171,-0.0404946021735668,0.8272392153739929,-0.0556569658219814,0.896500289440155,0.09260094165802,0.7683296799659729,0.1716432720422744,0.6892873048782349,0.0401573814451694,0.8512399196624756,-0.1392517536878585,0.9517590403556824
0.1412007212638855,-0.5732611417770386,0.0049198446795344,0.9996654987335204,0.137838676571846,-0.6117991209030151,0.0110453497618436,0.9996339082717896,0.1373287737369537,-0.611790657043457,0.0095619997009634,0.9995331168174744,0.137718915939331,-0.6121988892555237,0.0116273136809468,0.9996393918991088,0.1364144831895828,-0.6084744930267334,-0.0268701519817113,0.9996948838233948,0.1386802494525909,-0.6094132661819458,-0.0267321299761533,0.9996741414070128,0.1381879597902298,-0.6083657741546631,-0.0230457093566656,0.9997438192367554,0.0499832108616828,-0.6410142183303833,0.0688264816999435,0.998976469039917,0.0476285070180892,-0.6195054650306702,-0.0884968712925911,0.999727427959442,0.0939918830990791,-0.5634703636169434,0.0218543801456689,0.9993605613708496,0.0947466194629669,-0.5558504462242126,-0.0220644660294055,0.9995071887969972,-0.0217699483036994,-0.4897910952568054,0.1606631726026535,0.9990615248680116,-0.0330421552062034,-0.4855060577392578,-0.1844252049922943,0.9998899102211,0.0887396112084388,-0.3685322999954223,0.1595658212900161,0.1055986955761909,0.1146711632609367,-0.3807152807712555,-0.1982485800981521,0.9879897236824036,0.1742990463972091,-0.4710537791252136,0.0483509190380573,0.1783200204372406,0.1907839477062225,-0.5360893607139587,-0.0518970787525177,0.9336665868759156,0.19031822681427,-0.5162703394889832,0.04114331305027,0.1797147393226623,0.2031626999378204,-0.5877293348312378,-0.0599779225885868,0.8848697543144226,0.1884625554084777,-0.5423921942710876,0.0287076458334922,0.1781338006258011,0.1720537394285202,-0.6125335693359375,-0.0475018508732318,0.8749126195907593,0.1731927543878555,-0.4897329211235046,0.0355005785822868,0.1885062456130981,0.1803849339485168,-0.5532785654067993,-0.0418790727853775,0.837349534034729,0.0123106585815548,0.0023572375066578,0.104937270283699,0.9990251064300536,-0.0130014475435018,-0.0028088593389838,-0.1043823584914207,0.9995864033699036,0.0272163935005664,0.3503308892250061,0.1506824195384979,0.2779907882213592,0.0190279129892587,0.4030447602272033,-0.07717826962471,0.9454101920127868,-0.0106876324862241,0.7066665291786194,0.2246530055999755,0.4964170455932617,-0.0352221839129924,0.7846778035163879,-0.0529466047883033,0.9512974619865416,-0.0080450810492038,0.7510496973991394,0.2247023284435272,0.6605212092399597,-0.0397185310721397,0.8272529244422913,-0.0548149086534976,0.8961272239685059,0.0967433974146843,0.7627687454223633,0.171823650598526,0.6896076202392578,0.0412244126200675,0.8510957360267639,-0.138934850692749,0.9518142342567444
0.1412303447723388,-0.5721929669380188,0.005098904017359,0.9996745586395264,0.1378525197505951,-0.610855221748352,0.011121017858386,0.999650776386261,0.1373422741889953,-0.610845148563385,0.009634731337428,0.9995549321174622,0.1377327442169189,-0.6112549304962158,0.0117003647610545,0.9996562004089355,0.1364273428916931,-0.6077110767364502,-0.0267226211726665,0.9997088313102722,0.1386936753988266,-0.6086516380310059,-0.0265786778181791,0.9996889233589172,0.1382025480270385,-0.6076000928878784,-0.0228960569947958,0.9997540712356568,0.050021506845951,-0.6404772400856018,0.0687624365091323,0.9990320205688475,0.047690276056528,-0.6194564700126648,-0.0880330577492713,0.9997413158416748,0.0940839573740959,-0.5625752210617065,0.0219467971473932,0.999383509159088,0.0948170945048332,-0.5551634430885315,-0.0218431819230318,0.999521255493164,-0.0202118568122386,-0.4885280728340149,0.1606618762016296,0.9990901350975036,-0.0330843292176723,-0.4847631752490997,-0.1837617307901382,0.999888837337494,0.1035337820649147,-0.362976998090744,0.1477798670530319,0.1106845438480377,0.117100678384304,-0.371785968542099,-0.1976879388093948,0.9880339503288268,0.192118838429451,-0.4678935408592224,0.0161628499627113,0.1886852383613586,0.1938178241252899,-0.521389365196228,-0.050642866641283,0.9345831274986268,0.2090499401092529,-0.5151779651641846,0.0059065474197268,0.1889374256134033,0.2065081447362899,-0.5730288624763489,-0.0585971847176551,0.8860371708869934,0.2046821415424347,-0.5420339107513428,-0.004155823495239,0.1870636641979217,0.1744700968265533,-0.5986854434013367,-0.046465516090393,0.8761001825332642,0.1902738213539123,-0.4873421192169189,0.0036867246963083,0.1974029242992401,0.1832302063703537,-0.5387070178985596,-0.0406651496887207,0.8385303616523743,0.0123409843072295,0.0024259062483906,0.1048601567745208,0.9990494847297668,-0.0130266370251774,-0.0028749383054673,-0.1043069288134574,0.9995845556259156,0.0271926522254943,0.3505597412586212,0.1498799920082092,0.2753923237323761,0.0189831722527742,0.4009228050708771,-0.077628381550312,0.9444553256034852,-0.0106684137135744,0.7076747417449951,0.2186169326305389,0.4947710633277893,-0.0347203575074672,0.7828335762023926,-0.055800512433052,0.9502453207969666,-0.0080026015639305,0.7520269751548767,0.2180713564157486,0.6599929332733154,-0.0390171818435192,0.8253034353256226,-0.0581395626068115,0.8942040801048279,0.0968584269285202,0.7633052468299866,0.1634526550769806,0.688442051410675,0.0420681796967983,0.8472629189491272,-0.1437274515628814,0.9509791135787964
0.1412475556135177,-0.5721555352210999,0.004704734776169,0.9996811747550964,0.1378533989191055,-0.6108354330062866,0.0105741443112492,0.999664843082428,0.1373429745435714,-0.6108249425888062,0.0090811345726251,0.999573290348053,0.1377336829900741,-0.6112348437309265,0.0111448550596833,0.9996702671051024,0.1364024132490158,-0.6077237129211426,-0.0270609334111213,0.9997199177742004,0.138669341802597,-0.6086642742156982,-0.0269130989909172,0.999700367450714,0.1381796598434448,-0.6076127290725708,-0.0232379958033561,0.9997616410255432,0.0501218847930431,-0.6403799653053284,0.0683627948164939,0.9990777969360352,0.0476684123277664,-0.6196074485778809,-0.0879513695836067,0.999752163887024,0.0942210927605629,-0.5624881386756897,0.0215572118759155,0.9994001388549804,0.0948610827326774,-0.5551556348800659,-0.0219997633248567,0.999530553817749,-0.0174923352897167,-0.4874697029590606,0.1601121425628662,0.9991098642349244,-0.0334449224174022,-0.4845053553581238,-0.1831065714359283,0.9998857975006104,0.1106328219175338,-0.3583174347877502,0.133912444114685,0.1156708821654319,0.1176689267158508,-0.3681875169277191,-0.1970647573471069,0.987950563430786,0.2016248106956482,-0.4668975174427032,-0.0099905263632535,0.1996636539697647,0.1966128945350647,-0.5174713730812073,-0.0498853810131549,0.9351406097412108,0.219345822930336,-0.5147932171821594,-0.0221855770796537,0.1990412026643753,0.2101087123155594,-0.5691989064216614,-0.0577320531010627,0.8867284655570984,0.2149149775505066,-0.5415917634963989,-0.0314476191997528,0.1968902796506881,0.1778226345777511,-0.5955839157104492,-0.0458121336996555,0.8767799735069275,0.1998358368873596,-0.4868671298027038,-0.0224998425692319,0.2070692181587219,0.186209425330162,-0.5350669622421265,-0.039942193776369,0.8391217589378357,0.0125898914411664,0.0024597491137683,0.1045819818973541,0.9990699887275696,-0.0132607081905007,-0.0029074717313051,-0.1040354669094085,0.9995805025100708,0.0272772572934627,0.3508429825305938,0.1495080888271331,0.2744591534137726,0.0188847258687019,0.3999025523662567,-0.0776194706559181,0.9435317516326904,-0.0106404870748519,0.7089791297912598,0.2159859240055084,0.4955558478832245,-0.0346956551074981,0.7819687724113464,-0.0558842048048973,0.9493501782417296,-0.0079550314694643,0.7533856630325317,0.2152370512485504,0.6605071425437927,-0.038933340460062,0.8244219422340393,-0.058284755796194,0.8922253251075745,0.0969588384032249,0.7648280262947083,0.1591546386480331,0.6889698505401611,0.0420838668942451,0.8458775877952576,-0.1446355879306793,0.9502257704734802
0.1412282139062881,-0.5722092390060425,0.0033377311192452,0.9996843934059144,0.1376076489686966,-0.6109089255332947,0.0089703956618905,0.9996753334999084,0.1370960921049118,-0.6108969449996948,0.0074664745479822,0.9995871782302856,0.1374907493591308,-0.6113068461418152,0.0095260618254542,0.999680757522583,0.1359862387180328,-0.6078877449035645,-0.0283233225345611,0.9997274875640868,0.1382555961608886,-0.6088293194770813,-0.0281689092516899,0.999707818031311,0.1377705335617065,-0.6077758073806763,-0.0245037823915481,0.9997658729553224,0.0500293485820293,-0.6403147578239441,0.0673980861902237,0.9991117119789124,0.0470199547708034,-0.61978679895401,-0.087963230907917,0.9997596740722656,0.09431042522192,-0.5624890923500061,0.0204019080847501,0.9994101524353028,0.0948694720864296,-0.5551785230636597,-0.0227377787232399,0.99953430891037,-0.0153405247256159,-0.4868901669979095,0.1589580923318863,0.9991277456283568,-0.0338674262166023,-0.4839330911636352,-0.1826263964176178,0.9998810887336732,0.1166646629571914,-0.3566182553768158,0.120001345872879,0.1222060620784759,0.1189546138048172,-0.3647356927394867,-0.1963355988264084,0.987837553024292,0.2083182036876678,-0.4650445878505707,-0.0355971343815326,0.2132890969514846,0.2012782394886016,-0.510491669178009,-0.0487462803721427,0.935731053352356,0.2263971418142318,-0.5139841437339783,-0.050091803073883,0.2114593684673309,0.2158265560865402,-0.5613324642181396,-0.0565484054386615,0.8874714970588684,0.2208209782838821,-0.5410886406898499,-0.0584680214524269,0.2089778333902359,0.1834214478731155,-0.5882179737091064,-0.0449710749089717,0.8775281310081482,0.206099048256874,-0.4851671159267425,-0.048099260777235,0.2190013378858566,0.1911414265632629,-0.5280241966247559,-0.0388811752200126,0.8397637009620667,0.012849973514676,0.0024670560378581,0.1041448786854744,0.9990905523300172,-0.0135059412568807,-0.0029135246295481,-0.103607527911663,0.9995762705802916,0.0279295723885297,0.3508697152137756,0.1491454392671585,0.2732144296169281,0.018792675808072,0.3990113139152527,-0.077482134103775,0.9422494173049928,-0.0101472567766904,0.7089897394180298,0.2153902053833007,0.4954357147216797,-0.0346849001944065,0.7813301086425781,-0.0557142570614814,0.9483197927474976,-0.0073295808397233,0.7533833384513855,0.2147172838449478,0.6605961918830872,-0.0388325899839401,0.8237622976303101,-0.0581836774945259,0.8898599743843079,0.0980515703558921,0.7648820877075195,0.1583119332790374,0.6887592673301697,0.0421647168695926,0.8443134427070618,-0.1449446231126785,0.9492756128311156
0.1412050426006317,-0.5715370178222656,0.0027635474689304,0.9996932744979858,0.1375490874052047,-0.6103631258010864,0.0083539150655269,0.9996894001960754,0.1370377540588379,-0.6103495955467224,0.0068499795161187,0.9996054172515868,0.1374333947896957,-0.6107602715492249,0.0089079942554235,0.9996949434280396,0.1359131038188934,-0.6073514223098755,-0.0289460308849811,0.9997387528419496,0.1381837129592895,-0.6082926392555237,-0.0287897679954767,0.9997194409370422,0.1377002596855163,-0.6072397232055664,-0.025130333378911,0.9997740387916564,0.0499307140707969,-0.640171229839325,0.0668580308556556,0.999153733253479,0.046906754374504,-0.6197118759155273,-0.0882281735539436,0.9997702836990356,0.0943154171109199,-0.5620131492614746,0.0198354329913854,0.9994285106658936,0.0948564037680625,-0.5547140836715698,-0.0232700705528259,0.9995459318161012,-0.0154237281531095,-0.4867865443229675,0.158407524228096,0.9991530776023864,-0.0340159498155117,-0.4829480051994324,-0.1826980710029602,0.9998798966407776,0.1142159104347229,-0.3545116484165191,0.1213772371411323,0.1263324469327926,0.1193583086133003,-0.3588441610336303,-0.1962599158287048,0.9879155158996582,0.2100633829832077,-0.456107348203659,-0.025991566479206,0.2215380817651748,0.206304520368576,-0.4980674088001251,-0.0473300516605377,0.93645977973938,0.2294978946447372,-0.504676342010498,-0.0384011827409267,0.2188526093959808,0.2224635034799575,-0.5477318167686462,-0.0548921860754489,0.8881976008415222,0.2251259088516235,-0.530998945236206,-0.0482456795871257,0.2161883562803268,0.190618097782135,-0.5752432346343994,-0.0430970452725887,0.8782523274421692,0.2087089419364929,-0.4754949510097503,-0.0387383587658405,0.2261835634708404,0.1967838108539581,-0.515605628490448,-0.0372646786272525,0.8403288722038269,0.0128507008776068,0.0024578357115387,0.1040636003017425,0.9991087317466736,-0.0135036371648311,-0.0029028048738837,-0.1035283282399177,0.9995742440223694,0.0279112048447132,0.3515414893627167,0.1491453051567077,0.2732590734958648,0.0187573600560426,0.3987327516078949,-0.0772468224167823,0.9419012665748596,-0.0102072199806571,0.7107076048851013,0.2154665291309356,0.497408777475357,-0.0346323661506176,0.781032383441925,-0.0548282675445079,0.9479106068611144,-0.0074073197320103,0.7551332712173462,0.2148011922836303,0.6619213223457336,-0.0387282818555831,0.8234413862228394,-0.0573182255029678,0.8886816501617432,0.0979734733700752,0.7662293910980225,0.1584577560424804,0.6900488138198853,0.0421999469399452,0.8436946868896484,-0.1446655243635177,0.9489102363586426
0.1408419460058212,-0.5713161826133728,0.0010656549129635,0.999699056148529,0.1370548456907272,-0.6102384924888611,0.0067845964804291,0.9997000098228456,0.13654525578022,-0.6102239489555359,0.0052787950262427,0.999619483947754,0.1369454711675644,-0.6106345057487488,0.0073306569829583,0.9997059106826782,0.1352343410253524,-0.6072304248809814,-0.03056550770998,0.999747097492218,0.1375068426132202,-0.6081712245941162,-0.0304143857210874,0.9997279047966005,0.1370247900485992,-0.6071181893348694,-0.0267630666494369,0.9997798204421996,0.0493381284177303,-0.6401390433311462,0.0659962967038154,0.9991857409477234,0.045441560447216,-0.6197150945663452,-0.0888943299651146,0.9997786283493042,0.0940768420696258,-0.5618131756782532,0.0184116996824741,0.999441146850586,0.0943928658962249,-0.5545246601104736,-0.0247088223695755,0.999553680419922,-0.0154895186424255,-0.48659548163414,0.1579771041870117,0.9991730451583862,-0.0355454199016094,-0.4822337627410888,-0.1830536127090454,0.9998785257339478,0.1127503588795661,-0.3524273335933685,0.1221325695514679,0.1290915161371231,0.1190896406769752,-0.3526335656642914,-0.1965354233980178,0.9879062175750732,0.2138869613409042,-0.4493565857410431,-0.0236923247575759,0.2281628400087356,0.2116755843162536,-0.4829233586788177,-0.0474279522895813,0.9369460940361024,0.2347864657640457,-0.4968851506710052,-0.0356662049889564,0.2249390184879303,0.2298622578382492,-0.529758870601654,-0.055032305419445,0.8886896967887878,0.2318541258573532,-0.5230555534362793,-0.0465973988175392,0.2222224622964859,0.2005562782287597,-0.557754635810852,-0.0431846641004085,0.8787418007850647,0.2134109437465667,-0.4683162271976471,-0.0368688143789768,0.2322403043508529,0.2036124616861343,-0.5001276731491089,-0.0373355150222778,0.8405758142471313,0.0131126269698143,0.0024397782981395,0.1039751172065734,0.9991265535354614,-0.0137588856741786,-0.0028839556034654,-0.1034432873129844,0.9995744824409484,0.0288707464933395,0.3508731424808502,0.1495203971862793,0.274011492729187,0.018726285547018,0.3988091349601745,-0.0765307396650314,0.9417638778686525,-0.007329317741096,0.710149884223938,0.2170687764883041,0.4998118877410888,-0.0345386043190956,0.7810366153717041,-0.0519717037677764,0.9476435780525208,-0.0041336575523018,0.7545892000198364,0.2165784388780594,0.663002610206604,-0.0385540090501308,0.8234462141990662,-0.0543692223727703,0.8874515891075134,0.1020611524581909,0.7652574777603149,0.1595726013183593,0.6916459798812866,0.0422893278300762,0.8437345623970032,-0.143181711435318,0.9486604928970336
0.1400278806686401,-0.5708599090576172,-0.003635486587882,0.999707281589508,0.1363902688026428,-0.6098695993423462,0.002580989152193,0.999710977077484,0.1358856856822967,-0.6098543405532837,0.0010776952840387,0.9996337294578552,0.1362875550985336,-0.6102637052536011,0.0031275623477995,0.999717652797699,0.1345701664686203,-0.6068047881126404,-0.0353345684707164,0.999756932258606,0.1368445605039596,-0.6077439188957214,-0.0351862348616123,0.9997383952140808,0.1363605707883834,-0.6066954731941223,-0.0315306261181831,0.99978768825531,0.0480654202401638,-0.640102744102478,0.0628537237644195,0.9992179870605468,0.0442945286631584,-0.6195921897888184,-0.0939748063683509,0.9997873306274414,0.0929958149790763,-0.5615174174308777,0.0141105633229017,0.999455749988556,0.0932018384337425,-0.554169774055481,-0.0297159068286418,0.999563217163086,-0.0199638400226831,-0.4865867793560028,0.1566136330366134,0.9991955757141112,-0.0364004522562027,-0.4808232188224792,-0.1865986734628677,0.9998795390129088,0.1121764183044433,-0.3497394919395447,0.1229352355003357,0.1311131566762924,0.1193523555994033,-0.3447723090648651,-0.2001758366823196,0.9880614876747132,0.2169263064861297,-0.4323771595954895,-0.020090902224183,0.2325023561716079,0.2210602164268493,-0.4627386033535003,-0.0546364374458789,0.9375112652778624,0.2391218245029449,-0.4769890606403351,-0.0316978804767131,0.2288088500499725,0.2407504171133041,-0.5073963403701782,-0.0639898926019668,0.8892086148262024,0.2376212030649185,-0.5018179416656494,-0.0400884374976158,0.2261413186788559,0.2124336957931518,-0.5360186100006104,-0.0513947643339633,0.8793452382087708,0.2175909280776977,-0.4501085877418518,-0.032179694622755,0.2361178398132324,0.2141402214765548,-0.479885995388031,-0.0444399639964103,0.8410578370094299,0.0129243396222591,0.0021894164383411,0.1041762605309486,0.9991417527198792,-0.0135668255388736,-0.0026302332989871,-0.1036462560296058,0.9995778799057008,0.0287058968096971,0.3502455353736877,0.1537339091300964,0.2743757665157318,0.0188848674297332,0.39959716796875,-0.075143001973629,0.9419192671775818,-0.0075604058802127,0.7091732621192932,0.2276089936494827,0.5019019842147827,-0.0345132462680339,0.7809751033782959,-0.0459802784025669,0.9479662775993348,-0.0044076167978346,0.7535573840141296,0.2276348620653152,0.6649897694587708,-0.0385401546955108,0.8233069777488708,-0.0478540956974029,0.8878089785575867,0.1018053367733955,0.7631529569625854,0.170929878950119,0.6939170956611633,0.0422713570296764,0.8433886170387268,-0.1366264671087265,0.9491092562675476
0.1383336931467056,-0.5689687728881836,-0.0052381865680217,0.9997218251228333,0.1351913511753082,-0.6082183122634888,0.0013266785535961,0.999727189540863,0.1346953213214874,-0.6082047820091248,-0.0001706960320007,0.999653935432434,0.1350965499877929,-0.6086102724075317,0.001883803633973,0.9997339844703674,0.1335053443908691,-0.6049017906188965,-0.0370112098753452,0.9997712969779968,0.1357823610305786,-0.6058355569839478,-0.0368717312812805,0.9997535943984984,0.1352952420711517,-0.604801595211029,-0.0332105532288551,0.999799907207489,0.0461260601878166,-0.6398855447769165,0.0617782548069953,0.9992631673812866,0.042985450476408,-0.6188175678253174,-0.0968900248408317,0.9997995495796204,0.0907383188605308,-0.5603682398796082,0.0126444930210709,0.9994797110557556,0.0910173431038856,-0.5527702569961548,-0.0317709371447563,0.9995813369750975,-0.0284126084297895,-0.486790657043457,0.1560692340135574,0.9992209672927856,-0.037158079445362,-0.4794693291187286,-0.1891161203384399,0.9998833537101746,0.0978602319955825,-0.3483732640743255,0.1349393725395202,0.1299552619457245,0.1193353608250618,-0.3400776982307434,-0.204668715596199,0.9882245659828186,0.2140489369630813,-0.4171964228153229,0.0155874965712428,0.2307236939668655,0.230839341878891,-0.4488663673400879,-0.0644365027546882,0.9376404285430908,0.2360195517539978,-0.4582670927047729,0.0085759637877345,0.2272502779960632,0.2523012459278106,-0.4914486408233642,-0.0754687190055847,0.8889948129653931,0.2357939034700393,-0.4808465838432312,-0.0067069078795611,0.2247564196586609,0.2260855287313461,-0.5200848579406738,-0.0612813048064708,0.8791598677635193,0.2149551808834076,-0.4332979023456573,0.0017395245376974,0.2347344011068344,0.2253554314374923,-0.4657110571861267,-0.0538567751646041,0.8405596017837524,0.0124501856043934,0.0016616244101896,0.1046749129891395,0.9991620779037476,-0.0130977164953947,-0.0020939216483384,-0.1041424944996833,0.9995907545089722,0.0299539901316165,0.3443115055561065,0.157209038734436,0.2767815887928009,0.0187467578798532,0.4007863402366638,-0.07412950694561,0.943171203136444,-0.0063493098132312,0.702728807926178,0.2398534715175628,0.5056601762771606,-0.0350363217294216,0.7816584706306458,-0.0413993671536445,0.949294090270996,-0.0033545205369591,0.7472375631332397,0.2406978905200958,0.6681810617446899,-0.0391880832612514,0.8239920735359192,-0.0428002662956714,0.889927327632904,0.1041431277990341,0.7560293078422546,0.1862885653972625,0.6976408958435059,0.0417569056153297,0.8437294960021973,-0.1307956129312515,0.9504053592681884
0.1370394974946975,-0.5675977468490601,-0.0067755547352135,0.9997366666793824,0.1337581872940063,-0.607029914855957,-0.0001174623685074,0.9997437000274658,0.1332709789276123,-0.6070148348808289,-0.0016155035700649,0.9996744394302368,0.1336712688207626,-0.607417106628418,0.000434980756836,0.9997507333755492,0.1322934031486511,-0.6035301089286804,-0.0386192873120307,0.9997851252555848,0.1345709413290023,-0.6044601798057556,-0.0384952016174793,0.9997676610946656,0.1340842694044113,-0.6034350395202637,-0.0348292253911495,0.9998114705085754,0.0437946058809757,-0.6395387649536133,0.0601798072457313,0.9993079900741576,0.041593249887228,-0.6178898811340332,-0.0989057794213295,0.999810755252838,0.0892372950911521,-0.5593649744987488,0.0112294666469097,0.9995049238204956,0.0896775647997856,-0.5515498518943787,-0.033372938632965,0.9995997548103333,-0.034767746925354,-0.4869460463523865,0.1536726057529449,0.9992581009864808,-0.0372606143355369,-0.4780854284763336,-0.1899144351482391,0.9998880624771118,0.0806652903556823,-0.3463850319385528,0.1353598833084106,0.1297154873609542,0.1196551769971847,-0.3370210528373718,-0.2062742114067077,0.9882948994636536,0.2117719948291778,-0.3994061350822449,0.0162102859467268,0.2309135347604751,0.2451239675283432,-0.4375174939632416,-0.070127747952938,0.9377458691596984,0.2347789704799652,-0.4366494119167328,0.0090102944523096,0.2276996672153473,0.2692517340183258,-0.478652685880661,-0.0823859572410583,0.8888756036758423,0.23319773375988,-0.4571543335914612,-0.0065785977058112,0.2253791838884353,0.2452118843793869,-0.5082924962043762,-0.0673421546816825,0.8791278004646301,0.2142717689275741,-0.4138621389865875,0.0021288262214511,0.2353643476963043,0.2412966787815094,-0.4544553458690643,-0.0593886077404022,0.8401607275009155,0.0120194982737302,0.0008094458607956,0.1047229319810867,0.999197781085968,-0.0126676969230175,-0.0012336387299001,-0.1041906774044036,0.9996119141578674,0.039361722767353,0.3266240656375885,0.1607133150100708,0.2794395983219147,0.0191473104059696,0.4019288122653961,-0.070358470082283,0.9445126056671144,0.0151261175051331,0.6740988492965698,0.2581664025783539,0.5079895853996277,-0.0349746495485305,0.7833382487297058,-0.0288383886218071,0.9506895542144777,0.0197448134422302,0.7177529335021973,0.2608501017093658,0.6699879765510559,-0.0391074120998382,0.8258765935897827,-0.0292789917439222,0.891596257686615,0.1332678794860839,0.7238852977752686,0.2098417282104492,0.7006721496582031,0.0425063595175743,0.8442978262901306,-0.117242120206356,0.9516947865486144
0.1364876329898834,-0.567491888999939,-0.0068759727291762,0.9997513294219972,0.132986694574356,-0.6069573760032654,-0.0001891839347081,0.9997594356536864,0.1325056999921798,-0.6069420576095581,-0.0016864413628354,0.9996938109397888,0.1329030245542526,-0.6073437929153442,0.0003663036332,0.9997665882110596,0.1316689699888229,-0.6034123301506042,-0.0386703312397003,0.99979829788208,0.1339436918497085,-0.6043432950973511,-0.038549855351448,0.9997810125350952,0.133458599448204,-0.6033215522766113,-0.0348803736269474,0.9998226165771484,0.042335607111454,-0.6395071744918823,0.0599375963211059,0.9993494749069214,0.0408311933279037,-0.6176711320877075,-0.0989737659692764,0.9998213052749634,0.0885993018746376,-0.5592435598373413,0.0111250914633274,0.9995288848876952,0.089140273630619,-0.5513724088668823,-0.0334588885307312,0.9996176958084106,-0.0389266461133956,-0.4868743419647217,0.1531718224287033,0.999294638633728,-0.0371086522936821,-0.4774291217327118,-0.189833179116249,0.9998932480812072,0.0647605285048484,-0.3355017304420471,0.141263723373413,0.1283465176820755,0.1196197196841239,-0.3333407342433929,-0.2075068354606628,0.9885334968566896,0.2072061747312545,-0.3727297186851501,0.031403612345457,0.2289330959320068,0.256101131439209,-0.4326113760471344,-0.0784573629498481,0.9383774995803832,0.2336858510971069,-0.4075485467910766,0.0243202187120914,0.2262662947177887,0.2822842299938202,-0.4754618108272552,-0.092375747859478,0.8895402550697327,0.2313922345638275,-0.4282637536525726,0.0062235817313194,0.2241061180830001,0.2601210474967956,-0.5071824193000793,-0.0759700313210487,0.8799231648445129,0.2127463221549987,-0.3865978419780731,0.0166950263082981,0.2340810000896453,0.253661572933197,-0.4506473243236542,-0.0674869492650032,0.8409489989280701,0.0113062476739287,0.000465341610834,0.1047272607684135,0.999224841594696,-0.0119608622044324,-0.0008839347283355,-0.1041954457759857,0.9996286630630492,0.0402502566576004,0.3245730996131897,0.1614175140857696,0.2847202718257904,0.0181241184473037,0.4025590419769287,-0.0690177455544471,0.94549161195755,0.0144544942304492,0.6776619553565979,0.2577552199363708,0.5153015851974487,-0.0373034216463565,0.7844297885894775,-0.0249755345284938,0.9519870281219482,0.0187511593103408,0.7217758297920227,0.2600663602352142,0.6750031113624573,-0.0414834842085838,0.8271005153656006,-0.0252537950873374,0.8930771946907043,0.1321648806333542,0.7287530303001404,0.2077826261520385,0.7066498398780823,0.0414269343018531,0.8449866771697998,-0.1134999692440033,0.952885091304779
0.1365833878517151,-0.5676136612892151,-0.0154018085449934,0.999760627746582,0.1329900473356247,-0.6071118116378784,-0.0086785508319735,0.999766170978546,0.1325101256370544,-0.6070922017097473,-0.0101645682007074,0.999707579612732,0.1329076141119003,-0.6074933409690857,-0.0080865090712904,0.9997751116752625,0.1316829919815063,-0.6035823822021484,-0.0471504069864749,0.9998025298118592,0.1339558660984039,-0.6045119762420654,-0.0470480471849441,0.9997894763946532,0.1334691047668457,-0.6034976243972778,-0.0433096028864383,0.9998265504837036,0.0417182222008705,-0.6396466493606567,0.0516742393374443,0.999382495880127,0.0405193604528903,-0.6178769469261169,-0.1072782054543495,0.999830961227417,0.0886291712522506,-0.559352695941925,0.0029908614233136,0.9995300769805908,0.0891702994704246,-0.5515029430389404,-0.0417192466557025,0.9996148347854614,-0.042493674904108,-0.4867675006389618,0.1480399519205093,0.9993202686309814,-0.0367505811154842,-0.4785651564598083,-0.1969750076532364,0.999900221824646,0.0213869027793407,-0.3008797466754913,0.1543330997228622,0.1233892142772674,0.0931754857301712,-0.3296908140182495,-0.2125378996133804,0.9892235994338988,0.1741169691085815,-0.2647224068641662,0.0657856538891792,0.2194167375564575,0.2536855041980743,-0.4020271003246307,-0.0879340022802352,0.9413853883743286,0.2073500007390976,-0.2765917479991913,0.0607632063329219,0.2178528010845184,0.2745091915130615,-0.4357356429100036,-0.102473460137844,0.8941327333450317,0.2135240733623504,-0.2940391898155212,0.0363142825663089,0.2159963995218277,0.2499206066131591,-0.4690368473529815,-0.0873438343405723,0.8849533796310425,0.1821565628051757,-0.2728021442890167,0.0492690689861774,0.2261460125446319,0.2473677098751068,-0.4185312688350677,-0.0772340223193168,0.8468942046165466,0.0110759111121296,0.0004105585394427,0.1047739535570144,0.9992574453353882,-0.0117358276620507,-0.0008270079270005,-0.1042484790086746,0.9996486902236938,0.0443010441958904,0.3044297397136688,0.1764439642429351,0.3136690258979797,0.012705965898931,0.4098055362701416,-0.0676883980631828,0.94924658536911,0.0206236615777015,0.6767166256904602,0.2758134305477142,0.5431848764419556,-0.0468173399567604,0.7829118967056274,-0.0163126327097415,0.9554457664489746,0.0251221694052219,0.7225450277328491,0.2774992883205414,0.6951181888580322,-0.0512757822871208,0.8247002363204956,-0.0153784779831767,0.9007473587989808,0.1451781690120697,0.7309432625770569,0.2288169711828231,0.7234037518501282,0.0353390015661716,0.8447443246841431,-0.1021492928266525,0.9559550285339355
0.1358017325401306,-0.5678237676620483,-0.0211373213678598,0.9997603893280028,0.1310131847858429,-0.6074044704437256,-0.01407359726727,0.9997610449790956,0.1305573731660843,-0.6073793172836304,-0.0155806932598352,0.999707818031311,0.1309551298618316,-0.6077806353569031,-0.0135052343830466,0.999774158000946,0.1292594075202942,-0.6038514971733093,-0.0520803518593311,0.9997962713241576,0.1315080374479293,-0.6047841310501099,-0.0519970580935478,0.9997871518135072,0.13100665807724,-0.6037747263908386,-0.0482258684933185,0.9998215436935424,0.038893349468708,-0.6396423578262329,0.0480196923017501,0.9993823170661926,0.0354242473840713,-0.6178710460662842,-0.1089976727962493,0.9998303055763244,0.0881741419434547,-0.5593738555908203,-0.0017959926044568,0.9995059967041016,0.0883921906352043,-0.5515297651290894,-0.0459507368505001,0.9995888471603394,-0.0429240316152572,-0.4851920008659363,0.1468660682439804,0.9993407726287842,-0.0374196656048297,-0.4779494702816009,-0.1967376172542572,0.9999047517776488,0.0222111586481332,-0.2857124209403991,0.1643492877483368,0.120456226170063,0.082566425204277,-0.3099198043346405,-0.2133278995752334,0.9896897077560424,0.1762181669473648,-0.2419308573007583,0.0796799063682556,0.2144884914159774,0.2482029795646667,-0.3545293807983398,-0.1016369238495826,0.9434502124786376,0.2076277434825897,-0.2527521252632141,0.0737802013754844,0.2139855325222015,0.272686630487442,-0.3824340105056762,-0.1194466575980186,0.8973354697227478,0.2163299024105072,-0.2702946960926056,0.0484099313616752,0.2123786509037017,0.2580773830413818,-0.4178137183189392,-0.1042034029960632,0.8885424137115479,0.1833086609840393,-0.249854102730751,0.0626969262957573,0.2226350754499435,0.2455542981624603,-0.3708358108997345,-0.0915491208434104,0.8511251211166382,0.0110578974708914,0.0003620109637267,0.104715384542942,0.9992656111717224,-0.0117183504626154,-0.0007811548421159,-0.1041975915431976,0.9996584057807922,0.0439244993031024,0.3038854598999023,0.1759199500083923,0.3313693404197693,0.0111251482740044,0.4115363955497741,-0.0677500143647193,0.9517656564712524,0.0185702331364154,0.6785690188407898,0.2730421125888824,0.5636595487594604,-0.0482789352536201,0.782479465007782,-0.0164699386805295,0.9581103920936584,0.0228378325700759,0.7244529128074646,0.2745167911052704,0.7100723385810852,-0.0525455027818679,0.8240287899971008,-0.0155592141672968,0.9065583348274232,0.1404830366373062,0.7329064011573792,0.2233143150806427,0.7363135814666748,0.0324060916900634,0.8450256586074829,-0.1036067381501197,0.9583315253257751
0.1355294585227966,-0.5672448873519897,-0.0239141378551721,0.9997460842132568,0.1303764283657074,-0.6070244312286377,-0.0168612711131572,0.9997392296791076,0.1299309432506561,-0.606995701789856,-0.0183891989290714,0.999692440032959,0.1303286403417587,-0.6073987483978271,-0.0163213983178138,0.999760627746582,0.1283479630947113,-0.6034862995147705,-0.054487906396389,0.9997735619544984,0.130581185221672,-0.6044237017631531,-0.0544203482568264,0.9997707605361938,0.130073606967926,-0.6034185290336609,-0.0506335496902465,0.9998025298118592,0.0384018793702125,-0.6393470764160156,0.0456079058349132,0.9993524551391602,0.033779352903366,-0.6176514625549316,-0.1097025796771049,0.9998188614845276,0.088120549917221,-0.5586809515953064,-0.0042925281450152,0.9994444847106934,0.0881733894348144,-0.5509240031242371,-0.0479541830718517,0.999525547027588,-0.0424338541924953,-0.4829253554344177,0.1457807570695877,0.9993519186973572,-0.0375943332910537,-0.4774087369441986,-0.1964869201183319,0.999908208847046,0.0231320094317197,-0.2712132632732391,0.1690560728311538,0.1174157112836837,0.0760576054453849,-0.2978023886680603,-0.2131008505821228,0.9900350570678712,0.1777253597974777,-0.2141916006803512,0.0858505740761756,0.2090199589729309,0.2449756264686584,-0.3310951292514801,-0.1079978570342063,0.9449423551559448,0.2089633643627166,-0.2217243909835815,0.0803273990750312,0.2096133977174759,0.2714991569519043,-0.3570017516613006,-0.1269731074571609,0.8996706604957581,0.2197559177875518,-0.2396057397127151,0.0544620305299758,0.2082415521144867,0.2611632049083709,-0.3938288986682892,-0.1113489121198654,0.8912230134010315,0.1835335493087768,-0.2216999530792236,0.0688060224056243,0.2184942960739135,0.2444491237401962,-0.3475508987903595,-0.0981297343969345,0.8541763424873352,0.0110312076285481,0.0003454314137343,0.1046058759093284,0.9992510676383972,-0.0116925314068794,-0.0007668315083719,-0.1040990129113197,0.9996598958969116,0.0441331341862678,0.3015927374362945,0.175322949886322,0.3438756465911865,0.0110650742426514,0.4127207100391388,-0.0686016753315925,0.9539130330085754,0.0189411584287881,0.6784994006156921,0.270857572555542,0.5796334743499756,-0.047853697091341,0.7812594771385193,-0.0181129891425371,0.9603339433670044,0.02331986092031,0.7248913645744324,0.2721701860427856,0.7225091457366943,-0.0521097220480442,0.8223587274551392,-0.0173947662115097,0.9118449091911316,0.1397043466567993,0.7343146800994873,0.2204865366220474,0.7461977601051331,0.0324376337230205,0.8448640704154968,-0.1052437350153923,0.9602683186531068
0.1343382894992828,-0.5689243078231812,-0.0348063595592975,0.9997448921203612,0.1278913617134094,-0.6089617013931274,-0.0275959018617868,0.9997290968894958,0.1274693012237548,-0.6089224815368652,-0.0291576944291591,0.9996898174285888,0.1278814524412155,-0.6093236207962036,-0.0270874910056591,0.9997542500495912,0.1257076263427734,-0.6054972410202026,-0.065232865512371,0.9997636675834656,0.1279211044311523,-0.6064398884773254,-0.0652017369866371,0.9997679591178894,0.1273914575576782,-0.6054400205612183,-0.0613974034786224,0.9997953176498412,0.0349741540849208,-0.6395850777626038,0.0356702730059623,0.999350607395172,0.0297929923981428,-0.6179590821266174,-0.1195815205574035,0.9998204708099364,0.0872333198785781,-0.5593328475952148,-0.0149439871311187,0.9994176030158995,0.0870972871780395,-0.5516307353973389,-0.0585605576634407,0.9995067715644836,-0.0419836454093456,-0.4820035398006439,0.1397934556007385,0.9993622303009032,-0.0392146781086921,-0.4764090180397033,-0.2011533230543136,0.999913454055786,0.0231590382754802,-0.2768836617469787,0.1722490042448043,0.1152051165699958,0.0587313957512378,-0.2878001630306244,-0.219069242477417,0.9904329776763916,0.1820191890001297,-0.2389435321092605,0.0930831655859947,0.2051136940717697,0.242947056889534,-0.3075231313705444,-0.1243356615304946,0.9468176960945128,0.2184012234210968,-0.2501735985279083,0.0878879949450492,0.2064189165830612,0.2688784599304199,-0.3258724510669708,-0.144208550453186,0.9026612043380736,0.2323591858148574,-0.268697440624237,0.0609373860061168,0.2052765637636184,0.2609205543994903,-0.3631371259689331,-0.1293754428625106,0.8945692181587219,0.1915647238492965,-0.2475276589393615,0.075572021305561,0.2153579145669937,0.2419959604740142,-0.3231346011161804,-0.1146792098879814,0.8580117225646973,0.0114350374788045,0.0002116636023856,0.1047270819544792,0.9992492198944092,-0.0121153621003031,-0.0006415094831027,-0.1042314618825912,0.999671220779419,0.0482517592608928,0.2862388789653778,0.1935767084360122,0.3637374341487884,0.0106235798448324,0.4144697487354278,-0.072991743683815,0.9569593667984008,0.0232750885188579,0.6605930328369141,0.3088606894016266,0.5975741744041443,-0.0492020659148693,0.7808913588523865,-0.019289007410407,0.963169813156128,0.0279222726821899,0.7082870602607727,0.3120770454406738,0.7371793985366821,-0.0533937439322471,0.8219428062438965,-0.0187288708984851,0.9182126522064208,0.1502535194158554,0.7213847041130066,0.2668286859989166,0.7574025392532349,0.0325769148766994,0.8451711535453796,-0.1065493375062942,0.9628517031669616
0.1374323815107345,-0.5718995928764343,-0.0414255186915397,0.9997525811195374,0.1285483837127685,-0.6120321154594421,-0.0343276411294937,0.9997352361679076,0.1281428039073944,-0.611975371837616,-0.0358903519809246,0.9996985793113708,0.1285599321126938,-0.6123710870742798,-0.0338530763983726,0.9997608065605164,0.1268658190965652,-0.6083511710166931,-0.0725867226719856,0.9997670650482178,0.129066914319992,-0.6093020439147949,-0.0726039558649063,0.9997714757919312,0.128523364663124,-0.6083358526229858,-0.0687807723879814,0.9997977614402772,0.0348369665443897,-0.6407479643821716,0.0275936014950275,0.9993731379508972,0.0301329065114259,-0.6184626221656799,-0.1300802528858184,0.9998224973678588,0.090343490242958,-0.5612689852714539,-0.02172795496881,0.99942547082901,0.0910300984978675,-0.5533348917961121,-0.0660871565341949,0.9995153546333312,-0.0440847650170326,-0.4817552864551544,0.1305501908063888,0.9993808269500732,-0.0329814441502094,-0.4763064682483673,-0.2058853507041931,0.9999189376831056,-0.0267317555844783,-0.2536843717098236,0.1765123456716537,0.1097163334488868,0.0535639189183712,-0.2881377041339874,-0.2240731418132782,0.9906197786331176,0.1344076991081237,-0.1323053389787674,0.1151925399899482,0.194776564836502,0.2319769114255905,-0.2706179022789001,-0.1394703537225723,0.9472479820251464,0.1694174706935882,-0.1202027723193168,0.1117140799760818,0.1978288143873214,0.2615630030632019,-0.2795134484767914,-0.1625378429889679,0.903677761554718,0.1849437355995178,-0.1286675781011581,0.0794990137219429,0.1970870792865753,0.2571589052677154,-0.3126955330371856,-0.1469835191965103,0.8959799408912659,0.1458114087581634,-0.1320035308599472,0.0964440032839775,0.2068287134170532,0.2385257929563522,-0.2824736535549164,-0.130435436964035,0.8596693277359009,0.0110931927338242,0.0001010066844173,0.1049908250570297,0.9992464184761048,-0.0117872981354594,-0.000541192071978,-0.1045067533850669,0.9996872544288636,0.0490679927170276,0.2914235591888428,0.2001985609531402,0.3698622286319732,0.0106662893667817,0.4115456342697143,-0.0858667641878128,0.9595832228660583,0.0293825305998325,0.6574642062187195,0.333135575056076,0.6049668788909912,-0.0489164553582668,0.7809087634086609,-0.0197396893054246,0.9657065868377686,0.0348759964108467,0.7044597864151001,0.3388115167617798,0.7450994253158569,-0.0531297177076339,0.8221226334571838,-0.0195547007024288,0.9236989617347716,0.1602201163768768,0.7173693180084229,0.2970079779624939,0.7636294364929199,0.0368695817887783,0.845245361328125,-0.1075145527720451,0.9652028679847716
