x_0,y_0,z_0,visibility_0,x_1,y_1,z_1,visibility_1,x_2,y_2,z_2,visibility_2,x_3,y_3,z_3,visibility_3,x_4,y_4,z_4,visibility_4,x_5,y_5,z_5,visibility_5,x_6,y_6,z_6,visibility_6,x_7,y_7,z_7,visibility_7,x_8,y_8,z_8,visibility_8,x_9,y_9,z_9,visibility_9,x_10,y_10,z_10,visibility_10,x_11,y_11,z_11,visibility_11,x_12,y_12,z_12,visibility_12,x_13,y_13,z_13,visibility_13,x_14,y_14,z_14,visibility_14,x_15,y_15,z_15,visibility_15,x_16,y_16,z_16,visibility_16,x_17,y_17,z_17,visibility_17,x_18,y_18,z_18,visibility_18,x_19,y_19,z_19,visibility_19,x_20,y_20,z_20,visibility_20,x_21,y_21,z_21,visibility_21,x_22,y_22,z_22,visibility_22,x_23,y_23,z_23,visibility_23,x_24,y_24,z_24,visibility_24,x_25,y_25,z_25,visibility_25,x_26,y_26,z_26,visibility_26,x_27,y_27,z_27,visibility_27,x_28,y_28,z_28,visibility_28,x_29,y_29,z_29,visibility_29,x_30,y_30,z_30,visibility_30,x_31,y_31,z_31,visibility_31,x_32,y_32,z_32,visibility_32
-0.0092692049220204,-0.6130846738815308,-0.2856269478797912,0.9996213912963868,0.0108056105673313,-0.6298454403877258,-0.2760277986526489,0.9994148015975952,0.0113532794639468,-0.6318166255950928,-0.2634336948394775,0.999332845211029,0.0082365525886416,-0.630571722984314,-0.2657119929790497,0.9994913339614868,-0.0177668817341327,-0.6378906965255737,-0.2834348082542419,0.9995484352111816,-0.0162351597100496,-0.6376895308494568,-0.3001065254211426,0.999588668346405,-0.0127249807119369,-0.6260373592376709,-0.2766394913196563,0.9996644854545592,0.0822461396455764,-0.6201886534690857,-0.1745716631412506,0.9996841549873352,-0.0711586624383926,-0.5722576975822449,-0.1593061536550521,0.9991689324378968,0.0297515708953142,-0.5985546112060547,-0.239359900355339,0.9993558526039124,-0.0136370621621608,-0.5666610598564148,-0.2628833353519439,0.9992831945419312,0.1703483909368515,-0.4649233222007751,-0.110614962875843,0.9998387098312378,-0.1287668049335479,-0.521903395652771,-0.0415141060948371,0.9996182322502136,0.0758978500962257,-0.4265934228897095,-0.2609826326370239,0.98060142993927,-0.086013063788414,-0.4062676429748535,-0.2684848606586456,0.9624388217926024,-0.0870666205883026,-0.5816524028778076,-0.271737277507782,0.9656227231025696,0.0352876558899879,-0.5705177187919617,-0.4148357212543487,0.9437229037284852,-0.1495045274496078,-0.6214016079902649,-0.2708068490028381,0.9478464722633362,0.092349037528038,-0.6136196851730347,-0.4734763503074646,0.9222831130027772,-0.1494112014770507,-0.6453747749328613,-0.2536321580410003,0.941554605960846,0.1168194711208343,-0.6717062592506409,-0.4515857100486755,0.9146226048469543,-0.0911872237920761,-0.578252911567688,-0.2673725485801697,0.906721293926239,0.0492258705198764,-0.5964493155479431,-0.41365447640419,0.8866737484931946,0.1002934947609901,-0.001975002232939,0.020674580708146,0.9999871850013732,-0.0994479283690452,-0.0012233613524585,-0.0183847192674875,0.9999881982803344,0.1361949294805526,0.3846789896488189,-0.0401189960539341,0.9901961088180542,-0.078639730811119,0.3366624116897583,-0.0195975098758935,0.983768880367279,0.1517635881900787,0.6807584762573242,0.1789130121469497,0.9910408854484558,-0.102382056415081,0.6870608329772949,0.2039868086576461,0.992232859134674,0.1311164498329162,0.7105268239974976,0.2072297632694244,0.9104865789413452,-0.1050235778093338,0.7164444923400879,0.1834077090024948,0.9395619034767152,0.1516972184181213,0.7692012190818787,0.1618996709585189,0.987363576889038,-0.157831385731697,0.7462401986122131,0.1108987852931022,0.987500548362732
-0.0048523731529712,-0.6112634539604187,-0.2907720506191253,0.99962717294693,0.0112925302237272,-0.6283730268478394,-0.2829648554325104,0.9994268417358398,0.0115333460271358,-0.6302599906921387,-0.2701464593410492,0.999350607395172,0.0083918841555714,-0.6290088295936584,-0.2725165486335754,0.99950110912323,-0.0173469055444002,-0.6363006234169006,-0.2936902940273285,0.9995592832565308,-0.0157390497624874,-0.6359696388244629,-0.3104439079761505,0.9996002316474916,-0.0123708834871649,-0.6242606043815613,-0.2868461012840271,0.9996706247329712,0.0744908973574638,-0.6231896877288818,-0.1802564561367035,0.9996938705444336,-0.0764002054929733,-0.5715592503547668,-0.1796405613422393,0.9992011189460754,0.0315702408552169,-0.5976663827896118,-0.2431305646896362,0.9993126392364502,-0.0115051586180925,-0.5652585029602051,-0.2713270187377929,0.9992437958717346,0.1598374545574188,-0.475787878036499,-0.1147777289152145,0.9998114705085754,-0.1292965710163116,-0.5245476365089417,-0.0503430813550949,0.9995529055595398,0.0632498934864997,-0.4471797347068786,-0.2616304457187652,0.9791677594184875,-0.0834843069314956,-0.4272554218769073,-0.2949231564998626,0.9645217061042786,-0.0817732810974121,-0.6168026924133301,-0.2716367840766907,0.9655407667160034,0.0427825003862381,-0.6178548336029053,-0.4256327450275421,0.948523223400116,-0.1411958038806915,-0.6624706387519836,-0.2672787308692932,0.9468739628791808,0.1004953235387802,-0.6686896085739136,-0.4826103746891022,0.928263545036316,-0.1410257965326309,-0.6863552331924438,-0.2491191178560257,0.9402689337730408,0.1229558363556861,-0.7249454855918884,-0.4589636921882629,0.9209761619567872,-0.0850512161850929,-0.6136859059333801,-0.2658970952033996,0.904678463935852,0.0555138774216175,-0.6447588205337524,-0.4235536158084869,0.8945713043212891,0.1005128771066665,-0.0025730475317686,0.0205315295606851,0.999986469745636,-0.0997152104973793,-0.0009498033905401,-0.018303420394659,0.9999874830245972,0.1366632133722305,0.389404147863388,-0.0394184030592441,0.9899510145187378,-0.078599639236927,0.3395189940929413,-0.0117741655558347,0.9824513792991638,0.1516522020101547,0.682902455329895,0.1822578459978103,0.9905805587768556,-0.1027959957718849,0.6928532719612122,0.2102310955524444,0.9918109178543092,0.1307621449232101,0.7114338278770447,0.2108248174190521,0.9066565632820128,-0.1054549291729927,0.7230536341667175,0.190010130405426,0.9370502829551696,0.1512275785207748,0.7734056711196899,0.1673671156167984,0.9870029091835022,-0.1634433418512344,0.7526229619979858,0.117091529071331,0.987090229988098
0.0035573251079767,-0.6043553352355957,-0.2917643189430237,0.9995012283325196,0.0149292955175042,-0.6218252778053284,-0.2866861820220947,0.9992268085479736,0.0145135642960667,-0.624704897403717,-0.2735985815525055,0.9991562366485596,0.0114183127880096,-0.6228495240211487,-0.2762086689472198,0.9993240833282472,-0.0128551917150616,-0.6277266144752502,-0.2981221675872803,0.9994137287139891,-0.0111255710944533,-0.6278694272041321,-0.3150229752063751,0.9994887113571168,-0.0078849522396922,-0.6157963871955872,-0.2913263142108917,0.999565064907074,0.0729407966136932,-0.6219459772109985,-0.1854070276021957,0.9996185898780824,-0.0760188698768615,-0.5672155022621155,-0.1890713572502136,0.9990718364715576,0.0374515429139137,-0.5950773358345032,-0.2433748841285705,0.9989469647407532,-0.003671585349366,-0.5601351261138916,-0.2730896174907684,0.9988978505134584,0.1588716804981231,-0.4822666943073272,-0.1147311776876449,0.9997522234916688,-0.1286468207836151,-0.5309235453605652,-0.0558446161448955,0.9994493722915648,0.0506758578121662,-0.4589292705059051,-0.2569406032562256,0.976679027080536,-0.0921912491321563,-0.4337469637393951,-0.2969937324523926,0.966052770614624,-0.0805461704730987,-0.6378756165504456,-0.2639705836772918,0.9654541611671448,0.0356038063764572,-0.6085132956504822,-0.4317989349365234,0.9527501463890076,-0.1369469612836837,-0.6869528889656067,-0.2561902701854706,0.9463492035865784,0.0947112739086151,-0.6555845141410828,-0.4898825883865356,0.933497190475464,-0.1342704743146896,-0.7100379467010498,-0.2369967252016067,0.9396492838859558,0.1198120042681694,-0.7086086869239807,-0.4656728506088257,0.9265478849411012,-0.0814932808279991,-0.6344807147979736,-0.2558445334434509,0.9032765626907348,0.0498190782964229,-0.6329888701438904,-0.4296319782733917,0.9013925790786744,0.1008224040269851,-0.0025964875239878,0.0204831566661596,0.9999842643737792,-0.100078634917736,-0.0009776481892913,-0.0183825828135013,0.9999856352806092,0.1365507096052169,0.3983989059925079,-0.0351534187793731,0.989290714263916,-0.0806962326169014,0.3413448929786682,-0.0080940350890159,0.980929434299469,0.1481038182973861,0.6924270987510681,0.1855157315731048,0.9900949597358704,-0.1076408550143241,0.6959326267242432,0.2139007300138473,0.9911548495292664,0.1258620619773864,0.7201418280601501,0.2133824825286865,0.9020325541496276,-0.1105033457279205,0.7266367077827454,0.1944328993558883,0.9334163665771484,0.1467253416776657,0.7864089012145996,0.1739124953746795,0.9864781498908995,-0.1742201745510101,0.7568949460983276,0.1259807050228119,0.986257016658783
0.0093991002067923,-0.6039116978645325,-0.2901981174945831,0.9993085265159608,0.018285684287548,-0.6214154958724976,-0.2851788401603699,0.9989134669303894,0.0174112971872091,-0.6240646243095398,-0.2721017003059387,0.998850405216217,0.0144353844225406,-0.6223331093788147,-0.2747457027435303,0.9990544319152832,-0.0088673215359449,-0.6275820136070251,-0.2978988289833069,0.9991880655288696,-0.0070975185371935,-0.6276195049285889,-0.3148498237133026,0.9993162155151368,-0.0039193886332213,-0.6156033277511597,-0.2911938726902008,0.9994072914123536,0.0704608336091041,-0.6236235499382019,-0.1840668767690658,0.9994969367980956,-0.075691133737564,-0.5669606924057007,-0.1932657957077026,0.9988610744476318,0.0409441813826561,-0.594565749168396,-0.2416565865278244,0.998481273651123,0.0011590804206207,-0.5597139000892639,-0.2731715440750122,0.9984607100486756,0.1568329185247421,-0.486227422952652,-0.1142442598938942,0.9996893405914308,-0.1289440393447876,-0.5333864688873291,-0.0583769753575325,0.9993191361427308,0.0537172108888626,-0.4603833854198456,-0.2557795643806457,0.9732229709625244,-0.095320887863636,-0.4346191883087158,-0.2996132373809814,0.9670412540435792,-0.0750179067254066,-0.6345292925834656,-0.2645812034606933,0.964018702507019,0.0348423458635807,-0.6138841509819031,-0.4321290850639343,0.9563897848129272,-0.1310416013002395,-0.6833492517471313,-0.2574936151504516,0.94372296333313,0.0944602042436599,-0.663356363773346,-0.490203708410263,0.937885284423828,-0.1290907561779022,-0.7062461376190186,-0.2414894998073578,0.936653196811676,0.1189952120184898,-0.7173214554786682,-0.4666822254657745,0.9311724305152892,-0.0763429552316665,-0.6309123039245605,-0.256281167268753,0.8985218405723572,0.0489672422409057,-0.6392309069633484,-0.430237203836441,0.9068841934204102,0.1009855791926384,-0.0027293062303215,0.0205356944352388,0.9999827146530152,-0.1002519279718399,-0.0009617051109671,-0.0185877662152051,0.9999842643737792,0.1365929991006851,0.4027855992317199,-0.0270245820283889,0.9887853860855104,-0.0809016153216362,0.3426105380058288,-0.0070489640347659,0.9796008467674256,0.1481576859951019,0.7014135122299194,0.1949044913053512,0.990016520023346,-0.1090396046638488,0.6995433568954468,0.2249197512865066,0.9908764958381652,0.1259784996509552,0.7292675375938416,0.2232422828674316,0.8993774652481079,-0.1119483709335327,0.7306165099143982,0.2053723186254501,0.9306479692459106,0.1467947512865066,0.7952155470848083,0.1849168986082077,0.9864625334739684,-0.1754277050495147,0.7610952258110046,0.1332551091909408,0.9859341382980348
0.0085851829499006,-0.6023393869400024,-0.2943674325942993,0.9991136193275452,0.0172315239906311,-0.6200031638145447,-0.2894743978977203,0.9986039400100708,0.0161328725516796,-0.6229513883590698,-0.2765246927738189,0.9985678195953368,0.0131764821708202,-0.6209685802459717,-0.2789690494537353,0.998804807662964,-0.0094549870118498,-0.6242868900299072,-0.3018083870410919,0.9989532232284546,-0.0075969882309436,-0.6245271563529968,-0.3186788558959961,0.999137282371521,-0.0044114352203905,-0.6122933626174927,-0.2949888706207275,0.9992392659187316,0.063257910311222,-0.6230497360229492,-0.1897319555282592,0.9993939995765686,-0.0777410268783569,-0.5609927177429199,-0.1977032124996185,0.9986271858215332,0.0407076589763164,-0.594193696975708,-0.2464819848537445,0.9980902075767516,0.0010788484942167,-0.557529866695404,-0.2776697874069214,0.9980548620224,0.1540844887495041,-0.4856865704059601,-0.1167210713028907,0.9996433854103088,-0.129270538687706,-0.5314458608627319,-0.0631262063980102,0.999193012714386,0.0486713871359825,-0.4545223712921142,-0.265481561422348,0.9719191789627076,-0.0935898199677467,-0.425593763589859,-0.3091918230056762,0.9683846235275269,-0.0801364257931709,-0.6322116851806641,-0.2741045951843261,0.9638803601264954,0.0404384210705757,-0.6039854884147644,-0.4426216781139374,0.959524154663086,-0.135902389883995,-0.683226466178894,-0.2662773430347442,0.9427613615989684,0.1003962755203247,-0.6535947918891907,-0.5006402134895325,0.9414178729057312,-0.1317987591028213,-0.7072607278823853,-0.2447401583194732,0.9354743957519532,0.1240808516740799,-0.7086684107780457,-0.475635290145874,0.934817671775818,-0.0806391984224319,-0.6292561888694763,-0.2657700181007385,0.8963943719863892,0.0544065833091735,-0.629572868347168,-0.4401209056377411,0.911020278930664,0.1011897176504135,-0.0028642239049077,0.0205173399299383,0.9999801516532898,-0.1005000695586204,-0.0009234193130396,-0.0186468735337257,0.9999818801879884,0.1358509659767151,0.4025614559650421,-0.0420627705752849,0.988585352897644,-0.0808162689208984,0.3429600596427917,-0.0066395518369972,0.978273630142212,0.1462715119123459,0.7017542123794556,0.1856959760189056,0.989407479763031,-0.1089038327336311,0.7013386487960815,0.2235051393508911,0.9902133345603944,0.1242535486817359,0.7296239137649536,0.2146743685007095,0.8951926827430725,-0.1118156090378761,0.7326794862747192,0.2036420404911041,0.9266752004623412,0.144904613494873,0.7952022552490234,0.1763790845870971,0.985768496990204,-0.1754011362791061,0.7610943913459778,0.1307727396488189,0.985064685344696
0.0082541117444634,-0.6020833849906921,-0.2946521043777466,0.998859405517578,0.0170262232422828,-0.6196538209915161,-0.2893341183662414,0.9982178211212158,0.0158162526786327,-0.6228066682815552,-0.2765146493911743,0.9982162714004515,0.0128842294216156,-0.620718240737915,-0.2788193225860595,0.998506724834442,-0.0095474012196064,-0.6230962872505188,-0.3018075227737427,0.9986482262611388,-0.0076502421870827,-0.6234855055809021,-0.3187597692012787,0.998900294303894,-0.0044608735479414,-0.611213207244873,-0.2950673699378967,0.9990148544311525,0.0598375163972377,-0.6225325465202332,-0.1902537196874618,0.9992653131484984,-0.0786145031452179,-0.5574890971183777,-0.1994625329971313,0.9982972145080566,0.0405331850051879,-0.5937812924385071,-0.2471597641706466,0.9976498484611512,0.0011598031269386,-0.5567488074302673,-0.2787611782550812,0.9975630044937134,0.1531139761209488,-0.4844200313091278,-0.1184036806225776,0.999605357646942,-0.1309526711702346,-0.530112624168396,-0.0676042586565017,0.9990349411964417,0.0544936433434486,-0.4501828849315643,-0.2747550904750824,0.9696389436721802,-0.0923353284597396,-0.4235351383686065,-0.318483829498291,0.9681822657585144,-0.0796977654099464,-0.626116156578064,-0.2924275994300842,0.9621396660804749,0.0441062934696674,-0.6013192534446716,-0.4583754539489746,0.9609554409980774,-0.1366069614887237,-0.6766795516014099,-0.2869463860988617,0.9395542740821838,0.1042076051235199,-0.651146411895752,-0.5177714824676514,0.942087948322296,-0.1337784528732299,-0.7025078535079956,-0.2650665640830993,0.931771993637085,0.1277859807014465,-0.7071202993392944,-0.492382138967514,0.9350911378860474,-0.0809940993785858,-0.623795747756958,-0.2845445573329925,0.8901708722114563,0.0581213496625423,-0.6271618604660034,-0.4559492468833923,0.9101755023002625,0.1014702469110488,-0.0030578337609767,0.0206319130957126,0.999978482723236,-0.1007934212684631,-0.0008513419888913,-0.018848780542612,0.999980092048645,0.1306525021791458,0.4032393395900726,-0.0414571799337863,0.987606406211853,-0.0820999592542648,0.3438628911972046,-0.0130195692181587,0.9762315154075624,0.1444528102874755,0.7017489075660706,0.1878760159015655,0.9883607625961304,-0.1086557954549789,0.7016021013259888,0.2191036790609359,0.9891971349716188,0.1230291128158569,0.7295626401901245,0.2168508619070053,0.887718141078949,-0.1115938946604728,0.7327762246131897,0.1994601041078567,0.9204074740409852,0.1435015499591827,0.7956204414367676,0.1774599701166153,0.984673023223877,-0.1745647341012954,0.7621864080429077,0.1248213052749633,0.9837954640388488
0.0078497631475329,-0.5981640219688416,-0.2959156334400177,0.9988192319869996,0.0168832428753376,-0.6161242723464966,-0.2902984321117401,0.9981665015220642,0.0156475286930799,-0.619192361831665,-0.2775728404521942,0.9981711506843568,0.0127026168629527,-0.6170733571052551,-0.2797703742980957,0.9984635710716248,-0.009693487547338,-0.6192693114280701,-0.302436500787735,0.9986039400100708,-0.0077527286484837,-0.6196386218070984,-0.3192481994628906,0.9988644123077391,-0.0045661660842597,-0.6074651479721069,-0.2955655753612518,0.9989757537841796,0.0603603087365627,-0.6218593120574951,-0.1903301924467086,0.9992468357086182,-0.0788559913635253,-0.5544209480285645,-0.1986668556928634,0.9982397556304932,0.0403989143669605,-0.5904139280319214,-0.2481379061937332,0.9975340962409972,0.0010628893505781,-0.5530123710632324,-0.2791857421398163,0.9974319338798524,0.1532052755355835,-0.4831205606460571,-0.1197735741734504,0.9995837211608888,-0.1310858726501464,-0.5291715860366821,-0.0686377137899398,0.9989609718322754,0.0583277493715286,-0.4464689791202545,-0.2742492258548736,0.9690821170806884,-0.0928425565361976,-0.4208442866802215,-0.3116008937358856,0.9687110781669616,-0.0794421210885047,-0.6255571246147156,-0.2913789749145508,0.9622071385383606,0.0434346422553062,-0.597471296787262,-0.4512296617031097,0.963063657283783,-0.1370646655559539,-0.6772720217704773,-0.2863518595695495,0.9390345215797424,0.1038548946380615,-0.6473443508148193,-0.5102022290229797,0.9441539645195008,-0.1342923194169998,-0.7021821737289429,-0.2653247416019439,0.9310612678527832,0.1278495192527771,-0.702964723110199,-0.4849495589733124,0.9371010065078736,-0.080888956785202,-0.6232218742370605,-0.2837690711021423,0.8886877298355103,0.057677187025547,-0.6231285929679871,-0.4488107562065124,0.9122163653373718,0.1016551703214645,-0.0031600780785083,0.0206039473414421,0.9999769926071168,-0.1009896397590637,-0.0008113398216664,-0.0188477002084255,0.9999785423278807,0.1296849995851516,0.4031084775924682,-0.0533116832375526,0.987389326095581,-0.0843513235449791,0.3436515033245086,-0.0264447964727878,0.9755744338035583,0.1443914324045181,0.7014799118041992,0.1780701428651809,0.9876421689987184,-0.108066089451313,0.7011918425559998,0.2062950581312179,0.9884791970252992,0.1230931133031845,0.7288957238197327,0.2077284157276153,0.8832242488861084,-0.1104052364826202,0.7321456670761108,0.1869488060474395,0.9168652892112732,0.1434327661991119,0.7951582074165344,0.1709339767694473,0.9839010834693908,-0.1728349328041076,0.7620125412940979,0.1156824231147766,0.9829199314117432
0.0075530605390667,-0.5968739986419678,-0.292461484670639,0.998706877231598,0.0162288621068,-0.6149508953094482,-0.2867580354213714,0.997985064983368,0.014958101324737,-0.6180205941200256,-0.2742133736610412,0.9980064034461976,0.0120411245152354,-0.6159036159515381,-0.2763114869594574,0.9983208775520324,-0.0102519178763031,-0.617626428604126,-0.2988525032997131,0.9984574913978576,-0.0082096019759774,-0.6179765462875366,-0.3155387341976166,0.9987494349479676,-0.0050076791085302,-0.6058411002159119,-0.2919530570507049,0.9988640546798706,0.0594816543161869,-0.6214998364448547,-0.1876970082521438,0.999173104763031,-0.079264611005783,-0.551777720451355,-0.195666566491127,0.9980573654174804,0.0402999855577945,-0.5894268751144409,-0.2450499832630157,0.997290849685669,0.0009818687103688,-0.5513544082641602,-0.2759513258934021,0.9971609115600586,0.15350142121315,-0.482438713312149,-0.1199498176574707,0.9995614290237428,-0.1312379688024521,-0.5285219550132751,-0.069068394601345,0.9988805651664734,0.0620664842426776,-0.4455374181270599,-0.2747348248958587,0.9680013656616212,-0.0944961085915565,-0.4227785468101501,-0.3087555468082428,0.9688700437545776,-0.0767745524644851,-0.6231510043144226,-0.2934685945510864,0.9618937373161316,0.0419882498681545,-0.5989230871200562,-0.4492838978767395,0.9647727012634276,-0.1346538364887237,-0.6747015714645386,-0.2891335785388946,0.937896966934204,0.1025762632489204,-0.648629903793335,-0.5088047981262207,0.9456380605697632,-0.1328151375055313,-0.6994750499725342,-0.2681765556335449,0.9296970963478088,0.1280418187379837,-0.7039880752563477,-0.483101338148117,0.938477098941803,-0.0787316933274269,-0.6206471920013428,-0.2857707440853119,0.8861668109893799,0.0568933635950088,-0.6242227554321289,-0.4467464387416839,0.9133490324020386,0.1018637865781784,-0.0032650069333612,0.0206054486334323,0.9999749064445496,-0.1011978834867477,-0.0007772426470182,-0.0188893154263496,0.9999764561653136,0.1287343800067901,0.4029988646507263,-0.0587652996182441,0.9864247441291808,-0.0858729258179664,0.3434927463531494,-0.0367167592048645,0.973826825618744,0.1444731652736663,0.7016972899436951,0.1669686138629913,0.98642098903656,-0.1070453152060508,0.7012765407562256,0.1905739456415176,0.9872658848762512,0.1232388541102409,0.7291389107704163,0.1959080845117569,0.8755614161491394,-0.1086862459778785,0.7321446537971497,0.170735016465187,0.910550892353058,0.1436545997858047,0.7948246002197266,0.1571775376796722,0.9827131628990172,-0.1696423590183258,0.7620763778686523,0.0972431302070617,0.9815679788589478
0.0073383161798119,-0.5957674384117126,-0.2916909456253052,0.9985126852989196,0.0158593114465475,-0.6137010455131531,-0.2862828969955444,0.9976817965507508,0.0145452292636036,-0.6167077422142029,-0.2737419903278351,0.9977401494979858,0.0116632869467139,-0.6146607995033264,-0.2758513689041137,0.998084306716919,-0.0104996459558606,-0.6162441372871399,-0.2978889048099518,0.9982067942619324,-0.0083990776911377,-0.6165513396263123,-0.3146251738071441,0.9985572695732116,-0.0051959999836981,-0.6044170260429382,-0.2910247445106506,0.998677372932434,0.0596386939287185,-0.6212365627288818,-0.1887282133102417,0.999065637588501,-0.0791984498500824,-0.5497215986251831,-0.1949028670787811,0.9977833032608032,0.0402042940258979,-0.5884473323822021,-0.2449010908603668,0.9969452619552612,0.0009627402178011,-0.5500903129577637,-0.2752865850925445,0.996772825717926,0.1537744700908661,-0.4817762672901153,-0.1205627471208572,0.999535858631134,-0.1312275379896164,-0.5280147194862366,-0.0695748403668403,0.9987932443618774,0.0633640885353088,-0.4442443549633026,-0.278382658958435,0.9673560857772828,-0.0953424200415611,-0.4226188063621521,-0.3074134588241577,0.968760311603546,-0.0757172554731369,-0.6230636835098267,-0.2978441417217254,0.9620200991630554,0.0408353246748447,-0.5946354269981384,-0.4491892457008362,0.9662327170372008,-0.1336742937564849,-0.6746913194656372,-0.2942265570163727,0.9377641677856444,0.1010902523994445,-0.6429249048233032,-0.5091959834098816,0.9469886422157288,-0.1315540820360183,-0.7000950574874878,-0.2735392451286316,0.9294846057891846,0.1274926513433456,-0.6980891227722168,-0.4836911857128143,0.9397342801094056,-0.0775516778230667,-0.6209143996238708,-0.2900148630142212,0.8855157494544983,0.0561525858938694,-0.6195982694625854,-0.4467952847480774,0.9146031737327576,0.102018691599369,-0.0032937908545136,0.0205831378698349,0.9999729990959167,-0.1013513579964637,-0.0007746448973193,-0.0188878159970045,0.9999746680259703,0.1275043040513992,0.4037916660308838,-0.0558232925832271,0.9856858849525452,-0.0859190598130226,0.343641847372055,-0.0332452803850173,0.9729505777359008,0.1449351459741592,0.7031535506248474,0.170920580625534,0.9859355688095092,-0.1040628477931022,0.7020825147628784,0.1910060793161392,0.9867427349090576,0.124146431684494,0.7306393980979919,0.199698343873024,0.8715525269508362,-0.1048823893070221,0.7328594923019409,0.1706965565681457,0.9076471328735352,0.1442582011222839,0.7953128218650818,0.1598674803972244,0.9822343587875366,-0.1650600135326385,0.7629515528678894,0.0962210148572921,0.9810028672218324
0.0072251581586897,-0.5923548340797424,-0.2937513291835785,0.998438000679016,0.0158768519759178,-0.6103028655052185,-0.2882656753063202,0.99757319688797,0.0145868770778179,-0.6131173372268677,-0.2757073640823364,0.9976402521133424,0.0117121376097202,-0.6112121343612671,-0.2778572142124176,0.9979934096336364,-0.0104883424937725,-0.6131182909011841,-0.2997971177101135,0.9981182813644408,-0.0083698341622948,-0.6133586168289185,-0.3164977133274078,0.9984883666038512,-0.0051304562948644,-0.6012808680534363,-0.2929160594940185,0.9986110925674438,0.0599402263760566,-0.6190582513809204,-0.1901649385690689,0.999017298221588,-0.0789596810936927,-0.5478028059005737,-0.1959121376276016,0.9976800084114076,0.0402314253151416,-0.5852319598197937,-0.2467043995857238,0.9967712163925172,0.0011497722007334,-0.5472192764282227,-0.2769625186920166,0.9965921640396118,0.1540158092975616,-0.4813959300518036,-0.1210430487990379,0.9995172023773192,-0.131301000714302,-0.5275872945785522,-0.0699095651507377,0.9987506866455078,0.0645463913679122,-0.4421425759792328,-0.2789588570594787,0.966559886932373,-0.0947602465748786,-0.4235612154006958,-0.3075105547904968,0.9692673087120056,-0.0741953030228614,-0.6190311312675476,-0.3001598119735718,0.9617826342582704,0.0424130633473396,-0.5953911542892456,-0.4480187594890594,0.9678349494934082,-0.1318915635347366,-0.6701790690422058,-0.2969534397125244,0.93703031539917,0.1027016639709472,-0.6439194679260254,-0.5083441734313965,0.9486082196235656,-0.1298564374446869,-0.695485532283783,-0.2774944305419922,0.928576111793518,0.1291910707950592,-0.699630856513977,-0.4830972552299499,0.9413508772850036,-0.0760451331734657,-0.6167739033699036,-0.292581170797348,0.8837202191352844,0.0577859506011009,-0.6206505298614502,-0.4457393288612366,0.9162321090698242,0.1021812334656715,-0.0033588728401809,0.0205936431884765,0.9999717473983764,-0.1015120968222618,-0.0007545673288404,-0.0189337544143199,0.9999735355377196,0.1271038055419922,0.4040171205997467,-0.0541442707180976,0.9853046536445618,-0.0861033648252487,0.3441160917282104,-0.0364295728504657,0.9725370407104492,0.1452008336782455,0.7037079930305481,0.1692968159914016,0.9855364561080932,-0.1030001938343048,0.7026472687721252,0.185393676161766,0.9862869381904602,0.1245942264795303,0.731280505657196,0.197648748755455,0.868764340877533,-0.1035645306110382,0.7333582639694214,0.1649187505245208,0.9051452875137328,0.1447189748287201,0.7957009673118591,0.1571604162454605,0.981868863105774,-0.1627133190631866,0.7634668350219727,0.0900708884000778,0.980538010597229
0.007488121278584,-0.5890303254127502,-0.2946652173995971,0.998382806777954,0.0160198975354433,-0.6072831749916077,-0.2891146838665008,0.9975035190582277,0.0147713413462042,-0.60993891954422,-0.2764877676963806,0.9975694417953492,0.0119057903066277,-0.6081566214561462,-0.2787569165229797,0.9979330897331238,-0.0103573594242334,-0.6100797653198242,-0.3001621067523956,0.9980601668357848,-0.0082147559151053,-0.6102581024169922,-0.3168555200099945,0.9984379410743712,-0.0049260007217526,-0.5981660485267639,-0.2933710217475891,0.9985650777816772,0.0602103658020496,-0.6176574230194092,-0.1911782175302505,0.998978316783905,-0.0788969323039054,-0.5459770560264587,-0.1971192061901092,0.9975992441177368,0.0404082871973514,-0.5823354721069336,-0.2478633373975753,0.9966138005256652,0.0014403000241145,-0.5443881154060364,-0.2775255739688873,0.9964227676391602,0.1543430984020233,-0.4810215830802917,-0.1212143003940582,0.9994977712631226,-0.1316548436880111,-0.5272976160049438,-0.0726331397891044,0.9986987709999084,0.0648919939994812,-0.4425778388977051,-0.2804172933101654,0.965477705001831,-0.0924149751663208,-0.427250325679779,-0.3088977634906769,0.9699993133544922,-0.0750125125050544,-0.6190419793128967,-0.3057798147201538,0.9610509872436525,0.0448645800352096,-0.6018134355545044,-0.4475500583648681,0.9692457318305968,-0.1329196393489837,-0.6697474122047424,-0.3030726611614227,0.935411810874939,0.10467429459095,-0.6507362723350525,-0.5083281397819519,0.9499334692955016,-0.1304656863212585,-0.6952110528945923,-0.2860111594200134,0.9266876578330994,0.1305643767118454,-0.7078211307525635,-0.4836452901363373,0.9427016973495485,-0.0767919272184372,-0.616733968257904,-0.2989969849586487,0.8803846836090088,0.0598014928400516,-0.6279226541519165,-0.4455138146877289,0.9173072576522828,0.1023928225040435,-0.003414386883378,0.0206123795360326,0.999970316886902,-0.1017269119620323,-0.000727638718672,-0.0189810041338205,0.99997216463089,0.1269220560789108,0.4040301740169525,-0.0562019422650337,0.9850457310676576,-0.0863794535398483,0.3444079458713531,-0.0399515554308891,0.972129225730896,0.1452750414609909,0.7037124633789062,0.1631891131401062,0.985049605369568,-0.102935642004013,0.7030020952224731,0.1792147308588028,0.9856988191604614,0.1246813014149665,0.7313083410263062,0.1910180002450943,0.8656834363937378,-0.1035011634230613,0.7337501645088196,0.1585598737001419,0.9020874500274658,0.1447976231575012,0.7956655025482178,0.1508952230215072,0.9813750982284546,-0.1625956445932388,0.7637588381767273,0.0845130681991577,0.9799201488494872
0.007888494990766,-0.5880975127220154,-0.2970450222492218,0.998361110687256,0.0164236053824424,-0.6064223051071167,-0.2914284169673919,0.997484803199768,0.0152022987604141,-0.6090021729469299,-0.2788484692573547,0.9975454211235046,0.0123538319021463,-0.6072846055030823,-0.2809064090251922,0.9979117512702942,-0.0100715644657611,-0.6093458533287048,-0.3029462695121765,0.9980457425117492,-0.0079042669385671,-0.6094873547554016,-0.3196341097354889,0.9984229803085328,-0.0045595616102218,-0.5973625779151917,-0.2959940433502197,0.9985529184341432,0.0604630224406719,-0.6171667575836182,-0.1921368837356567,0.9989505410194396,-0.0788274258375167,-0.5455468893051147,-0.1996949613094329,0.9975593090057372,0.0408352725207805,-0.5813778042793274,-0.2493642717599868,0.9964804649353028,0.0018872991204261,-0.5435678958892822,-0.2797900438308716,0.9962918758392334,0.1544421762228012,-0.4808040261268616,-0.1233556494116783,0.9994759559631348,-0.131681278347969,-0.5273902416229248,-0.0765240937471389,0.9986590147018432,0.0638674944639206,-0.4438026845455169,-0.2823499739170074,0.9638673067092896,-0.0866723731160163,-0.4324502944946289,-0.3112604320049286,0.9704759120941162,-0.0759550556540489,-0.6201657652854919,-0.3072824478149414,0.9594327211380004,0.047679878771305,-0.6075655221939087,-0.4486384689807892,0.9703961610794068,-0.1335251480340957,-0.6705071926116943,-0.3045789897441864,0.9325968623161316,0.1061354726552963,-0.6561130881309509,-0.5101345777511597,0.9509508609771729,-0.1306914985179901,-0.6958839893341064,-0.2890706658363342,0.9235358238220216,0.13196562230587,-0.7129842042922974,-0.4857534766197204,0.9437525868415833,-0.077523224055767,-0.6177733540534973,-0.3008921444416046,0.8754138350486755,0.0623475536704063,-0.633625864982605,-0.4468607902526855,0.9180713295936584,0.1026755198836326,-0.0034436418209224,0.0206205938011407,0.9999693632125854,-0.1020200029015541,-0.0007171018514782,-0.0190099999308586,0.999971330165863,0.1269706636667251,0.4041576981544494,-0.0566536486148834,0.9846941828727722,-0.0863768011331558,0.3445620834827423,-0.0406327247619628,0.9716087579727172,0.1462436616420745,0.7041106224060059,0.1615000218153,0.9845697283744812,-0.1023452281951904,0.7041932940483093,0.1774340867996215,0.9852114319801332,0.1257377117872238,0.7317317724227905,0.1891446113586425,0.8625263571739197,-0.1028728857636451,0.7351546883583069,0.1566312313079834,0.8992376923561096,0.1456531733274459,0.7960293292999268,0.1484789997339248,0.9809480905532836,-0.1613217443227768,0.7653781771659851,0.08147694170475,0.9794726371765136
0.0079652080312371,-0.5899456739425659,-0.2977869808673858,0.9982790946960448,0.0165766887366771,-0.607993483543396,-0.2919407784938812,0.997383177280426,0.0153676429763436,-0.6105327606201172,-0.2793729901313782,0.9974510073661804,0.0125292753800749,-0.6088714599609375,-0.2814157009124756,0.9978340268135072,-0.0099469926208257,-0.6109138131141663,-0.3035975098609924,0.9979548454284668,-0.0077804927714169,-0.6110463738441467,-0.3202528655529022,0.9983445405960084,-0.0043960609473288,-0.5988551378250122,-0.2966185510158539,0.9984797835350036,0.0605814270675182,-0.6175438761711121,-0.1921767592430114,0.9989013075828552,-0.0787681117653846,-0.5461419224739075,-0.1998019367456436,0.9974205493927002,0.0409430414438247,-0.5826273560523987,-0.2499671876430511,0.9962778687477112,0.0020575025118887,-0.5449427962303162,-0.2804982364177704,0.9960508346557616,0.1545620560646057,-0.4809086918830871,-0.1236127540469169,0.9994499683380128,-0.1316829919815063,-0.5277338624000549,-0.0767630040645599,0.9985602498054504,0.0641482472419738,-0.4442251324653625,-0.282648354768753,0.9632272720336914,-0.0811702236533165,-0.4341875612735748,-0.3096144497394562,0.9704782366752625,-0.0766427293419838,-0.619895875453949,-0.3074588775634765,0.9587873816490172,0.0485914349555969,-0.6113736629486084,-0.4460756778717041,0.9709722995758056,-0.1343851089477539,-0.6699397563934326,-0.3048141300678253,0.9310169816017152,0.1058634221553802,-0.6604349613189697,-0.5071893930435181,0.9509621262550354,-0.1315325945615768,-0.6955471038818359,-0.2897509932518005,0.9217140674591064,0.1308879405260086,-0.7176694273948669,-0.4834766983985901,0.9436238408088684,-0.0783544033765792,-0.6175788044929504,-0.3012217581272125,0.8726367354393005,0.0626396834850311,-0.6377160549163818,-0.4445606768131256,0.9174087643623352,0.1028400883078575,-0.0034777484834194,0.0206186063587665,0.9999684691429138,-0.1021819189190864,-0.0007018985925242,-0.0190298315137624,0.999970316886902,0.1271306723356247,0.4041286706924438,-0.0554389618337154,0.9846550226211548,-0.0859781354665756,0.3445091247558594,-0.0387442335486412,0.971542477607727,0.1480802595615387,0.7040172219276428,0.1625311970710754,0.9844838976860046,-0.1006327271461486,0.7044863700866699,0.1795362830162048,0.9850379824638368,0.1278111189603805,0.7316674590110779,0.1900959759950637,0.8608763813972473,-0.1011604443192482,0.7355458736419678,0.1587292850017547,0.8977445960044861,0.1464953571557998,0.7959464192390442,0.1487584561109542,0.9808750152587892,-0.1591101437807083,0.7660285830497742,0.0836272314190864,0.9793372750282288
0.007902767509222,-0.5906158089637756,-0.2974534928798675,0.9982196092605592,0.0165683440864086,-0.6086208820343018,-0.291240930557251,0.9973081350326538,0.0153634138405323,-0.6111435294151306,-0.2787202298641205,0.9973817467689514,0.0125277070328593,-0.6095143556594849,-0.2807324528694153,0.9977720975875854,-0.0099780289456248,-0.6114550828933716,-0.303002268075943,0.9978864789009094,-0.0078062871471047,-0.6116083860397339,-0.3196503520011902,0.9982869625091552,-0.0044100475497543,-0.5993648171424866,-0.296025812625885,0.9984244108200072,0.0607675574719905,-0.6178271770477295,-0.1910179704427719,0.998860239982605,-0.0787198916077613,-0.5463333129882812,-0.1986219733953476,0.9973231554031372,0.0409351177513599,-0.5831553936004639,-0.2494875639677047,0.9961066246032716,0.0020576932001858,-0.5454540848731995,-0.2801503539085388,0.9958552122116088,0.1547268331050872,-0.4809028506278991,-0.123653158545494,0.9994254112243652,-0.1317037343978881,-0.5284691452980042,-0.0767800435423851,0.9984915256500244,0.0642031282186508,-0.4439445734024048,-0.2834103405475616,0.9624747037887572,-0.0810257866978645,-0.4396403431892395,-0.3087516129016876,0.970658540725708,-0.0761529430747032,-0.6192793250083923,-0.3094524443149566,0.958101212978363,0.0488251410424709,-0.6144275665283203,-0.4444907605648041,0.9716547131538392,-0.1337545365095138,-0.6695241332054138,-0.3071177303791046,0.9295321702957152,0.1058518812060356,-0.662399411201477,-0.5053941011428833,0.9512525200843812,-0.1309836357831955,-0.6949360370635986,-0.2920488715171814,0.9199883341789246,0.1312515139579773,-0.718770444393158,-0.4819381535053253,0.9438018798828124,-0.0778969377279281,-0.6168757081031799,-0.3032387495040893,0.8699121475219727,0.0630552917718887,-0.6400434970855713,-0.4430566430091858,0.9172088503837584,0.1029949337244033,-0.0035062413662672,0.0206138007342815,0.9999675750732422,-0.1023320704698562,-0.000690012006089,-0.0190422087907791,0.9999694228172302,0.1272221058607101,0.4038565456867218,-0.0548046827316284,0.9846899509429932,-0.0859580636024475,0.3444620370864868,-0.0374835766851902,0.9715957045555116,0.1495686322450637,0.7039326429367065,0.1627403199672699,0.984501838684082,-0.1000232771039009,0.7045812606811523,0.1812461018562317,0.9849638938903807,0.129542127251625,0.731606125831604,0.1902863532304763,0.8602573871612549,-0.1005522683262825,0.7356595396995544,0.1604915410280227,0.8969075679779053,0.1475550979375839,0.7958833575248718,0.1486881524324417,0.9809481501579284,-0.1585618257522583,0.7662544846534729,0.0855395346879959,0.9793352484703064
0.0078608365729451,-0.5908316373825073,-0.2917708456516266,0.998184323310852,0.0165603011846542,-0.6088447570800781,-0.2855726778507232,0.9972621202468872,0.0153687829151749,-0.6113215684890747,-0.2732239663600921,0.9973344802856444,0.0125350132584571,-0.6097372770309448,-0.2752983272075653,0.997735321521759,-0.0099849300459027,-0.611735999584198,-0.2967459261417389,0.99783456325531,-0.0078193116933107,-0.6118488907814026,-0.3132212162017822,0.9982362985610962,-0.0044091413728892,-0.5995960831642151,-0.2897408902645111,0.9983822107315063,0.0622876770794391,-0.6180108785629272,-0.1868597269058227,0.9988288283348083,-0.0772926211357116,-0.5466312170028687,-0.1898835450410843,0.9972354173660278,0.0410721078515052,-0.5833649635314941,-0.2443041205406189,0.995991826057434,0.0022153037134557,-0.5456939935684204,-0.2737090587615967,0.9957215189933776,0.1566401422023773,-0.4808807969093323,-0.1200319975614547,0.9994111061096193,-0.1293240934610366,-0.5293176770210266,-0.0685519501566886,0.9984720349311828,0.0643143877387046,-0.4430138170719147,-0.2805128395557403,0.9626882076263428,-0.086226038634777,-0.4384383261203766,-0.2943528592586517,0.9713780283927916,-0.0756857544183731,-0.6156808137893677,-0.3029583692550659,0.9586709141731262,0.0477214716374874,-0.6081802845001221,-0.4249437749385834,0.9726092219352722,-0.1333279013633728,-0.6651675701141357,-0.2997730672359466,0.92992502450943,0.1059913039207458,-0.6546729803085327,-0.4837498068809509,0.9519426822662354,-0.130488708615303,-0.6902323961257935,-0.283698558807373,0.9203495979309082,0.1322475373744964,-0.7111862897872925,-0.4591244459152221,0.9444453716278076,-0.0773977637290954,-0.6130945086479187,-0.2959315478801727,0.8704267144203186,0.0623191334307193,-0.6335916519165039,-0.4223691523075104,0.9179164171218872,0.1029976084828376,-0.0035144428256899,0.0204072836786508,0.99996680021286,-0.102336548268795,-0.0007053150911815,-0.0189034454524517,0.9999688267707824,0.1277384608983993,0.4020558595657348,-0.0543003007769584,0.984822154045105,-0.085700437426567,0.3437002301216125,-0.036617711186409,0.9721213579177856,0.1530022025108337,0.701728343963623,0.1626438200473785,0.9846364259719848,-0.098622553050518,0.7017020583152771,0.1821776628494262,0.9850372672080994,0.1334169954061508,0.7293708920478821,0.1902165412902832,0.8608608841896057,-0.0992030724883079,0.7323755621910095,0.161473736166954,0.897392988204956,0.1511508077383041,0.7922044396400452,0.1490471512079239,0.9810716509819032,-0.1575454175472259,0.7628339529037476,0.0870193466544151,0.9794711470603944
0.0053989589214324,-0.5933182835578918,-0.2924770712852478,0.9982120990753174,0.0164670869708061,-0.6108695268630981,-0.2860658168792724,0.9973281025886536,0.0153353102505207,-0.6131021976470947,-0.2737038433551788,0.9973870515823364,0.0125066833570599,-0.6117264032363892,-0.2758433222770691,0.9977821707725524,-0.01036689709872,-0.6154634356498718,-0.2965016663074493,0.9978727698326112,-0.0083099314942955,-0.6153817772865295,-0.3129924833774566,0.9982557892799376,-0.004890436772257,-0.6032034158706665,-0.2895249724388122,0.9984050989151,0.0709179937839508,-0.6180218458175659,-0.1867938041687011,0.9988334774971008,-0.0745152458548545,-0.5516595840454102,-0.1820476949214935,0.9972346425056458,0.0405455790460109,-0.5846545696258545,-0.2449503540992736,0.9959685206413268,0.0009227617993019,-0.5485684871673584,-0.273360937833786,0.995698630809784,0.1606609672307968,-0.4806405901908874,-0.1187176182866096,0.9993898868560792,-0.1265569329261779,-0.5294314622879028,-0.0578192174434661,0.998461663722992,0.0647969841957092,-0.442034900188446,-0.2793622314929962,0.9619798064231871,-0.0951723530888557,-0.4285670220851898,-0.2679280340671539,0.9708357453346252,-0.0752357617020607,-0.6038854718208313,-0.3027105629444122,0.9579614400863647,0.0425900220870971,-0.5887914896011353,-0.4020601511001587,0.972722053527832,-0.1328226923942566,-0.6500828862190247,-0.2996290922164917,0.9289522767066956,0.103625401854515,-0.6336262822151184,-0.4612141847610473,0.9515476822853088,-0.130194291472435,-0.6723996996879578,-0.2836917340755462,0.9191892147064208,0.1307362616062164,-0.6942723393440247,-0.4387857317924499,0.943888783454895,-0.0770238116383552,-0.6002020835876465,-0.2958237528800964,0.8686920404434204,0.0584434382617473,-0.6157681941986084,-0.4006286561489105,0.9170068502426147,0.1029145494103431,-0.0034789615310728,0.0197032615542411,0.9999672174453736,-0.1022491976618766,-0.0007661025156266,-0.0183000545948743,0.9999693036079408,0.128323495388031,0.4008423686027527,-0.0287273582071065,0.9846834540367126,-0.0848761200904846,0.340889036655426,-0.0175141561776399,0.9728085398674012,0.1574295163154602,0.699927806854248,0.1848195940256118,0.9851228594779968,-0.0958736762404441,0.6980566382408142,0.1970287859439849,0.985567569732666,0.1384382098913192,0.7279929518699646,0.21206134557724,0.8634828925132751,-0.0962203294038772,0.7282498478889465,0.1759939044713974,0.9001713395118713,0.1569040417671203,0.7891719341278076,0.1689543724060058,0.981601893901825,-0.1535585522651672,0.7597478628158569,0.1022518575191497,0.980137288570404
-0.0001033306325552,-0.5964023470878601,-0.2941449284553528,0.9982701539993286,0.0152644766494631,-0.6138235330581665,-0.286523163318634,0.997446596622467,0.0144452545791864,-0.6156309247016907,-0.2743364572525024,0.9974989295005798,0.0115461256355047,-0.6143991947174072,-0.2764372825622558,0.9978847503662108,-0.0122944703325629,-0.6202201843261719,-0.2970768511295318,0.9979401230812072,-0.0104001034051179,-0.6200202107429504,-0.3136231005191803,0.9982959628105164,-0.0069590574130415,-0.6080949306488037,-0.2901060283184051,0.9984338879585266,0.0749457105994224,-0.6179771423339844,-0.1871303021907806,0.9988839030265808,-0.0741642341017723,-0.559406042098999,-0.1793937534093856,0.997217297554016,0.0373940877616405,-0.5863041281700134,-0.246410846710205,0.996144950389862,-0.0036896136589348,-0.5524210929870605,-0.2738376259803772,0.9958233833312988,0.1632852107286453,-0.4804127514362335,-0.1161201819777488,0.9994080662727356,-0.1267169117927551,-0.528230607509613,-0.0499337799847126,0.998400092124939,0.0972103029489517,-0.418670654296875,-0.2742843925952911,0.9634963274002076,-0.1009934842586517,-0.3784869611263275,-0.2524256408214569,0.9669358134269714,-0.0662621483206749,-0.5557956695556641,-0.3062301874160766,0.959352731704712,0.0142501331865787,-0.5163006782531738,-0.4005069434642792,0.9672804474830629,-0.1279470771551132,-0.5977854132652283,-0.3067564666271209,0.9310203790664672,0.0715873762965202,-0.558567225933075,-0.460440993309021,0.9428386092185974,-0.1286021918058395,-0.6239711046218872,-0.2931568622589111,0.9214542508125304,0.0937212407588958,-0.6236096620559692,-0.4395531415939331,0.9339925050735474,-0.0708762928843498,-0.5534439086914062,-0.2999617457389831,0.8715171217918396,0.0277174599468708,-0.5442363023757935,-0.4001804292201996,0.903349995613098,0.1025590300559997,-0.0035409936681389,0.0193919986486434,0.999967873096466,-0.1018101349472999,-0.0006332548800855,-0.0179175939410924,0.999968945980072,0.1288774758577346,0.3900312185287475,-0.0351685285568237,0.985336184501648,-0.0884344205260276,0.3340398669242859,-0.0139958942309021,0.9738621115684508,0.1577908992767334,0.6887070536613464,0.1828313469886779,0.9857211112976074,-0.0958916544914245,0.6885759234428406,0.2027328610420227,0.9861837029457092,0.1388461291790008,0.7175508141517639,0.2107846140861511,0.8677571415901184,-0.0962123200297355,0.7182023525238037,0.1821154356002807,0.9039831757545472,0.1572295874357223,0.7773578763008118,0.1675772219896316,0.9821398258209229,-0.1534201949834823,0.7499712705612183,0.1130895689129829,0.9807597994804382
-0.0029321950860321,-0.6058312654495239,-0.2933409214019775,0.9982929229736328,0.0147695038467645,-0.6224728226661682,-0.2845005691051483,0.9974753856658936,0.0141377765685319,-0.6239268183708191,-0.2726768851280212,0.9975207448005676,0.0111946864053606,-0.6227326393127441,-0.2745620608329773,0.9979026913642884,-0.0131322713568806,-0.6300119757652283,-0.2942211627960205,0.9979684352874756,-0.0112500619143247,-0.6298906207084656,-0.3100943565368652,0.9983192682266236,-0.0077480245381593,-0.618293046951294,-0.2872627377510071,0.9984581470489502,0.0763837769627571,-0.6179823875427246,-0.1824271231889724,0.9988696575164796,-0.0739204734563827,-0.5650109648704529,-0.1721677035093307,0.9971882104873656,0.0350404903292655,-0.5921780467033386,-0.2458943128585815,0.9963239431381226,-0.0062359892763197,-0.5601160526275635,-0.2724160552024841,0.9960211515426636,0.163946583867073,-0.4720105826854706,-0.1069126352667808,0.9994272589683532,-0.1285793036222458,-0.5194656848907471,-0.034425638616085,0.9984599947929382,0.1195002421736717,-0.3590950071811676,-0.25294029712677,0.9625128507614136,-0.1177916154265403,-0.3182832300662994,-0.2256918102502823,0.9623023271560668,-0.0268286503851413,-0.466350793838501,-0.3060430288314819,0.9575315713882446,-0.0213001947849988,-0.4493318200111389,-0.3924406468868255,0.9662054181098938,-0.0829201638698577,-0.5050584077835083,-0.3093725442886352,0.9290151596069336,0.0326451770961284,-0.494782954454422,-0.4537242949008941,0.9415947794914246,-0.0879178568720817,-0.531358540058136,-0.2968289256095886,0.9192171096801758,0.0544536486268043,-0.5594102144241333,-0.4345356523990631,0.9325004816055298,-0.0330421738326549,-0.463742583990097,-0.300130546092987,0.8674590587615967,-0.0079172486439347,-0.4773613512516022,-0.3934077024459839,0.9006466269493103,0.1024717316031456,-0.0036059215199202,0.0192581824958324,0.9999679327011108,-0.1016265302896499,-0.0005301038618199,-0.0176766440272331,0.9999688267707824,0.132363349199295,0.387272834777832,-0.0517541579902172,0.9853854179382324,-0.091440811753273,0.330592393875122,-0.0259857401251792,0.9739657640457152,0.1597112715244293,0.6888912320137024,0.1765643656253814,0.9856724739074708,-0.0962638109922409,0.6891199350357056,0.1990585476160049,0.9862873554229736,0.141187697649002,0.7185554504394531,0.2059364318847656,0.8666132092475891,-0.0964369624853134,0.7188441157341003,0.1795134842395782,0.9035557508468628,0.1579448878765106,0.7778352499008179,0.1595890372991562,0.9818931221961976,-0.153098851442337,0.7503665685653687,0.1066842675209045,0.9806174635887146
-0.0064082671888172,-0.6091786026954651,-0.2889886200428009,0.9981845617294312,0.0130471317097544,-0.6264274716377258,-0.2779187262058258,0.9973077774047852,0.012959468178451,-0.6276139616966248,-0.2667012214660644,0.9973209500312804,0.0098809441551566,-0.6265463829040527,-0.2687203288078308,0.9977824687957764,-0.0152369681745767,-0.634319543838501,-0.2875953316688537,0.9978172183036804,-0.0133029958233237,-0.6341193914413452,-0.3026281893253326,0.9981687664985656,-0.0097454125061631,-0.6228932738304138,-0.2805491983890533,0.9983345866203308,0.0762349590659141,-0.6179723739624023,-0.1708989590406417,0.9987674355506896,-0.0742257013916969,-0.5688953995704651,-0.1618746966123581,0.9967344403266908,0.0319918990135192,-0.5951789617538452,-0.2413634657859802,0.9964014887809752,-0.009481256827712,-0.5637744665145874,-0.267041802406311,0.9960598945617676,0.1653345376253128,-0.469254195690155,-0.0866965949535369,0.999447762966156,-0.1367459148168563,-0.5162889957427979,-0.0243340041488409,0.9984779357910156,0.1524382084608078,-0.3292552828788757,-0.2156123667955398,0.9590531587600708,-0.1424120813608169,-0.2980899512767792,-0.2076167613267898,0.9538965225219728,-0.0009311306057497,-0.3796104788780212,-0.2917012274265289,0.9463154077529908,-0.0262164343148469,-0.3918444812297821,-0.3841756880283355,0.9484515190124512,-0.0596532523632049,-0.4024142026901245,-0.3000690639019012,0.9152387976646424,0.0341086983680725,-0.4238205850124359,-0.4475919902324676,0.9177277684211732,-0.0716306343674659,-0.4325014352798462,-0.294250339269638,0.9046881794929504,0.0578276664018631,-0.4943525493144989,-0.4309342205524444,0.906575322151184,-0.0107942661270499,-0.3758209943771362,-0.2892618477344513,0.8462266325950623,-0.0109535316005349,-0.4197010695934295,-0.3865148723125458,0.8658494353294373,0.1022685244679451,-0.0037046605721116,0.0193440299481153,0.9999681115150452,-0.1013415977358818,-0.0002241466281702,-0.0176741871982812,0.9999682903289796,0.1337229907512664,0.3727848529815674,-0.0866539999842643,0.9853639602661132,-0.0912372767925262,0.3171700835227966,-0.0609689801931381,0.9738584756851196,0.1596431136131286,0.677842915058136,0.144264668226242,0.9851913452148438,-0.096214547753334,0.6758590936660767,0.1744674146175384,0.9858535528182985,0.1411222517490387,0.7082026600837708,0.1742974072694778,0.8637310266494751,-0.0964542627334594,0.7054104208946228,0.1571665704250335,0.9002972841262817,0.1577643603086471,0.757499098777771,0.1229304522275924,0.98074609041214,-0.1514030545949936,0.7323633432388306,0.0827901661396026,0.9794053435325624
-0.0112819280475378,-0.6085370779037476,-0.3081967532634735,0.9981629252433776,0.0115396976470947,-0.6260371804237366,-0.2968360185623169,0.9972419738769532,0.0119924265891313,-0.6271461844444275,-0.2858396768569946,0.997226357460022,0.0089016892015933,-0.6261296272277832,-0.288267433643341,0.9977397918701172,-0.0171803887933492,-0.6345799565315247,-0.3061470985412597,0.99775230884552,-0.0152655784040689,-0.6342239379882812,-0.3202165365219116,0.9980966448783876,-0.0118091674521565,-0.623236894607544,-0.2990398108959198,0.9982666969299316,0.0769472792744636,-0.6150355339050293,-0.1835311353206634,0.998699188232422,-0.0743013694882392,-0.5722528696060181,-0.1720162183046341,0.9962844848632812,0.0278889071196317,-0.5949078798294067,-0.2591679990291595,0.9965777397155762,-0.0139391114935278,-0.5636046528816223,-0.2837039232254028,0.9962231516838074,0.1667872667312622,-0.4649239182472229,-0.088314339518547,0.9994860887527466,-0.144435629248619,-0.5126457214355469,-0.0276871621608734,0.9985544681549072,0.1812636703252792,-0.2818836867809295,-0.1839114427566528,0.9536245465278624,-0.1804259866476059,-0.2481868267059326,-0.1785707473754882,0.927149772644043,0.029252914711833,-0.2790437340736389,-0.273808866739273,0.9333041310310364,-0.0969594493508338,-0.2585747539997101,-0.3759896159172058,0.9020304083824158,-0.0285801272839307,-0.2855030000209808,-0.2883825600147247,0.9046452045440674,-0.0426493920385837,-0.2663479745388031,-0.4452405571937561,0.8734506964683533,-0.0475819334387779,-0.3237762749195099,-0.2931453883647918,0.8948941826820374,-0.011198678985238,-0.3377970159053802,-0.4330615103244781,0.8621821403503418,0.0167703032493591,-0.2763653099536896,-0.2756949067115783,0.830452561378479,-0.0789733678102493,-0.2828710377216339,-0.3831788301467895,0.81452876329422,0.1018120720982551,-0.0039201085455715,0.0198365692049264,0.9999683499336244,-0.100721001625061,0.0003588364925235,-0.0177831407636404,0.9999673366546632,0.1349764913320541,0.3682189583778381,-0.0819600075483322,0.9847129583358764,-0.0882349386811256,0.3022519648075104,-0.0722762048244476,0.9729045629501344,0.1600225418806076,0.6737365126609802,0.1444520652294159,0.9848461151123048,-0.0935711413621902,0.6592363119125366,0.1588061898946762,0.9855513572692872,0.1416569054126739,0.704980194568634,0.1735837161540985,0.8628918528556824,-0.0941013395786285,0.6882631182670593,0.1415133476257324,0.8988217115402222,0.1580391079187393,0.7507357001304626,0.1192620694637298,0.9795785546302797,-0.1419123262166977,0.7128437757492065,0.0662253350019455,0.9780600666999816
-0.0160157717764377,-0.60813969373703,-0.3572306632995605,0.9983360767364502,0.0090217404067516,-0.6259492635726929,-0.3462752997875213,0.9974941611289978,0.0100008305162191,-0.6268628835678101,-0.3343622088432312,0.9974762797355652,0.0072361109778285,-0.6259471774101257,-0.3379632532596588,0.9979426860809326,-0.0199880134314298,-0.6350846886634827,-0.3556986153125763,0.997960925102234,-0.0184513758867979,-0.6344720125198364,-0.3699095845222473,0.9982739090919496,-0.0145299974828958,-0.6234215497970581,-0.3486142754554748,0.9984281063079834,0.0767848268151283,-0.6142979264259338,-0.2302710711956024,0.9988105893135072,-0.0753846615552902,-0.5743463039398193,-0.2230339646339416,0.9966176152229308,0.0237281024456024,-0.594806432723999,-0.3060405552387237,0.9969089031219482,-0.0175701882690191,-0.5640546679496765,-0.3319684267044067,0.9965898990631104,0.1689767092466354,-0.4618507325649261,-0.0960059016942977,0.9995324611663818,-0.1493749767541885,-0.5128147602081299,-0.0526266992092132,0.9986921548843384,0.213944524526596,-0.2669837176799774,-0.1661555022001266,0.956505537033081,-0.199932724237442,-0.2458607852458953,-0.1622520238161087,0.932341992855072,0.0813110470771789,-0.1918647140264511,-0.2534948289394378,0.9386810660362244,-0.1555850654840469,-0.1342179775238037,-0.345097154378891,0.9108709096908568,0.0267634727060794,-0.1700765341520309,-0.2759346067905426,0.9128127098083496,-0.118367500603199,-0.103118248283863,-0.4207833111286163,0.8848971128463745,-0.0148709863424301,-0.2055455446243286,-0.29200479388237,0.904144287109375,-0.0693523734807968,-0.155951127409935,-0.4274055659770965,0.8748498558998108,0.0596486218273639,-0.1823312789201736,-0.2600738108158111,0.8450452089309692,-0.1319193691015243,-0.142716571688652,-0.3615175783634186,0.8311769366264343,0.1013674661517143,-0.0038062687963247,0.020945580676198,0.9999679923057556,-0.1001879349350929,0.0003103338531218,-0.018466766923666,0.9999672174453736,0.1349786818027496,0.3693559169769287,-0.0059100692160427,0.9844546914100648,-0.0881895348429679,0.2979605495929718,-0.0424922071397304,0.9737108945846558,0.1588872522115707,0.6747770309448242,0.2093958556652069,0.9852223992347716,-0.0935897231101989,0.6576762795448303,0.1685536503791809,0.9860387444496156,0.1401455551385879,0.7062441110610962,0.2355463355779647,0.866777241230011,-0.0941571444272995,0.6872074604034424,0.1507259458303451,0.9020888209342957,0.1545248180627823,0.7544207572937012,0.1807712614536285,0.9800126552581788,-0.1403576433658599,0.7163629531860352,0.0771197974681854,0.9785972237586976
-0.0176736824214458,-0.603873610496521,-0.4029324054718017,0.9985002875328064,0.0075723715126514,-0.6229950785636902,-0.3941783905029297,0.9977402091026306,0.0091328779235482,-0.6226092576980591,-0.3821747303009033,0.9977236986160278,0.0066768308170139,-0.6223680973052979,-0.3859785199165344,0.9981446266174316,-0.0205936543643474,-0.6321683526039124,-0.4025438129901886,0.998161256313324,-0.0192600302398204,-0.6310838460922241,-0.4164435863494873,0.9984431862831116,-0.0150048779323697,-0.6197327375411987,-0.3950793147087097,0.998582363128662,0.077619582414627,-0.6089565753936768,-0.2850073873996734,0.9989259243011476,-0.0738793611526489,-0.5712713003158569,-0.2699214518070221,0.996944546699524,0.0233095716685056,-0.5910940766334534,-0.3526715040206909,0.9972162842750548,-0.0172857604920864,-0.5606837868690491,-0.3764306008815765,0.9969288110733032,0.1752993017435073,-0.452855110168457,-0.1447565704584121,0.9995786547660828,-0.1486786305904388,-0.503774106502533,-0.0760094374418258,0.9988210201263428,0.2330206930637359,-0.2387243658304214,-0.1830824017524719,0.9605154991149902,-0.1937186419963836,-0.2098446935415268,-0.1112219616770744,0.9378695487976074,0.1412260234355926,-0.0757296979427337,-0.2585763931274414,0.944634735584259,-0.1863408088684082,-0.0289783645421266,-0.2171719819307327,0.919299304485321,0.1024109348654747,-0.031138626858592,-0.2776934206485748,0.9212722182273864,-0.1594644486904144,0.0190632119774818,-0.2724937200546264,0.8956175446510315,0.0488962456583976,-0.0453021936118602,-0.2979103624820709,0.91349196434021,-0.1167363673448562,-0.015294661745429,-0.2972533404827118,0.8866668939590454,0.1168467551469802,-0.0527148582041263,-0.2635461986064911,0.860073983669281,-0.1646194010972976,-0.02742968685925,-0.2386651933193206,0.8470259308815002,0.1013510301709175,-0.0034271972253918,0.020937904715538,0.999969720840454,-0.1000578850507736,5.07834083691705e-05,-0.0184652265161275,0.9999688863754272,0.136765643954277,0.3693355321884155,0.0070609799586236,0.9848346710205078,-0.094354398548603,0.291778951883316,-0.0392560809850692,0.9753947854042052,0.1588694751262664,0.6729053854942322,0.2327806949615478,0.9859634637832642,-0.0964401811361312,0.6508018970489502,0.1700446456670761,0.9868439435958862,0.1401398628950119,0.7053263783454895,0.2590745985507965,0.8726697564125061,-0.0968487113714218,0.6796941757202148,0.1521214842796325,0.9066145420074464,0.1534392237663269,0.7556055188179016,0.206969067454338,0.9811121225357056,-0.1392602622509002,0.7139014005661011,0.0789830684661865,0.9798637628555298
-0.0170468389987945,-0.6031385660171509,-0.4308620691299438,0.998648762702942,0.0078550362959504,-0.6226500868797302,-0.4221639931201935,0.9979630708694458,0.009469635784626,-0.6217156052589417,-0.4096066355705261,0.9979478120803832,0.0072892918251454,-0.6216274499893188,-0.4130862355232239,0.9983274936676024,-0.0198361184448003,-0.6320512890815735,-0.4293154180049896,0.9983426928520204,-0.0188807416707277,-0.6308295726776123,-0.4433955252170563,0.9985965490341188,-0.0141223510727286,-0.6187589764595032,-0.4218765795230865,0.9987221956253052,0.0820575580000877,-0.6080763936042786,-0.3150576055049896,0.9990310072898864,-0.070054106414318,-0.5708421468734741,-0.2991865873336792,0.9972434043884276,0.0240433439612388,-0.5905053019523621,-0.381161093711853,0.9974933862686156,-0.0159596819430589,-0.5605251789093018,-0.4033883810043335,0.9972344636917114,0.1840454488992691,-0.448434054851532,-0.1758465468883514,0.9996203184127808,-0.1473489850759506,-0.5016531944274902,-0.1119423657655716,0.9989375472068788,0.2338397800922393,-0.2349517792463302,-0.1800645738840103,0.9640379548072816,-0.1834949105978012,-0.2056244909763336,-0.1284092664718628,0.9433585405349731,0.2054946273565292,-0.0281986314803361,-0.211171880364418,0.9498639702796936,-0.1995785534381866,0.0034763074945658,-0.2043578922748565,0.9269768595695496,0.1874247193336486,0.0242213942110538,-0.2214451432228088,0.9286321997642516,-0.1842837333679199,0.0588414371013641,-0.2504993975162506,0.9052401781082152,0.1375360786914825,0.030580935999751,-0.2508766055107116,0.9216795563697816,-0.1430092304944992,0.0384695567190647,-0.2727741003036499,0.897282600402832,0.186559185385704,0.0048588742502033,-0.2204370647668838,0.8733037710189819,-0.180371344089508,0.0131706474348902,-0.2239972651004791,0.8613159656524658,0.101342961192131,-0.0024703270755708,0.0208929795771837,0.9999719858169556,-0.0999999269843101,-0.000547683739569,-0.0184383578598499,0.999971091747284,0.1394100934267044,0.3554332852363586,-0.0041377968154847,0.9859365820884703,-0.0941130444407463,0.2891395986080169,0.0443674996495246,0.9767362475395204,0.1585350483655929,0.6460340619087219,0.2369905859231948,0.9869133830070496,-0.0964397192001342,0.632297694683075,0.2877211570739746,0.9876112937927246,0.1399903297424316,0.6784767508506775,0.2663203477859497,0.8799412250518799,-0.0968559086322784,0.660949170589447,0.2732652723789215,0.9100027680397034,0.15137779712677,0.7346722483634949,0.2172856032848358,0.9824190139770508,-0.1328594982624054,0.6969509124755859,0.2106151431798935,0.9810150861740112
-0.0173499938100576,-0.5991730690002441,-0.4510102868080139,0.99878191947937,0.0073936199769377,-0.6193995475769043,-0.4431466162204742,0.9981627464294434,0.0089356489479541,-0.6178399324417114,-0.4298760890960693,0.9981482625007628,0.0070042824372649,-0.6180381178855896,-0.4337139129638672,0.9984911680221558,-0.0199354533106088,-0.6295340061187744,-0.4506425857543945,0.998505473136902,-0.019223753362894,-0.6282062530517578,-0.4650916159152984,0.9987340569496156,-0.0142777627333998,-0.6151586174964905,-0.4431772828102112,0.998847723007202,0.0817859098315239,-0.6048530340194702,-0.3330591320991516,0.9991246461868286,-0.0701697692275047,-0.5694007873535156,-0.3215690553188324,0.9975111484527588,0.0237766411155462,-0.5870088338851929,-0.4000360369682312,0.9977418780326844,-0.0159736275672912,-0.5578889846801758,-0.4232859313488006,0.997508704662323,0.1837550997734069,-0.442975640296936,-0.1884310096502304,0.9996574521064758,-0.146799698472023,-0.5015059113502502,-0.1300393342971801,0.9990419745445251,0.2315033823251724,-0.225035473704338,-0.1639991551637649,0.9669653177261353,-0.1781695038080215,-0.2109571546316146,-0.1393001824617386,0.9479606747627258,0.2479244768619537,0.0083441231399774,-0.1533369868993759,0.9543463587760924,-0.2058064639568328,-0.0032902809325605,-0.2126179188489914,0.9338328838348388,0.2418192028999328,0.0606167800724506,-0.1539181470870971,0.9348444938659668,-0.1952347308397293,0.0473659262061119,-0.2602653205394745,0.9138010144233704,0.20049849152565,0.0749917402863502,-0.186142161488533,0.9286993741989136,-0.1542337983846664,0.0297276992350816,-0.2816331386566162,0.9067515730857848,0.2351075708866119,0.0458225235342979,-0.1632740646600723,0.884738028049469,-0.187693178653717,0.0068851662799716,-0.2325061559677124,0.8740516901016235,0.1010180115699768,-0.0015999269671738,0.0207198727875947,0.999974012374878,-0.0995977967977523,-0.0011776936007663,-0.0182725824415683,0.9999731779098512,0.1394353359937667,0.3570775985717773,0.056591086089611,0.98679918050766,-0.0925371944904327,0.2878982722759247,0.0892658084630966,0.9779619574546814,0.1568501889705658,0.6412837505340576,0.3170257806777954,0.987828493118286,-0.096410296857357,0.6266517639160156,0.3390303254127502,0.9884085655212402,0.1384283602237701,0.6737844347953796,0.3475801646709442,0.8865754008293152,-0.0969173163175582,0.6554977297782898,0.324571818113327,0.9140767455101012,0.1491427570581436,0.7307652831077576,0.3023152351379394,0.9836169481277466,-0.1337050795555114,0.6908104419708252,0.2629226744174957,0.98217511177063
-0.0195551570504903,-0.6020311117172241,-0.4245288372039795,0.9989011883735656,0.0051902714185416,-0.6221693754196167,-0.4154642522335052,0.9983407855033876,0.0067068641074001,-0.620627760887146,-0.4026353359222412,0.9983270764350892,0.0050823185592889,-0.6208299994468689,-0.4062550365924835,0.9986370205879213,-0.0218273121863603,-0.6322416067123413,-0.4233182668685913,0.9986507892608644,-0.0216626897454261,-0.6311179995536804,-0.4377345442771911,0.9988569617271424,-0.0163214914500713,-0.6176302433013916,-0.4159249067306518,0.9989598393440248,0.0809973999857902,-0.6066467761993408,-0.3050587177276611,0.9992076754570008,-0.0727568939328193,-0.5709523558616638,-0.294815182685852,0.997749090194702,0.0221565514802932,-0.5899202227592468,-0.3739624619483948,0.9979650378227234,-0.0179290249943733,-0.5606729984283447,-0.3976154029369354,0.99775493144989,0.1831488013267517,-0.4443846642971039,-0.1755398660898208,0.9996908903121948,-0.1494987607002258,-0.5022556185722351,-0.1169511303305625,0.9991357326507568,0.2358823418617248,-0.2329414784908294,-0.1383689194917678,0.9695274829864502,-0.1805776357650756,-0.2129203677177429,-0.1207659021019935,0.9519162178039552,0.2825877070426941,-0.0088765360414981,-0.1361379772424698,0.9584711194038392,-0.2158430814743042,-0.0172930732369422,-0.2084877043962478,0.9400314688682556,0.2846786677837372,0.0407902784645557,-0.1371350288391113,0.9406104683876038,-0.206285610795021,0.0299497079104185,-0.2577709853649139,0.9216052889823914,0.2491311281919479,0.0552328117191791,-0.1693512499332428,0.9351811408996582,-0.1658831983804702,0.009383738040924,-0.2803460359573364,0.9153675436973572,0.2736147344112396,0.0282400455325841,-0.146976962685585,0.895253598690033,-0.1980578005313873,-0.0089843105524778,-0.2289035767316818,0.8856299519538879,0.1010832861065864,-0.0013022060738876,0.020605631172657,0.9999756813049316,-0.0996085777878761,-0.0013473670696839,-0.0181187074631452,0.9999748468399048,0.1389483958482742,0.3585600256919861,0.0634782537817955,0.987413763999939,-0.0924456045031547,0.286762923002243,0.0865627750754356,0.9789594411849976,0.1567127853631973,0.6439909338951111,0.3293927609920501,0.988511860370636,-0.0982607677578926,0.6262833476066589,0.338166207075119,0.9890056848526,0.138402909040451,0.6766857504844666,0.3603911101818084,0.8905324935913086,-0.0991935208439827,0.6553465723991394,0.3236252665519714,0.9164467453956604,0.1491178274154663,0.7305716872215271,0.3155725300312042,0.9845208525657654,-0.1346410810947418,0.6890028715133667,0.2623834908008575,0.9830406308174132
-0.0201297588646411,-0.6087174415588379,-0.4107082784175873,0.9990094900131226,0.0048641972243785,-0.6282204985618591,-0.4014676809310913,0.9985029697418212,0.0064284047111868,-0.6268724203109741,-0.3888502120971679,0.9984902143478394,0.0048246588557958,-0.6268945336341858,-0.392261266708374,0.998769998550415,-0.0221770852804183,-0.6388999819755554,-0.4096686542034149,0.9987831115722656,-0.0221845675259828,-0.6377739310264587,-0.4242841005325317,0.9989689588546752,-0.0167077388614416,-0.6241911053657532,-0.4023337960243225,0.99906188249588,0.08101686835289,-0.6102639436721802,-0.2929632365703583,0.999283730983734,-0.0736562311649322,-0.5769314169883728,-0.284188836812973,0.9979671239852904,0.0218431670218706,-0.59609454870224,-0.3603747487068176,0.9981666207313538,-0.0187043007463216,-0.5672770738601685,-0.3844936490058899,0.9979774355888368,0.1832227110862732,-0.4448876976966858,-0.1645696014165878,0.9997210502624512,-0.1514331251382827,-0.5035690665245056,-0.1062501445412635,0.9992204308509828,0.2502528131008148,-0.2451184093952179,-0.1133365631103515,0.9718710780143738,-0.1827937960624694,-0.2158115804195404,-0.0915166661143302,0.9554501175880432,0.3065568506717682,-0.0316886529326438,-0.1128261908888816,0.9621477723121644,-0.2142243683338165,-0.0230497606098651,-0.176187977194786,0.9455817937850952,0.310579240322113,0.0161014981567859,-0.1125304549932479,0.945748805999756,-0.2016892582178115,0.0237463060766458,-0.2227765917778015,0.928594410419464,0.2782647609710693,0.0297293867915868,-0.1450976133346557,0.9409644603729248,-0.1629085540771484,0.0003035954141523,-0.2465280592441558,0.9230822920799256,0.2993412911891937,0.0042534079402685,-0.123855322599411,0.9046915769577026,-0.1963778436183929,-0.0166202541440725,-0.1960662752389907,0.8960269689559937,0.1012762337923049,-0.0010214516660198,0.0206088926643133,0.9999773502349854,-0.0996670573949813,-0.001501960447058,-0.0181179009377956,0.9999764561653136,0.1389138996601104,0.3594865202903747,0.0479101315140724,0.9881744384765624,-0.0923461690545082,0.2849392294883728,0.0649856552481651,0.9803234934806824,0.1567299216985702,0.647330641746521,0.3063713014125824,0.989243745803833,-0.0982156842947006,0.6279676556587219,0.3133767545223236,0.9896734952926636,0.1384557485580444,0.6795617341995239,0.3368026614189148,0.8953169584274292,-0.0991216078400611,0.6572042107582092,0.2989008128643036,0.919676661491394,0.1489451378583908,0.7338299751281738,0.2926446795463562,0.9854847192764282,-0.1337293684482574,0.6914591193199158,0.239248901605606,0.9840195178985596
-0.0227789673954248,-0.6145470142364502,-0.4036402404308319,0.9991065263748168,0.0025586497504264,-0.6334952712059021,-0.3943417370319366,0.998647928237915,0.0043008211068809,-0.6324318647384644,-0.3818256258964538,0.9986361265182496,0.0026278656441718,-0.6321654319763184,-0.3851510882377624,0.9988889694213868,-0.0242043510079383,-0.644256591796875,-0.4027092754840851,0.9989015460014344,-0.0243750419467687,-0.642966091632843,-0.4175604283809662,0.9990692138671876,-0.0187345556914806,-0.629530668258667,-0.3954429626464844,0.9991533756256104,0.0808835625648498,-0.6140425801277161,-0.2861180901527405,0.9993515014648438,-0.0744781196117401,-0.5813839435577393,-0.281400978565216,0.9981617331504822,0.0203563012182712,-0.6016514301300049,-0.3534270524978637,0.9983478784561156,-0.0205486454069614,-0.572657585144043,-0.3780053257942199,0.9981775283813475,0.1840624958276748,-0.4483077228069305,-0.1493704169988632,0.9997481107711792,-0.1523493975400924,-0.5057231187820435,-0.0897766426205635,0.9992966055870056,0.2565036416053772,-0.25458425283432,-0.0937574729323387,0.9738067984580994,-0.1905626207590103,-0.2202683687210083,-0.0654012411832809,0.9585115909576416,0.3087315261363983,-0.0620531700551509,-0.0928598269820213,0.9652493000030518,-0.2092309892177581,-0.0347379595041275,-0.1484540700912475,0.9503058195114136,0.3103635609149933,-0.0196003895252943,-0.0931691974401474,0.950065016746521,-0.1895865350961685,0.0106026548892259,-0.1949079930782318,0.9344266057014464,0.2825804948806762,-0.0093674352392554,-0.1253248155117035,0.9458978176116944,-0.1500223577022552,-0.0172718297690153,-0.2171411216259002,0.9296023845672609,0.3029475212097168,-0.0288188364356756,-0.1041942834854126,0.9128268957138062,-0.189614787697792,-0.0309961065649986,-0.1672739535570144,0.9047995805740356,0.1016419008374214,-0.0007496289908885,0.0206139218062162,0.9999789595603944,-0.0998692661523819,-0.0016443355707451,-0.0181187950074672,0.9999780654907228,0.1404527276754379,0.3601285815238952,0.0328741185367107,0.9890706539154052,-0.0923672243952751,0.2861868143081665,0.0538662038743495,0.981805145740509,0.1575862914323806,0.6480176448822021,0.2970107495784759,0.9899906516075134,-0.0982185751199722,0.6310787796974182,0.2985388040542602,0.9903992414474488,0.1394568383693695,0.6802887320518494,0.3259967267513275,0.9005669951438904,-0.0991133749485015,0.6604025959968567,0.2837429940700531,0.923400580883026,0.1490661799907684,0.7358500361442566,0.2814792394638061,0.986448347568512,-0.1339349895715713,0.6938416361808777,0.2225215584039688,0.9850638508796692
-0.0271654464304447,-0.6206687092781067,-0.3889578878879547,0.99919331073761,-0.0014907388249412,-0.639261782169342,-0.3788319528102875,0.998777151107788,0.0005265024374239,-0.6386297941207886,-0.3669401705265045,0.9987661242485046,-0.0012907558120787,-0.6380520462989807,-0.3700122237205505,0.9989951848983764,-0.0279363449662923,-0.650145411491394,-0.3853871822357178,0.9990070462226868,-0.0281425733119249,-0.6487114429473877,-0.3977590501308441,0.999158501625061,-0.0224037766456604,-0.6355093121528625,-0.3772544860839844,0.9992348551750184,0.0805203840136528,-0.6189539432525635,-0.2670387327671051,0.999411642551422,-0.0760331377387046,-0.5870262980461121,-0.2510839104652405,0.9983329176902772,0.0174064300954341,-0.6077401638031006,-0.3386916518211365,0.9985103607177734,-0.0239095147699117,-0.5784229636192322,-0.3590551018714905,0.998356819152832,0.1839590370655059,-0.4537290930747986,-0.1249854788184166,0.9997723698616028,-0.1530545353889465,-0.5104890465736389,-0.0589586570858955,0.9993643760681152,0.2583396732807159,-0.2551889419555664,-0.073042906820774,0.975509762763977,-0.1935372203588485,-0.2272238135337829,-0.0430677980184555,0.9604750275611876,0.299684464931488,-0.0805805847048759,-0.0660926401615142,0.9679401516914368,-0.2057454288005828,-0.0556422434747219,-0.129422128200531,0.953961968421936,0.2984497845172882,-0.0393032543361187,-0.0666489005088806,0.953792691230774,-0.1831813603639602,-0.0121777020394802,-0.1754030287265777,0.9388060569763184,0.2697142362594604,-0.0301049426198005,-0.0980571210384368,0.9501924514770508,-0.1442292332649231,-0.0419607013463974,-0.1963864266872406,0.9346638321876526,0.2931885719299316,-0.0483901910483837,-0.0773428976535797,0.9199649691581726,-0.1857764720916748,-0.0534948632121086,-0.1474265903234481,0.9116666316986084,0.1018794253468513,-0.0005024299025535,0.0205748248845338,0.999980330467224,-0.0999712124466896,-0.001787673914805,-0.0180674567818641,0.9999793171882628,0.1405515223741531,0.3594516813755035,-0.0178838763386011,0.9898397922515868,-0.093252494931221,0.2871907651424408,0.0433470122516155,0.9830136895179749,0.1572515815496444,0.6524227857589722,0.2289139181375503,0.9905454516410828,-0.098274178802967,0.6322749853134155,0.280361920595169,0.9909704327583312,0.1390588283538818,0.6857104897499084,0.257260262966156,0.9039412140846252,-0.0991229489445686,0.6613545417785645,0.2651824355125427,0.9258739352226256,0.1471452414989471,0.7373356819152832,0.2092868536710739,0.9871391654014589,-0.1341215074062347,0.6956110000610352,0.2090811133384704,0.9858558773994446
-0.0268792454153299,-0.619988739490509,-0.3736882507801056,0.9992712140083312,-0.0012791000772267,-0.6386174559593201,-0.3623958528041839,0.99889475107193,0.0006563219940289,-0.6383181214332581,-0.3511906564235687,0.9988853335380554,-0.001157225924544,-0.6375351548194885,-0.3529229164123535,0.9990927577018738,-0.0270788986235857,-0.6496360898017883,-0.369741290807724,0.9991014003753662,-0.0273989550769329,-0.6480820775032043,-0.3800016939640045,0.9992378354072572,-0.0216796603053808,-0.634880006313324,-0.3605138957500458,0.9993062615394592,0.0807331576943397,-0.6188069581985474,-0.2447341233491897,0.9994684457778932,-0.0759800300002098,-0.5865604281425476,-0.2322090119123459,0.9984811544418336,0.0181726943701505,-0.6070342659950256,-0.3206694722175598,0.9986562132835388,-0.0237867720425128,-0.577738344669342,-0.3400201201438904,0.9985159635543824,0.1837598234415054,-0.4540957510471344,-0.0994533225893974,0.99979430437088,-0.1531985998153686,-0.5113114714622498,-0.0315709114074707,0.9994115829467772,0.2642652094364166,-0.2563869953155517,-0.0221179705113172,0.9770154356956482,-0.190652385354042,-0.2304506599903106,0.0087705394253134,0.934752643108368,0.2976855337619781,-0.0890485197305679,0.0358682125806808,0.969955325126648,-0.1939026862382888,-0.0696451738476753,-0.0144610395655035,0.8894399404525757,0.295332670211792,-0.0546197481453418,0.0395897179841995,0.9562946557998656,-0.1509812176227569,-0.0316059403121471,-0.047861985862255,0.8725226521492004,0.2660486102104187,-0.0453511625528335,0.0122447554022073,0.9532645344734192,-0.1205462887883186,-0.0633370205760002,-0.0621316730976104,0.8698868751525879,0.2914157807826996,-0.0581356324255466,0.0266955215483903,0.9252415299415588,-0.1736704111099243,-0.0706283375620842,-0.0293951742351055,0.8479480147361755,0.1034406572580337,-0.000338865123922,0.0207447335124015,0.9999818205833436,-0.101121611893177,-0.0018693763995543,-0.0183153953403234,0.9999801516532898,0.1425274014472961,0.3562359809875488,-0.0848848149180412,0.9907557964324952,-0.0912211537361145,0.2872384786605835,0.0048285839147865,0.9843192100524902,0.1579146832227707,0.6527566909790039,0.1595802009105682,0.9912604093551636,-0.0902477875351905,0.6339232921600342,0.2572680711746216,0.9916309118270874,0.1400113552808761,0.6863657236099243,0.187073603272438,0.9094511270523072,-0.0919522568583488,0.6629039645195007,0.2450502812862396,0.9296337366104126,0.1461594253778457,0.7383325099945068,0.1315082460641861,0.9880415797233582,-0.1298074871301651,0.6967882513999939,0.192795842885971,0.9867581725120544
-0.0257370583713054,-0.6196556687355042,-0.3679827153682709,0.9993390440940856,-0.001090167206712,-0.6381140351295471,-0.3559602200984955,0.9989980459213256,0.0011634259717538,-0.638056755065918,-0.3451407849788666,0.9989907145500184,-0.0008351778960786,-0.6370798349380493,-0.3460111618041992,0.9991791248321532,-0.0241506770253181,-0.6495844721794128,-0.363812655210495,0.9991828203201294,-0.0247130393981933,-0.6478438377380371,-0.3729705810546875,0.9993056654930116,-0.0189793929457664,-0.6344813108444214,-0.3537203371524811,0.9993662238121032,0.0813861340284347,-0.6170504093170166,-0.2372832298278808,0.9995190501213074,-0.0754439830780029,-0.5862982869148254,-0.2264505624771118,0.998606503009796,0.0199152957648038,-0.6064724922180176,-0.3134194612503052,0.9987844228744508,-0.0230392273515462,-0.5774871706962585,-0.3324150741100311,0.9986536502838136,0.183086559176445,-0.4542731940746307,-0.0918568074703216,0.999813199043274,-0.1529991328716278,-0.5115986466407776,-0.0208692736923694,0.99943208694458,0.2622357308864593,-0.2722847759723663,0.0020886124111711,0.9777926802635192,-0.1823485195636749,-0.231944128870964,0.0544925667345523,0.8850479125976562,0.3001009523868561,-0.1014227122068405,0.1025789380073547,0.9707062244415284,-0.1401188522577285,-0.082663856446743,0.0977890491485595,0.8110535740852356,0.3013416528701782,-0.0710680857300758,0.1116218045353889,0.9566566944122314,-0.0851107165217399,-0.0493853315711021,0.075306087732315,0.7954180240631104,0.2725908458232879,-0.0618543662130832,0.0872552543878555,0.954242467880249,-0.057820975780487,-0.0824858397245407,0.0640369057655334,0.7933502793312073,0.2948935925960541,-0.0709927156567573,0.0951538756489753,0.9276880621910096,-0.1212113127112388,-0.0853278711438179,0.0844410136342048,0.7734155654907227,0.1055820137262344,-0.0001132645993493,0.0209403131157159,0.9999830722808838,-0.1028623282909393,-0.0021509013604372,-0.0187459718436002,0.9999803900718688,0.1424904763698578,0.3539174199104309,-0.0816574841737747,0.9915807843208312,-0.0900507122278213,0.2849142253398895,-3.906759593519382e-05,0.9854921102523804,0.1585529744625091,0.6550379395484924,0.1611529141664505,0.991926908493042,-0.0877039059996604,0.6347744464874268,0.251236230134964,0.9922530651092528,0.1414205878973007,0.689760148525238,0.187451496720314,0.9147799015045166,-0.0903889387845993,0.663466215133667,0.240066260099411,0.9331907033920288,0.14615398645401,0.7407904863357544,0.1350122690200805,0.988871455192566,-0.1302045732736587,0.6974153518676758,0.1924016177654266,0.9875688552856444
-0.0238396450877189,-0.6181351542472839,-0.3682780265808105,0.999401032924652,-0.0006826248718425,-0.6361289620399475,-0.3561536371707916,0.999092698097229,0.0018845471786335,-0.6365762948989868,-0.3453931808471679,0.9990869760513306,-0.0003120267938356,-0.635033130645752,-0.3464227616786957,0.999257743358612,-0.0208608768880367,-0.64895099401474,-0.3640272319316864,0.9992581605911256,-0.0216041635721921,-0.6467817425727844,-0.3738430440425873,0.9993687272071838,-0.0158652067184448,-0.6328672766685486,-0.3543077707290649,0.9994223117828368,0.0818459838628768,-0.6106750965118408,-0.2385310232639312,0.9995653033256532,-0.0746096521615982,-0.5855091214179993,-0.2272499650716781,0.9987271428108216,0.0220840536057949,-0.6038898825645447,-0.3139833509922027,0.9989007115364076,-0.0215581990778446,-0.5762920379638672,-0.3334472775459289,0.9987793564796448,0.1823892146348953,-0.4524601995944977,-0.0942644029855728,0.9998300671577454,-0.1528590023517608,-0.5113692879676819,-0.0240695234388113,0.9994508028030396,0.2615662813186645,-0.2821249961853027,0.0084814811125397,0.978259027004242,-0.1707266271114349,-0.2334411889314651,0.0633598119020462,0.8336920738220215,0.2998359203338623,-0.1074785515666008,0.1329561024904251,0.9708570837974548,-0.1229563057422638,-0.0842547267675399,0.135032519698143,0.7378455996513367,0.3018603026866913,-0.0791762396693229,0.1459171622991562,0.9558976292610168,-0.0697988644242286,-0.0532575733959674,0.1183618679642677,0.7234101295471191,0.2710387408733368,-0.0688473433256149,0.1217395216226577,0.9541056752204896,-0.0443308390676975,-0.0844799131155014,0.1072674393653869,0.721766471862793,0.2940468788146972,-0.0768293589353561,0.1261562258005142,0.9286474585533142,-0.1060933768749237,-0.0881034061312675,0.1216634958982467,0.7038082480430603,0.1077581197023391,0.0002266782248625,0.0213594622910022,0.9999842643737792,-0.1047888547182083,-0.0026560770347714,-0.0195249374955892,0.9999806880950928,0.1428331732749939,0.3514129221439361,-0.0803479999303817,0.992315411567688,-0.0898286178708076,0.2825725972652435,-0.0011075510410591,0.9865199327468872,0.161725103855133,0.6556563973426819,0.1613174974918365,0.9925076365470886,-0.0852727070450782,0.6357642412185669,0.2485465556383133,0.992801308631897,0.1458917260169983,0.6899830102920532,0.1864671856164932,0.9193199276924132,-0.0886851102113723,0.6644741296768188,0.2378543764352798,0.9361783266067504,0.147591084241867,0.7410981059074402,0.1334323436021804,0.9895990490913392,-0.130389854311943,0.6976402401924133,0.1915564835071563,0.9882656335830688
-0.0236717034131288,-0.615224301815033,-0.3711262047290802,0.9994577765464784,-0.000557065999601,-0.6330726742744446,-0.3588213622570038,0.9991792440414428,0.001990889199078,-0.6338871121406555,-0.3480909764766693,0.9991746544837952,-0.0002249436656711,-0.6319041848182678,-0.3484664559364319,0.9993292689323424,-0.020355274900794,-0.6470937132835388,-0.3668935298919678,0.9993276000022888,-0.0211528465151786,-0.6445721387863159,-0.3755909204483032,0.999427080154419,-0.0154267912730574,-0.630302906036377,-0.3563209176063537,0.9994745850563048,0.0818183049559593,-0.6060847640037537,-0.2388649731874466,0.9996073246002196,-0.07464100420475,-0.5845635533332825,-0.2290612012147903,0.9988396167755128,0.0222982019186019,-0.6006118059158325,-0.315333217382431,0.9990060925483704,-0.0213912352919578,-0.5740748047828674,-0.3342211842536926,0.998893678188324,0.1801105886697769,-0.4512265622615814,-0.0969453305006027,0.9998452663421632,-0.1527131348848343,-0.5109583139419556,-0.0272426400333642,0.99946928024292,0.2574307918548584,-0.2856726348400116,0.0098160477355122,0.9787293672561646,-0.1608017086982727,-0.2356527596712112,0.0537627041339874,0.788825511932373,0.2886308431625366,-0.1057678163051605,0.1424862444400787,0.9706449508666992,-0.1152088195085525,-0.0786002352833747,0.1205426827073097,0.6716111302375793,0.2887255549430847,-0.0784957930445671,0.1569839119911193,0.9544699788093568,-0.0648092105984687,-0.0477318465709686,0.1031761690974235,0.6581646203994751,0.2576070725917816,-0.0640282034873962,0.1323796212673187,0.9532703161239624,-0.0402935594320297,-0.0774176344275474,0.0923990756273269,0.6568478345870972,0.2825064659118652,-0.0737433359026908,0.1358353942632675,0.9286888837814332,-0.0992560088634491,-0.0827037692070007,0.1070086359977722,0.6406987309455872,0.1089727059006691,0.00047811929835,0.0215114466845989,0.99998539686203,-0.1059020012617111,-0.0029828464612364,-0.0198233760893344,0.9999811053276062,0.1428113132715225,0.3506237864494324,-0.086596630513668,0.9929978847503662,-0.0898209810256958,0.2826940715312958,-0.0004658237448893,0.987451195716858,0.162547618150711,0.656461238861084,0.1477723717689514,0.9930646419525146,-0.0841602385044097,0.6367266178131104,0.2464426010847091,0.9933177828788756,0.1470326334238052,0.6914098262786865,0.171749010682106,0.9238594174385072,-0.0879144966602325,0.6668446063995361,0.2355180084705352,0.9392713308334352,0.1475932896137237,0.7436631917953491,0.1169068068265914,0.9903071522712708,-0.1305338889360427,0.7006709575653076,0.1902248412370681,0.9889485836029052
-0.0234441347420215,-0.6127288937568665,-0.3757036328315735,0.9995089173316956,-0.0006557424203492,-0.6305399537086487,-0.3634555041790008,0.9992572069168092,0.0019568293355405,-0.6314607262611389,-0.3526036739349365,0.9992536306381226,-0.0003247023269068,-0.6293260455131531,-0.3528530299663543,0.9993937611579896,-0.0203777626156806,-0.6448799967765808,-0.3717007040977478,0.999389946460724,-0.0211569927632808,-0.6422215104103088,-0.380213975906372,0.9994794130325316,-0.0154515542089939,-0.6280096769332886,-0.3608632683753967,0.9995214939117432,0.0817826613783836,-0.6038601398468018,-0.2411782294511795,0.9996450543403624,-0.0749747306108474,-0.5834473371505737,-0.2322175055742263,0.998938262462616,0.0223316568881273,-0.5982245802879333,-0.3190434575080871,0.9991012811660768,-0.0213680285960435,-0.5720945000648499,-0.3379160463809967,0.9989967346191406,0.1784041374921798,-0.4510200321674347,-0.0990419089794159,0.9998593926429749,-0.1526382267475128,-0.5106425881385803,-0.0300721079111099,0.9994905591011048,0.2548505067825317,-0.2857238352298736,-0.0040882546454668,0.979462742805481,-0.1563033908605575,-0.2368084043264389,0.0414550118148326,0.7539127469062805,0.2794471681118011,-0.1008867174386978,0.0983929485082626,0.9712571501731871,-0.1133963614702224,-0.0767581537365913,0.0885130986571312,0.6138956546783447,0.2767587900161743,-0.0721920207142829,0.1078077629208564,0.9547675848007202,-0.0649581179022789,-0.0449247919023036,0.0669998899102211,0.6011760830879211,0.2459923774003982,-0.0576334707438945,0.0834740474820137,0.954007089138031,-0.0405159145593643,-0.0758742913603782,0.0552237406373024,0.6002384424209595,0.2728172838687897,-0.0685529634356498,0.0911761224269867,0.9303976893424988,-0.0974268019199371,-0.0810415744781494,0.0745391100645065,0.5855722427368164,0.1094259098172187,0.0006512786494567,0.0216313358396291,0.9999864101409912,-0.1063050702214241,-0.003132447367534,-0.0199988968670368,0.9999815821647644,0.1427981108427047,0.3509946763515472,-0.0905430987477302,0.993611216545105,-0.0888084024190902,0.2829950153827667,-0.0023267776705324,0.9883179068565368,0.1632818877696991,0.6570214629173279,0.1447628289461136,0.9935683012008668,-0.0816206559538841,0.6370095014572144,0.2426965832710266,0.993790566921234,0.1479450464248657,0.6917855143547058,0.1694943308830261,0.9280982613563538,-0.0854400023818016,0.6677173972129822,0.23139189183712,0.9423031210899352,0.1477852165699005,0.7440388798713684,0.1155597120523452,0.9909475445747375,-0.1302931010723114,0.7011412382125854,0.185077279806137,0.9895906448364258
-0.0233211498707532,-0.61208575963974,-0.3799400329589844,0.9995532035827636,-0.0008781214128248,-0.6297928094863892,-0.3679304420948028,0.9993249773979188,0.0017809531418606,-0.6307040452957153,-0.3569212853908539,0.9993225336074828,-0.0005718951579183,-0.6285257339477539,-0.3572181165218353,0.9994500875473022,-0.0205083433538675,-0.6442694067955017,-0.3764686584472656,0.9994437098503112,-0.0212555918842554,-0.641518771648407,-0.3852047920227051,0.9995243549346924,-0.0155880255624651,-0.6273098587989807,-0.3656407296657562,0.999561607837677,0.0815380737185478,-0.6029340028762817,-0.2458545267581939,0.9996779561042786,-0.0755006968975067,-0.582796037197113,-0.2381451278924942,0.9990218877792358,0.0222406797111034,-0.597514271736145,-0.323264479637146,0.9991843104362488,-0.0214765984565019,-0.5715254545211792,-0.3426647186279297,0.9990857243537904,0.1766655296087265,-0.450963944196701,-0.1001124307513237,0.9998714923858644,-0.1525487601757049,-0.5103291273117065,-0.0318104587495327,0.9995092749595642,0.252001404762268,-0.285750150680542,-0.0119880829006433,0.9787048101425172,-0.1535659730434417,-0.2375466972589492,0.029752392321825,0.7199700474739075,0.2722504734992981,-0.0966778844594955,0.0841851979494094,0.9673066139221193,-0.1122516021132469,-0.0732855722308158,0.0760548636317253,0.5599330067634583,0.2693878710269928,-0.0667309910058975,0.0931400209665298,0.948452353477478,-0.0647846609354019,-0.0403375253081321,0.0537662208080291,0.5479315519332886,0.2382543832063675,-0.0530504845082759,0.0690774768590927,0.9484440088272096,-0.0402150563895702,-0.0714678317308425,0.0429978258907794,0.5472177267074585,0.2656039893627167,-0.0645933449268341,0.0770746544003486,0.924264132976532,-0.0963755324482917,-0.0775192007422447,0.0624211803078651,0.5339592099189758,0.1097315326333046,0.0007507979753427,0.0219898447394371,0.9999873638153076,-0.1066157445311546,-0.0032209551427513,-0.0204319208860397,0.9999823570251464,0.1429762989282608,0.351291298866272,-0.0837831273674964,0.9941673278808594,-0.087468072772026,0.2832181453704834,-0.0016442188061773,0.9891411662101746,0.1638205200433731,0.6573453545570374,0.1537846326828003,0.9940481185913086,-0.0807490646839141,0.6389976143836975,0.2429282814264297,0.994254469871521,0.1485436558723449,0.6919407248497009,0.1791525185108184,0.9322230219841005,-0.0846429169178009,0.6704131960868835,0.2313777357339859,0.945359468460083,0.1479895561933517,0.7445592880249023,0.1258184611797332,0.991551399230957,-0.1304509341716766,0.7023782730102539,0.1835841685533523,0.9902355670928956
-0.0232830550521612,-0.6107160449028015,-0.3845092058181762,0.9995898604393004,-0.0010600965470075,-0.628607451915741,-0.3731316030025482,0.999381422996521,0.0015955342678353,-0.6294190287590027,-0.3618143498897552,0.9993802309036256,-0.0007757541025057,-0.6273261904716492,-0.3624241054058075,0.9994974732398988,-0.0208856929093599,-0.6429101228713989,-0.3815455138683319,0.999487578868866,-0.0215598065406084,-0.6401207447052002,-0.3909465968608856,0.9995607137680054,-0.0159803479909896,-0.6259981393814087,-0.3710952699184418,0.9995940327644348,0.0815056934952735,-0.6026034951210022,-0.2519494891166687,0.9997053146362304,-0.0758624300360679,-0.5816360116004944,-0.2437679171562194,0.9990858435630798,0.022173810750246,-0.5964292287826538,-0.328174352645874,0.9992541670799256,-0.0215613599866628,-0.570222795009613,-0.3479783535003662,0.999159038066864,0.1765784323215484,-0.4503616988658905,-0.1006720885634422,0.9998815059661864,-0.152193084359169,-0.5102372765541077,-0.0386115312576293,0.999527394771576,0.2469631731510162,-0.2778899669647217,-0.0191106889396905,0.9762040376663208,-0.1528567224740982,-0.2367610186338424,0.019333017989993,0.6920991539955139,0.2545438706874847,-0.0823085606098175,0.0679363310337066,0.9575954675674438,-0.1135468184947967,-0.0628483816981315,0.0490162670612335,0.512173593044281,0.2464199215173721,-0.0507495179772377,0.0756376162171363,0.9353513717651368,-0.067593403160572,-0.0268052481114864,0.0229751188308,0.5006487965583801,0.2169748246669769,-0.04045370221138,0.051831942051649,0.9364356994628906,-0.0419757179915905,-0.058469220995903,0.0122774150222539,0.500174343585968,0.2475838959217071,-0.0515995547175407,0.0609208680689334,0.9105542302131652,-0.0973804593086242,-0.0665217489004135,0.0351616628468036,0.4881368279457092,0.1097773015499115,0.000903065141756,0.0223299693316221,0.9999881982803344,-0.1066935658454895,-0.00335163786076,-0.0208036564290523,0.9999831318855286,0.1435251086950302,0.3515245020389557,-0.0792342200875282,0.9946371912956238,-0.085779882967472,0.283717542886734,0.002879163948819,0.989849328994751,0.1646090596914291,0.6578073501586914,0.1592091619968414,0.9944589734077454,-0.079257495701313,0.6391617655754089,0.2466712892055511,0.9946593642234802,0.1492895781993866,0.692279040813446,0.1840966641902923,0.9355668425559998,-0.082932561635971,0.6706922054290771,0.234676107764244,0.9479265809059144,0.1486807465553283,0.7448437213897705,0.1264725029468536,0.992046594619751,-0.1291628926992416,0.7025737166404724,0.1830870062112808,0.9907802939414978
-0.0231583565473556,-0.6093338131904602,-0.3858845829963684,0.9996249675750732,-0.0010227590100839,-0.6273450255393982,-0.3749216198921203,0.9994354248046876,0.001623734133318,-0.6281062960624695,-0.3634559512138366,0.999435007572174,-0.0007478242041543,-0.6260576844215393,-0.3641473948955536,0.9995421767234802,-0.0208434499800205,-0.6415036916732788,-0.3831601440906524,0.9995306730270386,-0.0215004626661539,-0.6387065649032593,-0.3927980959415436,0.9995969533920288,-0.0159408748149871,-0.624510645866394,-0.3728640079498291,0.999626874923706,0.0816445052623748,-0.6022741198539734,-0.2549313008785248,0.9997312426567078,-0.0757686048746109,-0.5805994272232056,-0.2461113184690475,0.9991551041603088,0.0223534293472766,-0.5953617691993713,-0.329831063747406,0.9993197917938232,-0.0213954225182533,-0.5689213871955872,-0.3496477901935577,0.9992298483848572,0.1766523271799087,-0.4494377076625824,-0.1009334772825241,0.9998905658721924,-0.1511235535144806,-0.5102028250694275,-0.0405790545046329,0.9995503425598145,0.239728957414627,-0.2711420953273773,-0.0194622483104467,0.9729506373405457,-0.1529780775308609,-0.2366097420454025,0.018115097656846,0.669557511806488,0.2443758100271225,-0.0702923834323883,0.0744863525032997,0.9446954727172852,-0.1153615489602088,-0.0564972795546054,0.0554763562977314,0.4695802927017212,0.2356849759817123,-0.0384066477417945,0.0833580568432807,0.9182029366493224,-0.0703264027833938,-0.0192781202495098,0.030808437615633,0.4582616686820984,0.2080397754907608,-0.0277128815650939,0.05934838950634,0.9204720258712769,-0.0440417602658271,-0.0500491559505462,0.0203280448913574,0.4579722285270691,0.2380124181509018,-0.0395626612007617,0.067569188773632,0.8927689790725708,-0.0990380868315696,-0.0595734193921089,0.0414574705064296,0.44703009724617,0.1098652854561805,0.0011689313687384,0.0223402492702007,0.9999890327453612,-0.1068202033638954,-0.003620364703238,-0.0208223015069961,0.999984085559845,0.1437134146690368,0.3516306579113006,-0.0765246078372001,0.99508935213089,-0.0848435163497924,0.284993439912796,0.0182245187461376,0.990516185760498,0.1646393835544586,0.6579605340957642,0.163034126162529,0.9948578476905824,-0.0784827470779419,0.6402127742767334,0.2601821422576904,0.9950451850891112,0.1492832154035568,0.6924821138381958,0.188433900475502,0.9389967918395996,-0.0821037217974662,0.6719937324523926,0.2473493069410324,0.9504868388175964,0.14869324862957,0.7464311718940735,0.1326312720775604,0.9925527572631836,-0.1289756447076797,0.7039733529090881,0.1907909214496612,0.9913278818130492
-0.0228291898965835,-0.6079424619674683,-0.3882395625114441,0.9996548295021056,-0.000743136217352,-0.6261016130447388,-0.3781087398529053,0.9994804859161376,0.0018621706403791,-0.6267563700675964,-0.3664479255676269,0.9994808435440063,-0.0004956377670168,-0.6248041391372681,-0.3674297928810119,0.9995797276496888,-0.0208069235086441,-0.6398650407791138,-0.3864545822143554,0.999566376209259,-0.0214095711708068,-0.6371554136276245,-0.3966413140296936,0.9996269345283508,-0.0158822815865278,-0.6230356693267822,-0.3766017258167267,0.9996542930603028,0.0817029848694801,-0.6020177006721497,-0.259082168340683,0.9997522234916688,-0.0756575912237167,-0.579497754573822,-0.250901460647583,0.9992085099220276,0.0224927067756652,-0.5942946076393127,-0.3326630294322967,0.9993759989738464,-0.0211044251918792,-0.5675674676895142,-0.3530485033988952,0.9992903470993042,0.1766978651285171,-0.4491477012634277,-0.102450430393219,0.9998983144760132,-0.150190532207489,-0.5101203322410583,-0.0497039258480072,0.999573290348053,0.2334176301956176,-0.2638227045536041,-0.0215173102915287,0.9684436321258544,-0.1533275842666626,-0.2354553639888763,0.0064689023420214,0.6583365797996521,0.2351060509681701,-0.0638424903154373,0.0508188270032405,0.9275587797164916,-0.116577960550785,-0.05397604778409,0.0325479619204998,0.4334872364997864,0.2251369357109069,-0.0308749508112669,0.0558781288564205,0.8978568315505981,-0.0720841512084007,-0.0152835939079523,0.0055134454742074,0.4219768047332763,0.200698509812355,-0.022482743486762,0.0294091328978538,0.9015946388244628,-0.04520183801651,-0.0474733486771583,-0.0038299418520182,0.4219319522380829,0.2296024113893509,-0.0339897498488426,0.0421117097139358,0.8718609809875488,-0.1000822633504867,-0.0568165779113769,0.0188235454261302,0.411728024482727,0.10972810536623,0.0013652717461809,0.0223474036902189,0.9999898076057434,-0.1067296713590622,-0.0037295687943696,-0.0208150576800107,0.9999850392341614,0.1440381407737732,0.3517963290214538,-0.0904965177178382,0.9954923391342164,-0.0838656574487686,0.2875406146049499,0.0226805862039327,0.9910197854042052,0.165785551071167,0.6571639776229858,0.1510999798774719,0.9951686263084412,-0.077811062335968,0.6413783431053162,0.2672730088233948,0.9953510761260986,0.1503594517707824,0.6908724904060364,0.1777150332927703,0.9413872361183168,-0.0812376961112022,0.6731360554695129,0.253955602645874,0.952137053012848,0.1490742117166519,0.7459979057312012,0.1219298690557479,0.9929296970367432,-0.1278968006372451,0.704217255115509,0.1942671239376068,0.991723358631134
-0.0209616273641586,-0.6070540547370911,-0.3879868686199188,0.9996770024299622,0.0003540234756655,-0.6252797245979309,-0.3778168261051178,0.9995155334472656,0.0030244220979511,-0.6259473562240601,-0.366157978773117,0.9995166659355164,0.0005738693289458,-0.6239187717437744,-0.3672113418579101,0.9996087551116944,-0.019250551238656,-0.6389980316162109,-0.3861653208732605,0.999594509601593,-0.019808666780591,-0.6362993121147156,-0.3964725732803345,0.9996506571769714,-0.0142893996089696,-0.6220715045928955,-0.3763847947120666,0.99967622756958,0.0826213359832763,-0.6012353301048279,-0.2590186297893524,0.9997687339782716,-0.0744239464402198,-0.57868891954422,-0.2507733106613159,0.9992551803588868,0.0241589117795228,-0.5934455394744873,-0.3325615227222442,0.9994182586669922,-0.0192231442779302,-0.5666518211364746,-0.3529175817966461,0.9993367791175842,0.1769381910562515,-0.4468737542629242,-0.1032535210251808,0.9999018907546996,-0.1480709910392761,-0.5101128220558167,-0.049536608159542,0.999590277671814,0.2283550947904586,-0.2589505910873413,-0.0135191353037953,0.9560199975967408,-0.1525697857141494,-0.2356902956962585,0.0180635470896959,0.6331732869148254,0.2331436276435852,-0.0543038062751293,0.0949228927493095,0.8843551874160767,-0.1154795959591865,-0.052490659058094,0.0659124925732612,0.3973249197006225,0.2244091480970382,-0.0243305694311857,0.1077652797102928,0.8503789901733398,-0.0698051750659942,-0.0160625334829092,0.0429250113666057,0.3861895501613617,0.2005316615104675,-0.0133874667808413,0.0830406993627548,0.8553838729858398,-0.0430823117494583,-0.0469350703060627,0.0345399081707,0.386192113161087,0.2282064110040664,-0.0238565411418676,0.0880455449223518,0.8245255947113037,-0.0992763638496398,-0.0555852614343166,0.0524175949394702,0.3766728639602661,0.1099261417984962,0.0018399157561361,0.0222620889544487,0.999990463256836,-0.1069926172494888,-0.0042509520426392,-0.0207483377307653,0.999985933303833,0.144547626376152,0.3517713248729706,-0.097615085542202,0.9958665370941162,-0.0828809291124343,0.2877576947212219,0.022217970341444,0.9915311336517334,0.1663196384906768,0.6567485928535461,0.1459233164787292,0.9954568147659302,-0.0765489339828491,0.641485333442688,0.2669160068035126,0.9956530332565308,0.1510103046894073,0.6902961730957031,0.1722544729709625,0.9437589645385742,-0.0803146660327911,0.6733826994895935,0.2537490129470825,0.9539611339569092,0.1494115591049194,0.7461549639701843,0.1172609403729438,0.993275225162506,-0.1279772222042083,0.7043488025665283,0.1933751702308654,0.9921199083328248
-0.0201449915766716,-0.604934573173523,-0.396620512008667,0.9996964931488036,0.0008712724084034,-0.6235179305076599,-0.3874027729034424,0.9995447993278505,0.0034998247865587,-0.6240463256835938,-0.3755272030830383,0.9995466470718384,0.0010295873507857,-0.622098445892334,-0.3767160773277282,0.9996333718299866,-0.0190586820244789,-0.6365907788276672,-0.3960341513156891,0.999617636203766,-0.0195129327476024,-0.6340049505233765,-0.4066967368125915,0.9996702075004578,-0.0140457982197403,-0.6199150085449219,-0.3864165544509887,0.9996946454048156,0.0826293900609016,-0.6003153324127197,-0.2697368562221527,0.9997819066047668,-0.0743265002965927,-0.5759069323539734,-0.2630079388618469,0.9992896318435668,0.0245852414518594,-0.5915913581848145,-0.3414304852485657,0.9994567036628724,-0.0184777975082397,-0.5643044114112854,-0.3626871705055237,0.9993782043457032,0.1773224472999572,-0.445456713438034,-0.1120212525129318,0.9999063014984132,-0.1477647423744201,-0.5092931985855103,-0.0628000423312187,0.9996085166931152,0.2253877222537994,-0.2512083649635315,-0.0235131252557039,0.9488551020622252,-0.1528417915105819,-0.2328339219093322,0.0001188578316941,0.625177800655365,0.225269615650177,-0.0488561391830444,0.0697738081216812,0.8535568118095398,-0.116128996014595,-0.0503698848187923,0.0337012000381946,0.3685292601585388,0.214378222823143,-0.0177129171788692,0.0806101560592651,0.8164046406745911,-0.0706207230687141,-0.013534135185182,0.0065882201306521,0.356983870267868,0.1921474486589431,-0.0101483864709734,0.0543117560446262,0.8227448463439941,-0.043280329555273,-0.0464388616383075,-0.0003043682954739,0.3571144640445709,0.2202944308519363,-0.0195735488086938,0.0619142204523086,0.7901256084442139,-0.0997170284390449,-0.0539688281714916,0.0203328430652618,0.3479557633399963,0.1099031269550323,0.0021190776024013,0.0222598984837532,0.9999910593032836,-0.10698913782835,-0.0044586127623915,-0.0207345616072416,0.99998676776886,0.145436018705368,0.352407306432724,-0.1013330966234207,0.9962053894996644,-0.0820352658629417,0.2889386713504791,0.0217508841305971,0.9920203685760498,0.1668345928192138,0.6556281447410583,0.1454301178455352,0.9957281351089478,-0.0759500041604042,0.6417136788368225,0.2665462493896484,0.9959346652030944,0.1514351367950439,0.6885021924972534,0.1725113987922668,0.9460557103157043,-0.0796816051006317,0.6736096143722534,0.2534055709838867,0.9558051824569702,0.1498040109872818,0.7457417249679565,0.1179614812135696,0.9935957193374634,-0.1279770284891128,0.7045369744300842,0.1926368325948715,0.9925001859664916
-0.0186493061482906,-0.6048024892807007,-0.3958300948143005,0.9997064471244812,0.0020647265482693,-0.6234713196754456,-0.3864556849002838,0.999559998512268,0.004703102633357,-0.6239739656448364,-0.3746103048324585,0.999562919139862,0.0022044056095182,-0.622043788433075,-0.3758082687854767,0.9996469020843506,-0.0182205531746149,-0.6364213824272156,-0.3950204253196716,0.9996286630630492,-0.0185678265988826,-0.6338644027709961,-0.405687540769577,0.999679446220398,-0.0131417578086256,-0.6198146939277649,-0.3854087591171264,0.999703884124756,0.0835476145148277,-0.6003583669662476,-0.2690023481845855,0.9997888803482056,-0.0734975188970565,-0.5754824280738831,-0.2618931233882904,0.999303936958313,0.0259532034397125,-0.5915011763572693,-0.3407789766788482,0.9994823336601256,-0.0169354416429996,-0.5640773773193359,-0.3619987368583679,0.9994045495986938,0.1793463081121444,-0.4439332485198974,-0.1129226610064506,0.9999090433120728,-0.1468575298786163,-0.509326159954071,-0.0620776787400245,0.9996225237846376,0.2247752100229263,-0.2449355274438858,-0.0250911228358745,0.9424738883972168,-0.1530085653066635,-0.2328247278928756,-7.883444777689874e-05,0.6131138205528259,0.2163569182157516,-0.039568368345499,0.0645084530115127,0.8238925337791443,-0.1163524612784385,-0.0496394000947475,0.0312029980123043,0.3431359231472015,0.2020601332187652,-0.0064807375892996,0.0742840021848678,0.7841027975082397,-0.0710315182805061,-0.0123314792290329,0.0037898877635598,0.3315412402153015,0.1774031072854995,1.2167261047579814e-05,0.0491787083446979,0.7913164496421814,-0.043677482753992,-0.0448642149567604,-0.0041664489544928,0.3317457735538482,0.2096019089221954,-0.0104370759800076,0.0571437142789363,0.7568016648292542,-0.0998859107494354,-0.0530084855854511,0.0177541933953762,0.3228961825370788,0.1099787950515747,0.0025509279221296,0.022206250578165,0.9999915957450868,-0.1071062162518501,-0.0048607075586915,-0.0206776857376098,0.999987542629242,0.1456714868545532,0.3524959981441498,-0.0981954410672187,0.996515452861786,-0.0813519060611724,0.2885348498821258,0.0095197670161724,0.9925615191459656,0.1670170575380325,0.653303861618042,0.1483838409185409,0.9960141777992249,-0.0748267993330955,0.6390827894210815,0.2584358751773834,0.9962239265441896,0.1516237109899521,0.685856819152832,0.1752711087465286,0.9487371444702148,-0.0785552114248275,0.6706172823905945,0.2459478080272674,0.958095371723175,0.1502511650323867,0.7442901730537415,0.1210546344518661,0.993953287601471,-0.1278936266899109,0.7013854384422302,0.1820743232965469,0.9929341077804564
-0.0176281221210956,-0.6038009524345398,-0.3998801112174988,0.9997166991233826,0.0027963046450167,-0.6226460933685303,-0.3908595144748688,0.9995757341384888,0.005400207825005,-0.6230502724647522,-0.3789295554161072,0.9995795488357544,0.0029058223590254,-0.6211903095245361,-0.3801414370536804,0.999660849571228,-0.017689885571599,-0.6352412104606628,-0.3993535041809082,0.9996402263641356,-0.0179490763694047,-0.6327599883079529,-0.4101384580135345,0.9996891021728516,-0.012559768743813,-0.6187559366226196,-0.3897611796855926,0.9997137188911438,0.0838037580251693,-0.5997726917266846,-0.2750139832496643,0.9997957944869996,-0.0728855282068252,-0.5736046433448792,-0.2676445245742798,0.9993189573287964,0.0267186108976602,-0.5905441045761108,-0.345296561717987,0.9995065331459044,-0.0158311128616333,-0.5628270506858826,-0.3666789829730987,0.999429166316986,0.1805837303400039,-0.4415997564792633,-0.1211865171790123,0.999911904335022,-0.1463871151208877,-0.5088468790054321,-0.0671401470899581,0.9996363520622252,0.2238292098045349,-0.2402708679437637,-0.0331895314157009,0.935675859451294,-0.1531130671501159,-0.2314577549695968,-0.0054018669761717,0.6007900238037109,0.2120778560638427,-0.032615453004837,0.0588528662919998,0.7921932935714722,-0.1168911978602409,-0.0490779653191566,0.0241590682417154,0.3191865980625152,0.197206512093544,0.001336001092568,0.0693212077021598,0.7499150633811951,-0.0715547651052475,-0.0121216587722301,-0.0033954803366214,0.307575523853302,0.1718822121620178,0.0074653178453445,0.0446728244423866,0.7579399347305298,-0.0443128459155559,-0.0452295169234275,-0.0109162544831633,0.3078533113002777,0.2048490792512893,-0.0034786926116794,0.0520249940454959,0.7221214175224304,-0.100493848323822,-0.0527461916208267,0.0104997940361499,0.2993236780166626,0.1099909171462059,0.002962241647765,0.0221329797059297,0.9999921321868896,-0.1071492657065391,-0.0052548889070749,-0.0206045638769865,0.9999882578849792,0.14567831158638,0.3531796932220459,-0.0956149250268936,0.9967792630195618,-0.0805930495262146,0.2886189818382263,0.0095923617482185,0.992975115776062,0.16712686419487,0.6526559591293335,0.1489357203245163,0.9962357878684998,-0.0737060457468032,0.6391309499740601,0.2586000561714172,0.9964597225189208,0.1517544388771057,0.6849853992462158,0.176414355635643,0.9506164789199828,-0.0774066373705864,0.6706231832504272,0.2461191564798355,0.9597830176353456,0.1504165530204773,0.7441116571426392,0.1225111931562423,0.9942121505737304,-0.1277201771736145,0.7011666297912598,0.182100772857666,0.9932618141174316
-0.0171433016657829,-0.6040369868278503,-0.3990136086940765,0.999724507331848,0.0034122592769563,-0.6230477690696716,-0.3900353908538818,0.9995864033699036,0.005936877336353,-0.6233693361282349,-0.3779272735118866,0.9995905160903932,0.0034945262596011,-0.6215987801551819,-0.3793796598911285,0.999671220779419,-0.0175795182585716,-0.6354119181632996,-0.3983832895755768,0.999647319316864,-0.0178081095218658,-0.6329960823059082,-0.4094481468200683,0.9996944069862366,-0.0124414153397083,-0.6190666556358337,-0.3890732228755951,0.999719738960266,0.0842897593975067,-0.6007596850395203,-0.2739945352077484,0.9997998476028442,-0.0727224349975586,-0.57364422082901,-0.2665106952190399,0.9993171095848083,0.0271488111466169,-0.590874195098877,-0.3447108268737793,0.9995281100273132,-0.0154086127877235,-0.5629442930221558,-0.36613729596138,0.9994498491287231,0.182004764676094,-0.4417086839675903,-0.1209973767399787,0.9999157190322876,-0.1459010243415832,-0.5089203715324402,-0.0664649158716201,0.9996482729911804,0.2238678485155105,-0.2394955307245254,-0.0349809080362319,0.9333683848381042,-0.1532646417617797,-0.2308302968740463,-0.0137370247393846,0.5941393971443176,0.211861565709114,-0.0304346550256013,0.0471265204250812,0.7781291007995605,-0.1225708052515983,-0.0443624034523963,-0.0125380419194698,0.2992514967918396,0.196822702884674,0.0059603545814752,0.0553972758352756,0.7333679795265198,-0.0814181789755821,-0.0040375883691012,-0.0440862327814102,0.2873952388763428,0.1712329536676406,0.011824014596641,0.0305539425462484,0.7423796653747559,-0.0532567985355854,-0.0357575193047523,-0.0537775382399559,0.2878228724002838,0.2044971287250518,-0.0009476433042436,0.0401999503374099,0.7049151062965393,-0.105998009443283,-0.046446319669485,-0.0268963947892189,0.2797113358974457,0.109928548336029,0.0030583166517317,0.022055109962821,0.999992609024048,-0.1071153730154037,-0.0052911299280822,-0.0204657558351755,0.9999889731407166,0.1469703018665313,0.3532260358333587,-0.0951430052518844,0.9970211982727052,-0.0793871060013771,0.2886558771133423,0.010201808065176,0.9933652877807616,0.1671294569969177,0.6514014601707458,0.1605563014745712,0.9964489936828612,-0.0732207000255584,0.6385547518730164,0.2598132789134979,0.9966886043548584,0.1517267972230911,0.6836506724357605,0.1899159699678421,0.9523535966873168,-0.0767365843057632,0.6698891520500183,0.2470477670431137,0.9614811539649964,0.1505061686038971,0.7433714866638184,0.1349507719278335,0.994461476802826,-0.1271708160638809,0.6997014284133911,0.1821476072072982,0.9936036467552184
-0.0161141082644462,-0.6042659282684326,-0.3984711766242981,0.9997289776802064,0.004572887904942,-0.6234365701675415,-0.3893564939498901,0.9995907545089722,0.0069640148431062,-0.6236495971679688,-0.3773455917835235,0.9995949864387512,0.0046142782084643,-0.6219896078109741,-0.378686785697937,0.9996768236160278,-0.0172133725136518,-0.6355346441268921,-0.3976737260818481,0.999649167060852,-0.0173695273697376,-0.6331818103790283,-0.4086298942565918,0.9996950626373292,-0.0120465811342,-0.6193356513977051,-0.3882735669612884,0.9997220039367676,0.0847867354750633,-0.6019043326377869,-0.2732339799404144,0.9998002052307128,-0.0723865330219268,-0.5736532807350159,-0.2655228078365326,0.9993013739585876,0.0278804134577512,-0.5912297368049622,-0.3440914750099182,0.9995454549789428,-0.014546220190823,-0.5630460381507874,-0.3654438853263855,0.9994654655456544,0.1832798570394516,-0.4417805671691894,-0.1215613782405853,0.999919593334198,-0.1452929377555847,-0.5089274048805237,-0.0664860531687736,0.9996597170829772,0.2239588350057602,-0.2392426133155822,-0.0439779460430145,0.9325515031814576,-0.1534313708543777,-0.2297443598508834,-0.0279240291565656,0.5923027396202087,0.2111941576004028,-0.0286380406469106,0.0209311041980981,0.7694757580757141,-0.1285536885261535,-0.0393868200480937,-0.0448826774954795,0.2833617329597473,0.1957144439220428,0.0100016063079237,0.0264450553804636,0.7225567102432251,-0.0908571779727935,0.0036220022011548,-0.0788155198097229,0.2708147764205932,0.1697048842906952,0.0154403010383248,0.0015261744847521,0.7324485182762146,-0.062026921659708,-0.0271731000393629,-0.0900177955627441,0.2714470326900482,0.2035755068063736,0.0011545543093234,0.0136490771546959,0.6934298276901245,-0.1117348298430442,-0.0401501432061195,-0.0598080717027187,0.2636438012123108,0.1097626164555549,0.003087522694841,0.022020423784852,0.999993085861206,-0.1069945991039276,-0.0053169694729149,-0.0203788895159959,0.9999896287918092,0.1484125852584839,0.3537345230579376,-0.0889632403850555,0.9972356557846068,-0.0786588191986084,0.2895205616950989,0.0112953074276447,0.9937112927436828,0.1670829951763153,0.6515504717826843,0.1712068319320678,0.9966483116149902,-0.0740315169095993,0.6387233734130859,0.2601441740989685,0.996897280216217,0.1515409499406814,0.6838330030441284,0.2011824697256088,0.9539611339569092,-0.0775122046470642,0.6700679063796997,0.2471356987953186,0.9629868268966676,0.1506814956665039,0.74342942237854,0.1448526531457901,0.9946984648704528,-0.1277863681316375,0.6996225118637085,0.1813474148511886,0.9939223527908324
-0.0147723499685525,-0.6046903133392334,-0.397613376379013,0.9997333288192748,0.0058132163248956,-0.6240646839141846,-0.388482004404068,0.9995951652526855,0.0081018060445785,-0.6241756677627563,-0.3763405382633209,0.9995997548103333,0.0058234916068613,-0.6226277947425842,-0.3779270648956299,0.999682366847992,-0.0166058372706174,-0.6357851028442383,-0.3969889879226684,0.9996512532234192,-0.0166934207081794,-0.6335128545761108,-0.4082190692424774,0.9996959567070008,-0.0114144720137119,-0.6197357773780823,-0.3878341615200043,0.9997240900993348,0.085140660405159,-0.603391706943512,-0.2723397612571716,0.9998009204864502,-0.0721180066466331,-0.5736891627311707,-0.2652556896209717,0.9992887377738952,0.0288403779268264,-0.5918092131614685,-0.3434299826622009,0.9995614290237428,-0.0134840039536356,-0.5632638335227966,-0.3651610910892486,0.9994800686836244,0.1839431077241897,-0.4422977268695831,-0.1215960755944252,0.9999233484268188,-0.1448460072278976,-0.508910059928894,-0.0660558864474296,0.9996698498725892,0.2239344418048858,-0.2397519052028656,-0.0488030835986137,0.9317660927772522,-0.1535647213459015,-0.2287513166666031,-0.0312134176492691,0.5903844833374023,0.2117990106344223,-0.028066074475646,0.0106571018695831,0.7617608904838562,-0.1311582326889038,-0.0362588986754417,-0.0487795658409595,0.2686879336833954,0.1968581825494766,0.0112194865942001,0.0155792916193604,0.7129220366477966,-0.0943789482116699,0.0076763536781072,-0.0825232192873954,0.2555682063102722,0.1708884984254837,0.017050789669156,-0.0092886025086045,0.7236242294311523,-0.0650951266288757,-0.0227113030850887,-0.0939396098256111,0.256395012140274,0.2042805850505828,0.0020843760576099,0.003248477820307,0.6832489967346191,-0.1141347438097,-0.0365143716335296,-0.0637224018573761,0.2489208430051803,0.1096652597188949,0.0031134688761085,0.02194320037961,0.9999935030937196,-0.1069241762161254,-0.0053353039547801,-0.0202383827418088,0.9999902248382568,0.1491781771183014,0.3548983335494995,-0.0868311524391174,0.9974316954612732,-0.0782453864812851,0.2902140319347381,0.0118562895804643,0.9940223693847656,0.1669856160879135,0.6516482830047607,0.1763605624437332,0.9968259930610656,-0.0755558982491493,0.638857901096344,0.2603307366371155,0.9970842599868774,0.1512801051139831,0.6839216947555542,0.2066123038530349,0.955329179763794,-0.0790848135948181,0.6702109575271606,0.2471881359815597,0.9643060564994812,0.1505896151065826,0.7438907623291016,0.1502769887447357,0.9949088096618652,-0.1289398968219757,0.6996928453445435,0.1808832883834839,0.9942089319229126
