x_0,y_0,z_0,visibility_0,x_1,y_1,z_1,visibility_1,x_2,y_2,z_2,visibility_2,x_3,y_3,z_3,visibility_3,x_4,y_4,z_4,visibility_4,x_5,y_5,z_5,visibility_5,x_6,y_6,z_6,visibility_6,x_7,y_7,z_7,visibility_7,x_8,y_8,z_8,visibility_8,x_9,y_9,z_9,visibility_9,x_10,y_10,z_10,visibility_10,x_11,y_11,z_11,visibility_11,x_12,y_12,z_12,visibility_12,x_13,y_13,z_13,visibility_13,x_14,y_14,z_14,visibility_14,x_15,y_15,z_15,visibility_15,x_16,y_16,z_16,visibility_16,x_17,y_17,z_17,visibility_17,x_18,y_18,z_18,visibility_18,x_19,y_19,z_19,visibility_19,x_20,y_20,z_20,visibility_20,x_21,y_21,z_21,visibility_21,x_22,y_22,z_22,visibility_22,x_23,y_23,z_23,visibility_23,x_24,y_24,z_24,visibility_24,x_25,y_25,z_25,visibility_25,x_26,y_26,z_26,visibility_26,x_27,y_27,z_27,visibility_27,x_28,y_28,z_28,visibility_28,x_29,y_29,z_29,visibility_29,x_30,y_30,z_30,visibility_30,x_31,y_31,z_31,visibility_31,x_32,y_32,z_32,visibility_32
0.5015527009963989,0.321678102016449,-0.3498001396656036,0.999992609024048,0.5047967433929443,0.3071182668209076,-0.3357286155223846,0.9999745488166808,0.507605791091919,0.3072061538696289,-0.3357117474079132,0.9999685883522034,0.5096918344497681,0.3074637949466705,-0.3356855511665344,0.9999641180038452,0.4964205622673034,0.3061343133449554,-0.3423316776752472,0.9999800324440002,0.4924547076225281,0.3058929443359375,-0.3423795700073242,0.9999802112579346,0.4880842864513397,0.3054926991462707,-0.3424116671085357,0.9999796152114868,0.5100973844528198,0.312721848487854,-0.2288849502801895,0.9998645186424256,0.4797867238521576,0.310412734746933,-0.2636049389839172,0.9999687075614928,0.5043126940727234,0.3369991779327392,-0.3080453276634216,0.999984622001648,0.4934501051902771,0.3359732031822204,-0.3178898096084595,0.9999920129776,0.5298973917961121,0.3945715427398681,-0.1267212629318237,0.9999570846557616,0.4528123140335083,0.3961268961429596,-0.1997245997190475,0.9999867081642152,0.5363759398460388,0.5172304511070251,-0.0587257258594036,0.9743055701255798,0.4405044913291931,0.5214508771896362,-0.1759583055973053,0.9921952486038208,0.5442744493484497,0.6190938353538513,-0.1372573673725128,0.9782155752182008,0.4351555109024048,0.629513680934906,-0.2425906360149383,0.9768286943435668,0.5465405583381653,0.6479261517524719,-0.1602415442466735,0.9544618725776672,0.4314270317554474,0.6584571599960327,-0.2704750001430511,0.9566381573677064,0.5423911809921265,0.6489888429641724,-0.1909428983926773,0.958110809326172,0.4378470778465271,0.6593475937843323,-0.2958382070064544,0.9589233994483948,0.5402263402938843,0.6391394734382629,-0.1508347243070602,0.951118230819702,0.4404485821723938,0.649498462677002,-0.2530976831912994,0.9496781826019288,0.5144851207733154,0.6077859997749329,0.0333481095731258,0.9997344017028807,0.4719895720481872,0.6106590628623962,-0.0334668643772602,0.9998891353607178,0.5058532953262329,0.7617726922035217,0.1375295519828796,0.9803619980812072,0.4711994230747223,0.7659280300140381,0.0122667821124196,0.996624231338501,0.4992198646068573,0.8689827919006348,0.3210913240909576,0.9855207204818726,0.4654164910316467,0.8854406476020813,0.1633491218090057,0.9935455322265624,0.4911917150020599,0.8801003098487854,0.3338902592658996,0.9599233269691468,0.4661231637001037,0.8984479904174805,0.1734251379966735,0.90199476480484,0.5198270678520203,0.9192819595336914,0.2534058690071106,0.9838871955871582,0.4672785997390747,0.9465481042861938,0.0671000778675079,0.9865360856056212
0.501326858997345,0.3215443789958954,-0.3487361669540405,0.9999924898147584,0.5045986771583557,0.3070062100887298,-0.3343259692192077,0.9999744296073914,0.5073915719985962,0.3071132302284241,-0.3343062400817871,0.9999683499336244,0.5094565749168396,0.3073906898498535,-0.334282785654068,0.999963879585266,0.4962093234062195,0.3059804439544678,-0.3411255180835724,0.9999799132347108,0.492265909910202,0.3057440519332886,-0.3411705791950226,0.9999800324440002,0.4879230260848999,0.3053260445594787,-0.3411998450756073,0.9999794363975524,0.5098183751106262,0.3126848638057709,-0.2271615862846374,0.9998638033866882,0.4795557260513305,0.3102934062480926,-0.2632411420345306,0.999968647956848,0.5040645003318787,0.3369612395763397,-0.3070642650127411,0.999984622001648,0.4932221472263336,0.3359239101409912,-0.3172982633113861,0.9999920129776,0.5294853448867798,0.3951897323131561,-0.1267146915197372,0.9999562501907348,0.4525191485881805,0.3961187601089477,-0.1994972825050354,0.999986469745636,0.5361332297325134,0.5174453258514404,-0.0589243248105049,0.9732791185379028,0.4399798810482025,0.5215242505073547,-0.1758043467998504,0.9921337962150574,0.5439902544021606,0.6191398501396179,-0.1361069232225418,0.9775086641311646,0.4351210296154022,0.6291834115982056,-0.2417583018541336,0.9766035079956056,0.5463030338287354,0.6482545137405396,-0.1589935272932052,0.9532617330551147,0.4314291179180145,0.658434271812439,-0.2694486677646637,0.9563305377960204,0.5422384142875671,0.6492578983306885,-0.1894484907388687,0.9569985270500184,0.4379152357578277,0.6593495011329651,-0.2947334051132202,0.9586076140403748,0.5400728583335876,0.6394037008285522,-0.1495495438575744,0.949878454208374,0.4404810965061188,0.6494943499565125,-0.2522780299186706,0.9493675827980042,0.5143030285835266,0.6082849502563477,0.0335805304348468,0.9997382760047911,0.4718908071517944,0.6108214855194092,-0.0336999483406543,0.999889314174652,0.5058869123458862,0.7629407048225403,0.1380501240491867,0.9803453683853148,0.4712060093879699,0.7664479613304138,0.0121942330151796,0.996594786643982,0.499079555273056,0.8689988851547241,0.3218497335910797,0.9855945110321044,0.4653943479061126,0.8855566382408142,0.1627308875322342,0.9935325384140016,0.4909372627735138,0.8801279664039612,0.3349504470825195,0.9602479934692384,0.4660897850990295,0.898475706577301,0.1725855469703674,0.9022000432014464,0.5197937488555908,0.9192676544189452,0.2550739645957947,0.9839205145835876,0.4672669768333435,0.9473066329956056,0.0670895129442215,0.9864924550056458
0.5011845231056213,0.3216392993927002,-0.3473771214485168,0.9999922513961792,0.5044816136360168,0.3070985376834869,-0.3325220048427582,0.9999739527702332,0.5072442889213562,0.307222455739975,-0.3325023651123047,0.999967634677887,0.5092805624008179,0.307506114244461,-0.3324819803237915,0.9999630451202391,0.4961134791374206,0.3059886395931244,-0.3397783637046814,0.9999794960021972,0.4921726882457733,0.3057414293289184,-0.3398247361183166,0.9999796152114868,0.487856775522232,0.3053228855133056,-0.3398551642894745,0.9999790787696838,0.5096076130867004,0.3127633035182953,-0.2236890941858291,0.9998607635498048,0.4794457852840423,0.310291051864624,-0.2621771693229675,0.9999682903289796,0.5038418173789978,0.337169885635376,-0.305174171924591,0.9999843835830688,0.4930824339389801,0.3360002636909485,-0.3160795867443084,0.9999918937683104,0.5289492011070251,0.3956436812877655,-0.1220984458923339,0.9999550580978394,0.4523025155067444,0.3963212966918945,-0.199383944272995,0.9999862313270568,0.535750150680542,0.5176377296447754,-0.0537034794688224,0.9714926481246948,0.4395513534545898,0.5217320919036865,-0.1760807335376739,0.992159366607666,0.5434924364089966,0.6191573739051819,-0.1317022740840912,0.9764309525489808,0.4351389110088348,0.6292065382003784,-0.2420637309551239,0.9766332507133484,0.545815646648407,0.648471474647522,-0.1545479744672775,0.9514541029930116,0.4313911497592926,0.6585174202919006,-0.2701406478881836,0.9563602209091188,0.5419210195541382,0.6493847966194153,-0.1851968020200729,0.9553326368331908,0.4377778470516205,0.6594657897949219,-0.2949179112911224,0.9586088061332704,0.539749264717102,0.6395484209060669,-0.14531309902668,0.947976052761078,0.4403568208217621,0.6496292948722839,-0.2524403631687164,0.9493480324745178,0.5143125653266907,0.6090463995933533,0.0343838818371295,0.9997424483299256,0.4719031155109405,0.6113324761390686,-0.0345036052167415,0.9998897314071656,0.5060433149337769,0.7656632661819458,0.1385121494531631,0.980170726776123,0.4712118506431579,0.767061173915863,0.012119292281568,0.9965388178825378,0.4988862872123718,0.8690270185470581,0.3333199620246887,0.985474407672882,0.4653133749961853,0.8856088519096375,0.1692557334899902,0.9935003519058228,0.4906722903251648,0.8801412582397461,0.3478966951370239,0.9602906703948976,0.4660029411315918,0.8984892964363098,0.1800338923931121,0.9022694230079652,0.5196917057037354,0.9193080067634584,0.2685701549053192,0.9838443994522096,0.4672515094280243,0.947512984275818,0.0744183957576751,0.98646479845047
0.5011730790138245,0.3218460083007812,-0.3506442904472351,0.9999921917915344,0.5045095086097717,0.3073148429393768,-0.3351715505123138,0.9999739527702332,0.5072580575942993,0.3074524402618408,-0.3351511359214782,0.9999674558639526,0.5092893242835999,0.3077455461025238,-0.3351350724697113,0.9999628067016602,0.4961154758930206,0.3061433136463165,-0.3432236909866333,0.9999794960021972,0.4921653866767883,0.3058488965034485,-0.3432781398296356,0.9999796152114868,0.4878592491149902,0.3054626584053039,-0.3433130085468292,0.9999791383743286,0.5096337199211121,0.3130159378051758,-0.2249098569154739,0.9998605847358704,0.4793820679187774,0.310485303401947,-0.2655032277107239,0.9999685883522034,0.5038220286369324,0.337612509727478,-0.307310938835144,0.9999843835830688,0.4930854439735412,0.3362756967544555,-0.3192693293094635,0.9999919533729552,0.5288828015327454,0.3960782587528229,-0.1241535767912864,0.9999547004699708,0.4520000219345093,0.397689014673233,-0.2027700841426849,0.9999862313270568,0.5355309844017029,0.5186142325401306,-0.0561289340257644,0.9700387120246888,0.4390501677989959,0.5230053663253784,-0.1808570772409439,0.9922944903373718,0.5432303547859192,0.6209426522254944,-0.1341287046670913,0.9755953550338744,0.4352438151836395,0.6326724290847778,-0.2473411113023758,0.9768877029418944,0.5456113815307617,0.649814248085022,-0.1571307629346847,0.9500662684440612,0.4315582513809204,0.6616532206535339,-0.2762154340744018,0.9566945433616638,0.5418809652328491,0.6502954959869385,-0.1876805573701858,0.9540358781814576,0.4377797842025757,0.6623547077178955,-0.3010332882404327,0.958916187286377,0.5396488308906555,0.6405717730522156,-0.1476593017578125,0.9464976191520692,0.4403963983058929,0.6529015898704529,-0.2577346563339233,0.9497042894363404,0.5143254995346069,0.6101911067962646,0.0346196331083774,0.99974924325943,0.4719081819057464,0.6126744747161865,-0.0347401238977909,0.9998916387557985,0.5069512128829956,0.7690320611000061,0.1386885195970535,0.9799861311912536,0.4712239503860473,0.7683329582214355,0.0125718424096703,0.9964523315429688,0.4986049234867096,0.869023323059082,0.350859522819519,0.9851461052894592,0.4653076827526092,0.8858674168586731,0.180781677365303,0.9934289455413818,0.4902705252170563,0.8800317645072937,0.3674444556236267,0.960144817829132,0.4659937024116516,0.8986344933509827,0.1928219497203827,0.9024447202682496,0.5193827748298645,0.9194847345352172,0.2893346846103668,0.983654797077179,0.4672472178936004,0.9475479125976562,0.0870793908834457,0.9864060878753662
0.5011485815048218,0.3245534598827362,-0.3640326559543609,0.9999920129776,0.5045279860496521,0.3097681999206543,-0.349894255399704,0.999973475933075,0.5072619318962097,0.3098913431167602,-0.3498751521110534,0.99996680021286,0.5092976689338684,0.3100100755691528,-0.3498647809028625,0.999962031841278,0.4960916638374328,0.3080351054668426,-0.3563839495182037,0.9999790787696838,0.4921229481697082,0.3072324097156524,-0.3564430475234985,0.9999791979789734,0.4878450334072113,0.3067695200443268,-0.3564772605895996,0.9999787211418152,0.5096771121025085,0.3149420917034149,-0.2395812422037124,0.9998587965965272,0.479366272687912,0.3115050494670868,-0.2744226157665252,0.9999679923057556,0.5037738084793091,0.340814471244812,-0.3205601572990417,0.9999841451644896,0.4930662810802459,0.339131236076355,-0.3305669128894806,0.9999918937683104,0.5289477705955505,0.3965131342411041,-0.1375663131475448,0.9999552965164183,0.4518170952796936,0.3998006582260132,-0.2052920907735824,0.9999861121177672,0.5355971455574036,0.5193318128585815,-0.0684820041060447,0.9698330163955688,0.4389272928237915,0.5245357751846313,-0.1810479015111923,0.992355465888977,0.5433457493782043,0.6221376657485962,-0.1480693072080612,0.97547447681427,0.4353185594081878,0.6385019421577454,-0.2480885237455368,0.9766846895217896,0.5457289218902588,0.6505135297775269,-0.1726447492837906,0.9499430060386658,0.4317212402820587,0.6671934127807617,-0.2766989469528198,0.9562796354293824,0.5419991612434387,0.6507116556167603,-0.2031998634338379,0.9538798928260804,0.437837690114975,0.6675592660903931,-0.3023345172405243,0.9585326313972472,0.5397598743438721,0.6410913467407227,-0.1614354103803634,0.9462811946868896,0.4404602944850921,0.6581863760948181,-0.2588010430335998,0.9492623805999756,0.5147538781166077,0.6115564703941345,0.0340064577758312,0.9997552037239076,0.4720312356948852,0.6145034432411194,-0.0341278798878192,0.9998935461044312,0.5085917711257935,0.7715634107589722,0.1385690122842788,0.9800537824630736,0.471314787864685,0.7702927589416504,0.0135261546820402,0.9964443445205688,0.4984975457191467,0.868843138217926,0.3612589240074157,0.984795331954956,0.465322345495224,0.8861021995544434,0.1832999140024185,0.9933884739875792,0.4899243712425232,0.8794566988945007,0.3790429234504699,0.95973002910614,0.4659915864467621,0.8986448049545288,0.1954704374074936,0.902410089969635,0.519318163394928,0.9195004105567932,0.3016593754291534,0.9833973050117492,0.4672377407550812,0.9478133320808412,0.089657574892044,0.9863317608833312
0.5011290311813354,0.3294617831707001,-0.3784126937389374,0.9999921917915344,0.5045406818389893,0.3141486048698425,-0.3649339377880096,0.9999740719795228,0.50727379322052,0.3141715824604034,-0.3649087846279144,0.9999674558639526,0.509306013584137,0.3140657544136047,-0.3648975789546966,0.9999626874923706,0.4960827231407165,0.3122903406620025,-0.3706105947494507,0.999979555606842,0.492115318775177,0.3111014366149902,-0.3706687092781067,0.9999796748161316,0.4878461062908172,0.3101215064525604,-0.3707000911235809,0.9999792575836182,0.5099620223045349,0.3187721967697143,-0.253861129283905,0.9998626112937928,0.479379802942276,0.314197838306427,-0.2850931584835052,0.9999688267707824,0.503774881362915,0.3456883430480957,-0.3344259858131408,0.9999844431877136,0.4930623471736908,0.3440738320350647,-0.3432996869087219,0.9999921321868896,0.5291191339492798,0.39764204621315,-0.1482729911804199,0.9999566078186036,0.4518417119979858,0.4029816091060638,-0.2103256732225418,0.9999862313270568,0.5364691615104675,0.5200426578521729,-0.0756378173828125,0.970108926296234,0.4389924108982086,0.5263530611991882,-0.183096170425415,0.9925005435943604,0.5441039204597473,0.622272253036499,-0.154323011636734,0.9758753776550292,0.4353314340114593,0.6423436403274536,-0.2518375813961029,0.976945698261261,0.5464571714401245,0.6506317257881165,-0.1791644096374511,0.9507401585578918,0.4318186342716217,0.6725267171859741,-0.2802110612392425,0.9566371440887452,0.5426956415176392,0.6507440805435181,-0.2102734893560409,0.9545692205429076,0.4378887414932251,0.6727433800697327,-0.3074890673160553,0.9589002132415771,0.5403604507446289,0.641182541847229,-0.1678365170955658,0.9470140337944032,0.4405280947685241,0.6630553603172302,-0.2631788551807403,0.9497444033622742,0.5157331228256226,0.6126020550727844,0.0327300764620304,0.999761164188385,0.4724135994911194,0.6170547008514404,-0.0328463353216648,0.9998957514762878,0.5109353065490723,0.7722651362419128,0.1322988420724868,0.9803836941719056,0.4717644155025482,0.7721611857414246,0.0135248275473713,0.9964597821235656,0.4984672665596008,0.8685941100120544,0.3597376644611358,0.9843564629554749,0.4654325544834137,0.8864642977714539,0.1805677413940429,0.9933796525001526,0.4894968569278717,0.8787370324134827,0.3779357969760895,0.9591421484947203,0.4660063683986664,0.8986647129058838,0.1924257576465606,0.9027431011199952,0.5192512273788452,0.9194995164871216,0.3019852638244629,0.9829832315444946,0.4672432839870453,0.948942482471466,0.0870152339339256,0.986286461353302
0.5014230608940125,0.3328306972980499,-0.3875905871391296,0.9999921321868896,0.5048817992210388,0.3174347877502441,-0.3740871846675873,0.999974012374878,0.5074663162231445,0.3173446357250213,-0.3740657567977905,0.9999673366546632,0.5096574425697327,0.3171979784965515,-0.374066948890686,0.9999624490737916,0.4963094294071197,0.3159162402153015,-0.3795844912528991,0.9999794363975524,0.4923078715801239,0.3146869540214538,-0.3796447813510895,0.9999794363975524,0.4881111681461334,0.313675582408905,-0.3796752095222473,0.9999790191650392,0.5103981494903564,0.3220647275447845,-0.2614020705223083,0.9998651146888732,0.4794045984745025,0.3177404701709747,-0.2915103137493133,0.999968409538269,0.5041097402572632,0.348649799823761,-0.3428245484828949,0.999984323978424,0.49347123503685,0.347477912902832,-0.3513790667057037,0.9999920725822448,0.529728353023529,0.399065613746643,-0.1550232321023941,0.99995756149292,0.4519886672496795,0.4071869850158691,-0.2134902775287628,0.9999855160713196,0.5389419198036194,0.5215962529182434,-0.0825299695134162,0.9703546762466432,0.4390599429607391,0.5295487642288208,-0.184620589017868,0.992334485054016,0.546312689781189,0.6225987076759338,-0.1603805124759674,0.9760268330574036,0.4361907541751861,0.6469764113426208,-0.2540739774703979,0.9758094549179076,0.5487791895866394,0.6509847640991211,-0.1853907108306884,0.9510079622268676,0.4325836896896362,0.6778846979141235,-0.2823042273521423,0.954725444316864,0.5441378355026245,0.6511309146881104,-0.2172547131776809,0.9547598958015442,0.4383144378662109,0.6781108379364014,-0.310674786567688,0.9571762084960938,0.5415740609169006,0.6417139768600464,-0.1741200238466262,0.9471955895423888,0.4410475492477417,0.668206512928009,-0.2659750580787658,0.947791337966919,0.5171854496002197,0.6149958968162537,0.0307324565947055,0.9997661113739014,0.4734857976436615,0.6206875443458557,-0.030823515728116,0.9998980164527892,0.5135835409164429,0.7733469605445862,0.1247821301221847,0.9808550477027892,0.4725055694580078,0.775109052658081,0.0132423592731356,0.9964873790740968,0.4983148872852325,0.8654288649559021,0.3777718842029571,0.983278512954712,0.4659680128097534,0.8865821361541748,0.1788608580827713,0.9933689832687378,0.4887945353984833,0.8748146891593933,0.3990967869758606,0.9574403166770936,0.4663041830062866,0.898501455783844,0.1907324343919754,0.9027374982833862,0.5186566710472107,0.9187856912612916,0.3271622955799103,0.9818990230560304,0.4672388434410095,0.949452579021454,0.0852759927511215,0.9862096905708312
0.5016524791717529,0.3387718796730041,-0.415547102689743,0.9999921321868896,0.5053025484085083,0.3230531215667724,-0.4025000929832458,0.9999741911888124,0.5077191591262817,0.3230614066123962,-0.4024795293807983,0.999967396259308,0.5101231336593628,0.3230714201927185,-0.4024938344955444,0.999962568283081,0.4967595636844635,0.3210828304290771,-0.4077846109867096,0.9999794960021972,0.4928248524665832,0.3197517991065979,-0.4078604578971863,0.9999794960021972,0.488848477602005,0.3187852501869201,-0.4078972637653351,0.9999791383743286,0.5111384987831116,0.3278379142284393,-0.2866503000259399,0.9998685121536256,0.4797002673149109,0.3237095177173614,-0.3153925240039825,0.9999682903289796,0.5043320059776306,0.3540289103984833,-0.3689861893653869,0.9999845623970032,0.4938904047012329,0.3530621826648712,-0.3772127032279968,0.9999922513961792,0.5309664607048035,0.4005060493946075,-0.1750249117612838,0.9999596476554872,0.4522185921669006,0.4130842983722687,-0.2291374057531356,0.99998539686203,0.5419337749481201,0.522046685218811,-0.1001005470752716,0.9712176322937012,0.4397999942302704,0.5353448987007141,-0.1965314745903015,0.9925057888031006,0.5482885241508484,0.6242824792861938,-0.1806416809558868,0.9765748977661132,0.4370007812976837,0.6565089821815491,-0.2706257700920105,0.9761183261871338,0.5512118935585022,0.6528987288475037,-0.2069699764251709,0.9519224762916564,0.4328695237636566,0.6853169798851013,-0.3000312447547912,0.9550825357437134,0.5459021925926208,0.6529352068901062,-0.2393995076417923,0.9555624127388,0.438484251499176,0.6861286163330078,-0.3290722966194153,0.9576053619384766,0.543096125125885,0.6437336206436157,-0.1944522112607956,0.9480830430984496,0.4413560330867767,0.677560031414032,-0.2826636433601379,0.9482097625732422,0.5186549425125122,0.6173995137214661,0.0293312929570674,0.9997768998146056,0.474556028842926,0.6238741278648376,-0.0294295269995927,0.9999015927314758,0.5167306065559387,0.7744730114936829,0.10358677059412,0.9810163378715516,0.4733668863773346,0.7781281471252441,0.0131390988826751,0.9963773488998412,0.4967995285987854,0.8610681891441345,0.3995976150035858,0.9795904159545898,0.4663078188896179,0.8869807124137878,0.1893943697214126,0.9930997490882874,0.4859997928142547,0.8699246048927307,0.4262582957744598,0.9512450098991394,0.4663320481777191,0.8984647989273071,0.2034152150154113,0.8999823927879333,0.5171661972999573,0.914616882801056,0.3629522025585174,0.978994369506836,0.4675132036209106,0.9504216909408568,0.1010647565126419,0.985816478729248
0.502465546131134,0.3469332158565521,-0.4200510382652282,0.9999918937683104,0.5061097145080566,0.3322871923446655,-0.4072394073009491,0.9999736547470092,0.5083454251289368,0.3322120606899261,-0.4072205126285553,0.9999664425849916,0.5108683109283447,0.3320908844470978,-0.4072374105453491,0.999961793422699,0.4977479875087738,0.3309630453586578,-0.4126533269882202,0.9999789595603944,0.4939477145671844,0.329799622297287,-0.4127326011657715,0.9999788999557496,0.4900825321674347,0.3288099765777588,-0.4127765297889709,0.9999786615371704,0.5117920637130737,0.3349974751472473,-0.291344553232193,0.9998695254325868,0.4807493984699249,0.3323459327220917,-0.3205235302448272,0.9999669790267944,0.5047527551651001,0.3613050282001495,-0.373324304819107,0.9999845027923584,0.4948030710220337,0.3611595630645752,-0.381689578294754,0.9999922513961792,0.5318893194198608,0.4042116701602936,-0.1806154698133468,0.9999613761901855,0.4532661437988281,0.4190466105937958,-0.2345135062932968,0.9999852180480956,0.5432732105255127,0.5243957042694092,-0.1116985008120536,0.9718868136405944,0.4413248300552368,0.5399749875068665,-0.2025930732488632,0.992586076259613,0.5495954751968384,0.6281779408454895,-0.1943553835153579,0.9770432114601136,0.437975525856018,0.6646029949188232,-0.2779616415500641,0.9763756394386292,0.553190290927887,0.656066358089447,-0.2208630442619323,0.952830731868744,0.4340588450431824,0.6928682327270508,-0.3075559437274933,0.9555032849311828,0.5481052398681641,0.6567595601081848,-0.2534119188785553,0.9563582539558412,0.4396882355213165,0.6945315599441528,-0.3364087045192718,0.9580995440483092,0.5450515151023865,0.6477702856063843,-0.2083044946193695,0.9489396214485168,0.4423469007015228,0.6860096454620361,-0.2900074124336242,0.9487637877464294,0.5199264287948608,0.6222509741783142,0.0290474463254213,0.999781847000122,0.4762188494205475,0.6283217668533325,-0.0291356388479471,0.9999026656150818,0.5201195478439331,0.775265097618103,0.0856300741434097,0.9809675812721252,0.4739633798599243,0.7805344462394714,0.0121100153774023,0.9961801171302797,0.4952243864536285,0.8512263894081116,0.3883062899112701,0.9741665720939636,0.4664844274520874,0.8872560262680054,0.1936233043670654,0.9928321838378906,0.4835945069789886,0.860114574432373,0.4152949154376983,0.9443472027778624,0.4663355946540832,0.8977721333503723,0.2082627713680267,0.8979669809341431,0.5156210660934448,0.9053200483322144,0.3576451539993286,0.9750753045082092,0.4675683975219726,0.9508488178253174,0.1088131964206695,0.985382080078125
0.5041660666465759,0.3564944565296173,-0.409868836402893,0.9999918937683104,0.5075074434280396,0.3428949415683746,-0.3970663249492645,0.9999736547470092,0.5098531246185303,0.3425916135311126,-0.3970504701137543,0.9999662637710572,0.5123918652534485,0.3422455191612243,-0.3970668017864227,0.999961793422699,0.4992406666278839,0.3412476480007171,-0.402485579252243,0.9999789595603944,0.4956854581832886,0.3400335013866424,-0.4025657773017883,0.99997878074646,0.4917443394660949,0.3392048180103302,-0.4026087820529938,0.9999786615371704,0.5130090713500977,0.3436418771743774,-0.2826555073261261,0.9998738765716552,0.4827630817890167,0.3423213958740234,-0.3114432096481323,0.9999666213989258,0.5060675144195557,0.3710184097290039,-0.3637081682682037,0.999984860420227,0.4965017735958099,0.3710699081420898,-0.3719654679298401,0.9999924302101136,0.5336509346961975,0.4100727438926697,-0.1743764877319336,0.9999630451202391,0.4553618133068084,0.4270093441009521,-0.2287181764841079,0.99998539686203,0.5459454655647278,0.532199501991272,-0.1096373051404953,0.9724479913711548,0.4433623850345611,0.550037682056427,-0.1988668590784073,0.992781698703766,0.5510749220848083,0.6348171234130859,-0.1913176625967025,0.9771685004234314,0.4398103356361389,0.6735683083534241,-0.2719306647777557,0.9769186973571776,0.5546764135360718,0.6622382998466492,-0.2164185941219329,0.9531707763671876,0.4369469881057739,0.7005106806755066,-0.3002823889255523,0.956329345703125,0.5500645041465759,0.6634239554405212,-0.2483744770288467,0.9565895199775696,0.4422117173671722,0.7016236186027527,-0.3279089033603668,0.958949625492096,0.5469995141029358,0.655031681060791,-0.2051130682229995,0.9491645097732544,0.4446696043014526,0.6929469704627991,-0.2834314703941345,0.9497830271720886,0.5216477513313293,0.6279875636100769,0.0279787983745336,0.9997802376747132,0.4784434139728546,0.6333808302879333,-0.0280362162739038,0.9999005794525146,0.5250241756439209,0.7777240872383118,0.0334312468767166,0.981403350830078,0.4754858314990997,0.7866748571395874,0.002162970136851,0.9959491491317748,0.4951865971088409,0.8420502543449402,0.333514004945755,0.9667909145355223,0.466936320066452,0.892449676990509,0.1765418052673339,0.9926149845123292,0.4832265973091125,0.8526232242584229,0.3625284135341644,0.9353394508361816,0.4664033651351928,0.901108741760254,0.1906114965677261,0.8960363268852234,0.5131674408912659,0.897318422794342,0.3389195501804352,0.969838798046112,0.4677463471889496,0.953331172466278,0.1078839227557182,0.9849692583084106
0.5059699416160583,0.3699506521224975,-0.400747686624527,0.9999918937683104,0.5090972185134888,0.3549142479896545,-0.3873306512832641,0.9999738335609436,0.5117135047912598,0.3544918894767761,-0.3873125612735748,0.999966323375702,0.5142253041267395,0.3540461957454681,-0.3873186409473419,0.9999622106552124,0.5006130933761597,0.3540544211864471,-0.3930921256542206,0.9999789595603944,0.4970983266830444,0.3533002436161041,-0.3931617140769958,0.9999786019325256,0.4931687414646148,0.3525714874267578,-0.3932009637355804,0.9999786019325256,0.5152117609977722,0.3541037440299988,-0.2743881940841675,0.9998796582221984,0.4849777519702911,0.3538024425506592,-0.3088385462760925,0.9999659657478333,0.5080916881561279,0.3835102021694183,-0.3558462262153625,0.9999852776527404,0.4983652532100677,0.3842124938964844,-0.3659404218196869,0.999992609024048,0.5361019372940063,0.4184431433677673,-0.1674903929233551,0.9999645948410034,0.4579068422317505,0.4370264410972595,-0.2177352607250213,0.9999849200248718,0.548603892326355,0.540993332862854,-0.1018873751163482,0.9728032946586608,0.4456681311130523,0.5600935816764832,-0.1854399591684341,0.9928780794143676,0.5547710657119751,0.6426104307174683,-0.1818129867315292,0.9772045612335204,0.4420952796936035,0.6858505010604858,-0.2584331333637237,0.9773482084274292,0.5580852627754211,0.6694158911705017,-0.2060395330190658,0.9534493088722228,0.4400518834590912,0.7127824425697327,-0.2829209268093109,0.9569404125213624,0.5546916127204895,0.6709251999855042,-0.2378385365009308,0.9568248391151428,0.4454486966133117,0.713694155216217,-0.3102874159812927,0.9596453905105592,0.5518774390220642,0.6630292534828186,-0.1956251263618469,0.949492573738098,0.4474675059318542,0.7036745548248291,-0.2696315944194793,0.9507780075073242,0.5237478017807007,0.6365264654159546,0.0266993846744298,0.9997702240943908,0.4814887642860412,0.641895592212677,-0.0267429240047931,0.999884843826294,0.531783938407898,0.7834163308143616,-0.0236765760928392,0.9814607501029968,0.4788914620876312,0.7936372756958008,-0.0168299283832311,0.9953197836875916,0.4942803084850311,0.842736005783081,0.2528710067272186,0.9565591812133788,0.4678048193454742,0.8949444890022278,0.1588466465473175,0.9917253851890564,0.4819793105125427,0.8530756831169128,0.2785650789737701,0.9222629070281982,0.4666356742382049,0.9019875526428224,0.1727662533521652,0.8907251358032227,0.5094401240348816,0.8952672481536865,0.2350578159093856,0.9623498320579528,0.4680953323841095,0.9561988115310668,0.0908961817622184,0.9834887981414796
0.5106995105743408,0.3856197595596313,-0.3994952142238617,0.9999915957450868,0.5132094025611877,0.3720935583114624,-0.3871172666549682,0.999972939491272,0.515434980392456,0.3716370761394501,-0.3871103227138519,0.9999651312828064,0.517537534236908,0.3708403706550598,-0.3871392905712127,0.9999614357948304,0.5051438212394714,0.371874451637268,-0.393086701631546,0.999978005886078,0.5015212893486023,0.3710452318191528,-0.3931589424610138,0.9999775290489196,0.4976967275142669,0.3700522780418396,-0.3931944072246551,0.999977707862854,0.5175958275794983,0.3698590695858001,-0.2745891809463501,0.9998820424079896,0.4889262616634369,0.3691425919532776,-0.3059752285480499,0.9999643564224244,0.5129258632659912,0.3983806371688843,-0.3538669645786285,0.9999855160713196,0.5033583641052246,0.3995581269264221,-0.3630296885967254,0.9999926686286926,0.5385492444038391,0.4277953803539276,-0.1685140877962112,0.9999669790267944,0.460349977016449,0.4498714506626129,-0.2193544656038284,0.9999845623970032,0.5510479211807251,0.5476105809211731,-0.1038532182574272,0.9733459949493408,0.4479707181453705,0.5734494924545288,-0.1877368092536926,0.993099331855774,0.5580713152885437,0.6507235169410706,-0.1810936331748962,0.9776129126548768,0.4454078078269958,0.6998426914215088,-0.2587431669235229,0.9778108596801758,0.5614405870437622,0.6783018708229065,-0.2048653662204742,0.9544105529785156,0.4443407654762268,0.7285329699516296,-0.2829729914665222,0.9575428366661072,0.5584174990653992,0.68015056848526,-0.2363167554140091,0.9577267169952391,0.4503116309642792,0.7278931140899658,-0.3104739189147949,0.9603415131568908,0.5557979941368103,0.6724446415901184,-0.1948360055685043,0.9505436420440674,0.4523124694824219,0.7167865037918091,-0.2699218392372131,0.9518287181854248,0.5274208188056946,0.6452232599258423,0.0262539498507976,0.9997732639312744,0.4860913455486297,0.6521949768066406,-0.0262893792241811,0.9998761415481568,0.539847195148468,0.7930419445037842,0.0007534407195635,0.9819046258926392,0.4863835573196411,0.7985236644744873,-0.0140240034088492,0.9948819875717164,0.4960881769657135,0.8408831357955933,0.2887599766254425,0.9487391710281372,0.4683723151683807,0.8946461081504822,0.1772619932889938,0.9907639622688292,0.4831887781620025,0.8501648306846619,0.3154830634593963,0.90696120262146,0.4666785001754761,0.901835322380066,0.1951193064451217,0.8842204213142395,0.5098420977592468,0.8939306735992432,0.2689088582992553,0.9561920762062072,0.4681993424892425,0.955995798110962,0.1187196522951126,0.9822286367416382
0.5139279961585999,0.4050899446010589,-0.3656922876834869,0.999991238117218,0.5166391730308533,0.3909147679805755,-0.3533459901809692,0.9999713897705078,0.5188009142875671,0.3905341029167175,-0.3533468246459961,0.9999632835388184,0.5207668542861938,0.3901557326316833,-0.353383719921112,0.9999601244926452,0.5086925029754639,0.3901033997535705,-0.359502911567688,0.9999769926071168,0.5052250027656555,0.3890816569328308,-0.359578400850296,0.9999765157699584,0.5013898015022278,0.3880256712436676,-0.3596116900444031,0.9999768733978271,0.5208287239074707,0.389992207288742,-0.2445033937692642,0.9998832941055298,0.4921448528766632,0.3876660764217376,-0.2743621468544006,0.9999626874923706,0.5161524415016174,0.4175891876220703,-0.321271002292633,0.9999856352806092,0.506896436214447,0.4177439510822296,-0.3299513161182403,0.9999926686286926,0.5419353246688843,0.4443404376506805,-0.1488806754350662,0.999969244003296,0.4631725251674652,0.4667393565177917,-0.1947719603776931,0.9999845623970032,0.5532538294792175,0.5585874319076538,-0.0925211012363433,0.9737202525138856,0.4510338604450226,0.5872117877006531,-0.1653421819210052,0.9933401346206664,0.5613881945610046,0.6628895401954651,-0.1716389954090118,0.97764790058136,0.4495930075645447,0.7113418579101562,-0.2341565191745758,0.978095531463623,0.5637580156326294,0.6913958787918091,-0.1935603022575378,0.954865336418152,0.4500320851802826,0.7438322901725769,-0.2570907175540924,0.957795798778534,0.5613773465156555,0.6923093199729919,-0.2232685089111328,0.9581995010375975,0.4560715854167938,0.7418004274368286,-0.2829961478710174,0.9607533812522888,0.5592566728591919,0.684446394443512,-0.1847462654113769,0.9511510133743286,0.4578145444393158,0.7299094200134277,-0.2445814162492752,0.9526602625846864,0.5315234661102295,0.6579408049583435,0.0257751327008008,0.9997798204421996,0.4901549220085144,0.6648411750793457,-0.0258213952183723,0.9998717308044434,0.546786367893219,0.806148886680603,-0.0410729274153709,0.982353150844574,0.4944234490394592,0.8088161945343018,-0.0561999827623367,0.994430124759674,0.4976803958415985,0.8374007940292358,0.2500040829181671,0.938358187675476,0.4692567884922027,0.8944944143295288,0.1609784662723541,0.9882335066795348,0.486505389213562,0.8415525555610657,0.2785173058509826,0.8848603963851929,0.466643214225769,0.9009416103363036,0.1822637915611267,0.872732400894165,0.5022083520889282,0.8938974738121033,0.247588649392128,0.9479354023933412,0.4680662751197815,0.9553704261779784,0.116891011595726,0.979357123374939
0.5166423916816711,0.4258222579956054,-0.3485921919345855,0.9999909996986388,0.5193202495574951,0.4106864929199219,-0.3353980481624603,0.9999709129333496,0.521518886089325,0.4100796282291412,-0.3354021608829498,0.999962568283081,0.5236755609512329,0.4093836545944214,-0.3354432880878448,0.9999598860740662,0.511222779750824,0.4099975228309631,-0.3420173823833465,0.999977171421051,0.5077409148216248,0.4087414443492889,-0.3421075642108917,0.9999766945838928,0.5040181279182434,0.4074989557266235,-0.3421482741832733,0.999977171421051,0.5239753127098083,0.4090285301208496,-0.2275481522083282,0.9998859167099,0.4947237074375152,0.4082672595977783,-0.2590533792972564,0.9999638199806212,0.5188758373260498,0.4383957982063293,-0.3050721287727356,0.9999857544898988,0.5095903873443604,0.4386062622070312,-0.3141178786754608,0.9999927878379822,0.5438801050186157,0.4613809883594513,-0.1293299943208694,0.9999707341194152,0.4669814109802246,0.490289032459259,-0.1921810805797577,0.9999849200248718,0.5547447204589844,0.5740756392478943,-0.0767228826880455,0.9720823168754578,0.4550298154354095,0.6075626015663147,-0.1676834225654602,0.9937351942062378,0.5640291571617126,0.6756331920623779,-0.1604197919368744,0.9761823415756226,0.4561434984207153,0.7273305654525757,-0.2352363467216491,0.9786857962608336,0.5662743449211121,0.7035343050956726,-0.1828129589557647,0.9533869624137878,0.4571223556995392,0.7644891738891602,-0.2583582103252411,0.9584423303604126,0.5642345547676086,0.704893171787262,-0.2118632197380066,0.9569005966186525,0.4631747305393219,0.762269914150238,-0.283063530921936,0.9614721536636353,0.562259316444397,0.6971265077590942,-0.1735760420560836,0.9496379494667052,0.4651568233966827,0.7498872876167297,-0.2449782937765121,0.9538537859916688,0.5361973643302917,0.6741380095481873,0.028454165905714,0.999790370464325,0.4949473738670349,0.684807300567627,-0.0284958109259605,0.9998728036880492,0.5534870624542236,0.8199635148048401,-0.0608850046992301,0.9825608730316162,0.5044291615486145,0.8250759243965149,-0.072147324681282,0.9940431714057922,0.4976733922958374,0.8399020433425903,0.201870247721672,0.9281306862831116,0.4752113223075866,0.8877168893814087,0.1657270491123199,0.9813089966773988,0.4861656725406647,0.8447915315628052,0.2282005101442337,0.8675621747970581,0.4676593244075775,0.8911364078521729,0.1937570571899414,0.854351282119751,0.4891123473644256,0.8986451625823975,0.2022132873535156,0.9396277070045472,0.4680643081665039,0.9544106721878052,0.1567120105028152,0.9713009595870972
0.5194628834724426,0.4478337466716766,-0.3385451138019562,0.9999903440475464,0.5222450494766235,0.4328009486198425,-0.3257026374340057,0.9999691247940063,0.524560272693634,0.4323305487632751,-0.3257188498973846,0.9999603033065796,0.5268003940582275,0.4316059648990631,-0.3257656097412109,0.9999578595161438,0.513664960861206,0.4317823648452759,-0.3321831524372101,0.9999766945838928,0.5101221799850464,0.4305837452411651,-0.3322694599628448,0.9999763369560242,0.5065136551856995,0.4293323159217834,-0.3323091864585876,0.9999768733978271,0.527425229549408,0.4304037392139435,-0.2182426005601883,0.9998855590820312,0.4979652762413025,0.4302240014076233,-0.2491686940193176,0.999964714050293,0.5218316912651062,0.4598077833652496,-0.2948967814445495,0.9999853372573853,0.5124887824058533,0.4600602388381958,-0.3037885129451751,0.9999927878379822,0.546901285648346,0.4809386134147644,-0.1172884777188301,0.9999720454216005,0.4708348512649536,0.5134903788566589,-0.1847855299711227,0.9999856352806092,0.5572726130485535,0.5907918214797974,-0.0626175329089164,0.969517707824707,0.4596081078052521,0.631054162979126,-0.1604696810245514,0.994062066078186,0.5674229860305786,0.6926056742668152,-0.1453195512294769,0.9739655256271362,0.4631761908531189,0.7471601963043213,-0.2315546870231628,0.9789796471595764,0.5694708228111267,0.7191001176834106,-0.16583052277565,0.9511282444000244,0.4641577005386352,0.7867937684059143,-0.254228264093399,0.9587216973304749,0.567473828792572,0.7207480669021606,-0.1953085511922836,0.9548736810684204,0.4701089262962341,0.7853569388389587,-0.2771332859992981,0.9618443250656128,0.5655977129936218,0.7133960127830505,-0.1584520488977432,0.947531521320343,0.4723864495754242,0.7735814452171326,-0.2403698116540908,0.954724371433258,0.5405266284942627,0.6909961700439453,0.0340245179831981,0.9998006820678712,0.4995644986629486,0.7027953267097473,-0.0340741723775863,0.9998764395713806,0.5593357086181641,0.8368622064590454,-0.0507760569453239,0.979873538017273,0.5132499933242798,0.8428007960319519,-0.1162118688225746,0.993671417236328,0.4992670118808746,0.8414003252983093,0.2258389145135879,0.8959808349609375,0.4756861329078674,0.8880684971809387,0.1263500750064849,0.9734901785850524,0.4871460795402527,0.8420253992080688,0.2543405890464782,0.8337559103965759,0.4676171839237213,0.887650728225708,0.1523329317569732,0.8403912782669067,0.4888964891433716,0.8941956758499146,0.2405664622783661,0.9147665500640868,0.4673686623573303,0.9533405303955078,0.1311044543981552,0.9628206491470336
0.5238168835639954,0.4708958566188812,-0.3224610090255737,0.9999878406524658,0.5263936519622803,0.4564630687236786,-0.3100427687168121,0.99996155500412,0.5286344289779663,0.4557143151760101,-0.3100739419460296,0.9999500513076782,0.5307060480117798,0.4548783004283905,-0.3101323246955871,0.9999481439590454,0.5180457830429077,0.455115795135498,-0.3176390826702118,0.9999735951423644,0.5145483613014221,0.4537267982959747,-0.3177211880683899,0.9999732375144958,0.5110304951667786,0.4524003863334656,-0.3177716135978699,0.999974012374878,0.5309458374977112,0.4527383744716644,-0.2041728794574737,0.9998694062232972,0.5027441382408142,0.4526513814926147,-0.2397860586643219,0.9999629259109496,0.5258476138114929,0.4823633134365082,-0.2789239585399627,0.9999829530715942,0.5169014930725098,0.4824622273445129,-0.2892489433288574,0.9999921917915344,0.549678385257721,0.5009604096412659,-0.104534313082695,0.999972939491272,0.4743869006633758,0.5346310138702393,-0.177147552371025,0.9999862313270568,0.5606438517570496,0.6072120666503906,-0.0471169911324977,0.9651082158088684,0.4642596542835235,0.6531911492347717,-0.1532845944166183,0.9941521883010864,0.571738600730896,0.7071245908737183,-0.1251371651887893,0.9695520401000975,0.4708826839923858,0.768579363822937,-0.2224785536527633,0.9782440066337584,0.574084997177124,0.7337401509284973,-0.1439597010612487,0.9461381435394288,0.4718046486377716,0.80898517370224,-0.2446579486131668,0.9574516415596008,0.5718419551849365,0.735027551651001,-0.1730463653802871,0.9503821730613708,0.47752246260643,0.805717408657074,-0.2666109502315521,0.9608165621757508,0.5696266889572144,0.7280079126358032,-0.1380016505718231,0.9429486989974976,0.4796723127365112,0.7937183976173401,-0.2307084500789642,0.9540783166885376,0.5451778769493103,0.7070203423500061,0.0358181186020374,0.9998096823692322,0.5043608546257019,0.7202925086021423,-0.0358596183359622,0.9998815059661864,0.5637085437774658,0.8551448583602905,-0.0341060012578964,0.9749784469604492,0.5190090537071228,0.8590016961097717,-0.1174201145768165,0.9928338527679444,0.4989594221115112,0.8506066799163818,0.2567766010761261,0.8407807946205139,0.47549968957901,0.8919345140457153,0.1262542754411697,0.9631258249282836,0.4867888987064361,0.8413042426109314,0.2684039771556854,0.7831788659095764,0.4660231173038482,0.8862136602401733,0.1524326652288437,0.8254370093345642,0.4905214011669159,0.8941207528114319,0.3074568212032318,0.869856595993042,0.4665347039699554,0.9529693722724916,0.1349596530199051,0.953082263469696
0.5286635756492615,0.4976222217082977,-0.3219014108181,0.999979853630066,0.5312170386314392,0.4833627343177795,-0.3097622990608215,0.9999385476112366,0.5332052111625671,0.4823914170265198,-0.3097946941852569,0.999917447566986,0.534966230392456,0.4811253249645233,-0.3098621964454651,0.999918520450592,0.5232321619987488,0.4829883575439453,-0.3181586563587188,0.9999629259109496,0.519630491733551,0.4815692007541656,-0.3182397484779358,0.9999622702598572,0.5160583257675171,0.4798395335674286,-0.3182967901229858,0.9999643564224244,0.5347076058387756,0.4769856333732605,-0.2029571235179901,0.9998116493225098,0.5077028274536133,0.4786823987960815,-0.2416537702083587,0.9999542236328124,0.53042072057724,0.5084574222564697,-0.2774647772312164,0.999974250793457,0.5216533541679382,0.5084184408187866,-0.288718581199646,0.9999895691871644,0.5519940853118896,0.5181159973144531,-0.0990289226174354,0.9999731779098512,0.4789647161960602,0.5577536821365356,-0.1786839067935943,0.9999864101409912,0.5643219351768494,0.6217471957206726,-0.0381629206240177,0.9559423327445984,0.4702959656715393,0.6749812364578247,-0.1550433337688446,0.9939922094345092,0.5753733515739441,0.7208901643753052,-0.1124261170625686,0.9591487050056458,0.4792588055133819,0.7905373573303223,-0.2218057364225387,0.9762219190597534,0.5780605673789978,0.7477034330368042,-0.1292433142662048,0.934162437915802,0.4801088571548462,0.8297527432441711,-0.2439296841621399,0.9541623592376708,0.5761602520942688,0.7491286396980286,-0.158032551407814,0.9394269585609436,0.485075831413269,0.82483971118927,-0.2653594613075256,0.9579440355300904,0.5739055275917053,0.7416380047798157,-0.1250736266374588,0.9316461086273192,0.4870280921459198,0.8133698105812073,-0.2297313213348388,0.9512755870819092,0.5502527356147766,0.7216243147850037,0.0369786657392978,0.9998181462287904,0.5091012716293335,0.7348259091377258,-0.0370219834148883,0.9998849034309388,0.5697904825210571,0.8706044554710388,-0.0604144819080829,0.9691420793533324,0.5273340940475464,0.8718457818031311,-0.1265258342027664,0.9915362000465392,0.5010578632354736,0.8574298024177551,0.2361310273408889,0.7869919538497925,0.4783867597579956,0.889602780342102,0.1147809475660324,0.9532383680343628,0.4892199337482452,0.8419989347457886,0.2665598094463348,0.7363395094871521,0.4662472009658813,0.879725992679596,0.1410367041826248,0.8142834305763245,0.4909599423408508,0.9048106074333192,0.297724187374115,0.8269200921058655,0.4667395651340484,0.9509882926940918,0.1270763278007507,0.9450210928916932
0.5321449041366577,0.5204936861991882,-0.3296939730644226,0.9999740719795228,0.5348129868507385,0.5063243508338928,-0.3172931671142578,0.999922811985016,0.5369123816490173,0.5053960084915161,-0.3173213899135589,0.9998943209648132,0.5388710498809814,0.5043197274208069,-0.317394882440567,0.9998979568481444,0.5263897776603699,0.5064752101898193,-0.3247007429599762,0.9999549984931946,0.5227578282356262,0.5055040717124939,-0.3247821629047394,0.9999540448188782,0.5191454291343689,0.5040737390518188,-0.3248323798179626,0.9999569058418274,0.5391206741333008,0.5003932118415833,-0.2092587649822235,0.9997739791870116,0.5116161704063416,0.5027915835380554,-0.2432929873466491,0.9999486207962036,0.5343862175941467,0.5309155583381653,-0.2848314642906189,0.9999666810035706,0.5252131223678589,0.5314517021179199,-0.2946770787239074,0.9999868869781494,0.5558517575263977,0.5397104620933533,-0.1004836559295654,0.9999738335609436,0.4843946993350982,0.5785456299781799,-0.1801748722791671,0.9999866485595704,0.5688883066177368,0.6398518085479736,-0.040439810603857,0.9475980401039124,0.4779496192932129,0.6975045204162598,-0.152727797627449,0.9936736226081848,0.5791842937469482,0.7372006177902222,-0.113592080771923,0.9486828446388244,0.4876275360584259,0.8128967881202698,-0.2179030030965805,0.9730387926101683,0.5814124941825867,0.7617684006690979,-0.1294631063938141,0.9218116998672484,0.4866371154785156,0.8507067561149597,-0.2396455407142639,0.9489624500274658,0.5797469615936279,0.7633510231971741,-0.1578477323055267,0.9280651211738586,0.4918712675571441,0.8445431590080261,-0.2611550688743591,0.9533371329307556,0.5777915120124817,0.7558872699737549,-0.1258871108293533,0.9196078181266784,0.4942180812358856,0.8328744769096375,-0.2258492559194564,0.9467604756355286,0.5542708039283752,0.7387911677360535,0.0380622409284114,0.9998291730880736,0.5129651427268982,0.7498242855072021,-0.0381233356893062,0.9998899102211,0.575912356376648,0.8859968781471252,-0.0721307098865509,0.959797739982605,0.5339924097061157,0.887197732925415,-0.1353322118520736,0.9901795387268066,0.5016767382621765,0.8691216707229614,0.2036207020282745,0.738596498966217,0.477874219417572,0.8924073576927185,0.1037144586443901,0.9429769515991212,0.4901002049446106,0.8468078374862671,0.2336058765649795,0.6950913071632385,0.4666878879070282,0.8788793087005615,0.1296615302562713,0.8060916066169739,0.4891670346260071,0.9067973494529724,0.239823505282402,0.7876636385917664,0.4664278328418731,0.9495511651039124,0.1224769726395607,0.936744749546051
0.5365208387374878,0.5427048206329346,-0.3320652842521667,0.999966561794281,0.5393621325492859,0.5279604196548462,-0.3199023306369781,0.9999009370803832,0.5416145324707031,0.5268682241439819,-0.3199366927146911,0.9998612999916076,0.5437659025192261,0.525597333908081,-0.3200288712978363,0.9998690485954284,0.5306379795074463,0.5284184813499451,-0.3268608748912811,0.99994695186615,0.5269932150840759,0.5276041030883789,-0.3269532322883606,0.9999459385871888,0.5236064791679382,0.5265759229660034,-0.3270052969455719,0.9999504089355468,0.5438954830169678,0.5217868089675903,-0.2149540036916732,0.999719262123108,0.5165126323699951,0.5258086323738098,-0.2471148669719696,0.9999443888664246,0.5392254590988159,0.5522645711898804,-0.28861865401268,0.9999564290046692,0.5296867489814758,0.5528401136398315,-0.2978897392749786,0.9999843835830688,0.5607293844223022,0.5614933371543884,-0.1086373999714851,0.9999732971191406,0.4898107647895813,0.6012520790100098,-0.1839548498392105,0.9999871253967284,0.5717629790306091,0.6591393947601318,-0.0500649772584438,0.9347743391990662,0.4848592877388,0.7214905619621277,-0.1561972647905349,0.993276298046112,0.5826574563980103,0.7522329688072205,-0.1126398965716362,0.924971878528595,0.4938628375530243,0.8350079655647278,-0.2230270802974701,0.9676677584648132,0.584884524345398,0.7747921347618103,-0.124465212225914,0.8948953151702881,0.4922418296337127,0.8752098679542542,-0.2447743713855743,0.939941942691803,0.5834049582481384,0.7762869000434875,-0.1509046554565429,0.902437388896942,0.4974874854087829,0.8679510354995728,-0.2633921504020691,0.9452502727508544,0.5814210772514343,0.7691775560379028,-0.1239124611020088,0.8944442272186279,0.4998432993888855,0.8552316427230835,-0.2303897440433502,0.939154863357544,0.5594739317893982,0.7546980977058411,0.0373560413718223,0.9998396039009094,0.5189195275306702,0.7662816643714905,-0.0374189801514148,0.9998970627784728,0.5835940837860107,0.8995617032051086,-0.0698364973068237,0.9495937824249268,0.541750967502594,0.90561181306839,-0.1364660859107971,0.988525688648224,0.5147149562835693,0.8661122918128967,0.2223702222108841,0.6790529489517212,0.4797603189945221,0.8938901424407959,0.0946492776274681,0.9320193529129028,0.5048386454582214,0.8387305736541748,0.2545495331287384,0.644044041633606,0.468750923871994,0.8806120157241821,0.1204908564686775,0.7954067587852478,0.497690737247467,0.8983852863311768,0.2622759044170379,0.7317821979522705,0.4662410318851471,0.948975145816803,0.1135411709547042,0.926781177520752
0.5438825488090515,0.5630660653114319,-0.2887547612190246,0.9999613761901855,0.5455005168914795,0.5490214824676514,-0.2770213186740875,0.9998822212219238,0.5475545525550842,0.5478191375732422,-0.2770703434944153,0.9998352527618408,0.5495299100875854,0.5464683771133423,-0.2771761119365692,0.9998436570167542,0.5374107956886292,0.5497141480445862,-0.2843772172927856,0.9999404549598694,0.5337752103805542,0.5491715669631958,-0.2844529747962951,0.9999399185180664,0.5305054187774658,0.5485963821411133,-0.284497857093811,0.9999448657035828,0.5486681461334229,0.5434094071388245,-0.1827209591865539,0.9996812343597412,0.5233468413352966,0.5491462349891663,-0.2155066281557083,0.9999423623085022,0.5466510057449341,0.5726354122161865,-0.2494451105594635,0.9999486804008484,0.5374129414558411,0.5739830136299133,-0.258971631526947,0.9999821782112122,0.5665121674537659,0.5822704434394836,-0.0884448960423469,0.9999743700027466,0.4962224066257477,0.6229701042175293,-0.1664114445447921,0.9999878406524658,0.5753480792045593,0.6741092205047607,-0.0384431630373001,0.9233717918395996,0.4940591156482696,0.7452035546302795,-0.1454916000366211,0.9930090308189392,0.587324857711792,0.7623431086540222,-0.0900636911392211,0.9025987386703492,0.5025255084037781,0.8558228015899658,-0.1953611671924591,0.9620325565338136,0.5908035635948181,0.7836827635765076,-0.0984140187501907,0.8694148063659668,0.5007310509681702,0.8910011649131775,-0.2138222008943557,0.9299254417419434,0.5897049307823181,0.7847855687141418,-0.1224379315972328,0.8783066868782043,0.5043284296989441,0.8855246901512146,-0.2288560420274734,0.9360947608947754,0.5873547196388245,0.7784217596054077,-0.1003137454390525,0.8705370426177979,0.5065247416496277,0.8718202114105225,-0.2010163813829422,0.9307116270065308,0.566331148147583,0.7730820775032043,0.0370521657168865,0.9998528957366944,0.526508629322052,0.7838377952575684,-0.0371082536876201,0.9999055862426758,0.591728150844574,0.9146040081977844,-0.0698228031396865,0.945000410079956,0.5476913452148438,0.9230135679244996,-0.1381824165582656,0.9884487390518188,0.5233927369117737,0.8698171377182007,0.2050152719020843,0.6347926259040833,0.4828108847141266,0.8947731852531433,0.0847663432359695,0.92902010679245,0.5141549706459045,0.8391062021255493,0.2360415607690811,0.6083321571350098,0.4719555974006653,0.879997730255127,0.1102327406406402,0.797783613204956,0.5097212195396423,0.898743212223053,0.2575747370719909,0.6937025189399719,0.4664488434791565,0.9473679065704346,0.1124744787812233,0.9244529604911804
0.5524250268936157,0.5903972387313843,-0.2611054182052612,0.9999619126319884,0.5541746616363525,0.5761256217956543,-0.252276599407196,0.9998809099197388,0.5558663010597229,0.574627161026001,-0.2523143589496612,0.9998364448547364,0.5573405027389526,0.5728994011878967,-0.2524020075798034,0.9998407959938048,0.5466752648353577,0.5774982571601868,-0.259886622428894,0.999941110610962,0.5431653261184692,0.5769344568252563,-0.259960800409317,0.99994158744812,0.539604902267456,0.5762983560562134,-0.2599959671497345,0.9999454021453856,0.5549632906913757,0.5666705369949341,-0.1718790680170059,0.9996868968009948,0.5308881402015686,0.5742217898368835,-0.2055540382862091,0.9999456405639648,0.5545424222946167,0.5981670022010803,-0.2267732918262481,0.9999483823776244,0.545582115650177,0.6003184914588928,-0.2366073578596115,0.9999820590019226,0.5717201232910156,0.5971384644508362,-0.0822262391448021,0.9999762177467346,0.502932608127594,0.6384657025337219,-0.170471578836441,0.9999889731407166,0.5804296731948853,0.6919242143630981,-0.0359484143555164,0.9122297167778016,0.5022191405296326,0.7613552808761597,-0.151214987039566,0.993347942829132,0.5962641835212708,0.7751321196556091,-0.0794105529785156,0.8819614052772522,0.5115001201629639,0.8749992847442627,-0.1986483931541443,0.9615104794502258,0.6022739410400391,0.7957063913345337,-0.0825201496481895,0.8457881212234497,0.5090653300285339,0.9122098088264464,-0.2165362983942031,0.927735447883606,0.601239025592804,0.7961378693580627,-0.1067534983158111,0.8565127849578857,0.5138214826583862,0.9083383083343506,-0.2303818166255951,0.9341045022010804,0.598038911819458,0.790274441242218,-0.0895576551556587,0.849419116973877,0.5157827138900757,0.8946113586425781,-0.2039153724908828,0.9289531707763672,0.5713443160057068,0.7875431776046753,0.0366560705006122,0.9998669624328612,0.5320219993591309,0.7997806072235107,-0.0367138423025608,0.9999146461486816,0.5984562635421753,0.9289065599441528,-0.0617303624749183,0.9448058605194092,0.5497462153434753,0.9401991963386536,-0.1358141452074051,0.9892051815986632,0.5376526713371277,0.8697037696838379,0.1868261992931366,0.5984423160552979,0.4839406609535217,0.8950820565223694,0.0668243393301963,0.928511083126068,0.5291874408721924,0.8406960368156433,0.2148806452751159,0.5831726789474487,0.4746281206607818,0.8787636160850525,0.0903400406241417,0.8024218678474426,0.5230246186256409,0.8989387154579163,0.2523472905158996,0.6639288663864136,0.4664522409439087,0.947155773639679,0.1109095141291618,0.9242703318595886
0.5633871555328369,0.6103577017784119,-0.2620544731616974,0.999963879585266,0.5649259686470032,0.5957878232002258,-0.2548229098320007,0.9998860359191896,0.5663195848464966,0.5944000482559204,-0.2548519074916839,0.999845027923584,0.567674458026886,0.592789888381958,-0.2549366950988769,0.9998470544815063,0.5582755208015442,0.5972890853881836,-0.2610916197299957,0.9999437928199768,0.5546916127204895,0.59697425365448,-0.2611587345600128,0.9999447464942932,0.5509881377220154,0.5964609980583191,-0.26117804646492,0.9999476075172424,0.565238893032074,0.5870228409767151,-0.1782527416944503,0.9997060298919678,0.5412688851356506,0.5948994755744934,-0.2065196633338928,0.99994957447052,0.5647026896476746,0.6182900667190552,-0.2288215905427932,0.99995094537735,0.5564819574356079,0.6212813854217529,-0.2369572520256042,0.99998277425766,0.5806812644004822,0.6177970170974731,-0.0877873674035072,0.9999783039093018,0.5102973580360413,0.6555024981498718,-0.1695269793272018,0.9999899864196776,0.5942324995994568,0.7097323536872864,-0.0356798730790615,0.9113473296165466,0.5122749209403992,0.776988685131073,-0.1519204825162887,0.9935866594314576,0.6129858493804932,0.7858765721321106,-0.0743972584605217,0.8794890642166138,0.5234048366546631,0.8940711617469788,-0.1950676143169403,0.9617218375205994,0.6223344802856445,0.8054800033569336,-0.0771643593907356,0.8416271209716797,0.5218132734298706,0.9296308159828186,-0.2124081999063491,0.9270904660224916,0.6196653246879578,0.8062108159065247,-0.1033787876367569,0.8532627820968628,0.5265045762062073,0.9264284372329712,-0.2268586307764053,0.9334245324134828,0.6153774857521057,0.8000752925872803,-0.0848535299301147,0.8464402556419373,0.5276460647583008,0.9125056266784668,-0.2004249989986419,0.928472638130188,0.5769942402839661,0.8022834062576294,0.0364339277148246,0.9998799562454224,0.5368527173995972,0.8124830722808838,-0.036490324884653,0.9999229311943054,0.6044137477874756,0.942824125289917,-0.0626542344689369,0.9448921084403992,0.5532264113426208,0.9518932104110718,-0.1273884922266006,0.9900251626968384,0.5394867658615112,0.8787102103233337,0.1641240417957306,0.5792419910430908,0.4859285056591034,0.8951033353805542,0.0679403021931648,0.9314800500869752,0.5301945805549622,0.8509521484375,0.1901027560234069,0.5743589997291565,0.4766624271869659,0.8787891864776611,0.0905321389436721,0.8123229146003723,0.5236335396766663,0.904449462890625,0.223859503865242,0.6524485945701599,0.4666292071342468,0.942732036113739,0.1105759441852569,0.9273011088371276
0.5746196508407593,0.6375779509544373,-0.2672246098518371,0.9999664425849916,0.5769422054290771,0.6243001818656921,-0.2617939412593841,0.9998926520347596,0.5786972641944885,0.6232919096946716,-0.2617958188056946,0.9998558163642884,0.5804447531700134,0.6221696138381958,-0.2618761658668518,0.9998555183410645,0.5706523060798645,0.624884307384491,-0.2665061950683594,0.9999467134475708,0.5673778653144836,0.6241264343261719,-0.2665596306324005,0.9999482035636902,0.5636183023452759,0.6231829524040222,-0.2665489912033081,0.999949872493744,0.5796874761581421,0.6170644164085388,-0.1878581494092941,0.9997287392616272,0.5529868602752686,0.6191938519477844,-0.2105150371789932,0.99995356798172,0.5761497616767883,0.6461418271064758,-0.2349483519792556,0.9999542832374572,0.5684795379638672,0.647159218788147,-0.2411031723022461,0.9999837875366212,0.5913009643554688,0.6410377621650696,-0.0933004766702652,0.999980330467224,0.5201432108879089,0.671753466129303,-0.1693944931030273,0.999990940093994,0.6104268431663513,0.7299477458000183,-0.0364066623151302,0.9144380688667296,0.5211700797080994,0.7899783849716187,-0.1539044678211212,0.9938840866088868,0.6319189667701721,0.8060777187347412,-0.0661157891154289,0.8838761448860168,0.5332868695259094,0.908098578453064,-0.195118710398674,0.9626081585884094,0.641551673412323,0.8233964443206787,-0.0670834481716156,0.845478355884552,0.53121417760849,0.9438130259513856,-0.2128570973873138,0.9271830320358276,0.6392889022827148,0.825351893901825,-0.0949424356222152,0.85787433385849,0.5369690656661987,0.9422112703323364,-0.2266699820756912,0.933489203453064,0.6348868012428284,0.8199744820594788,-0.0767981559038162,0.8518547415733337,0.5382320880889893,0.9283437132835388,-0.2004199475049972,0.9290590882301332,0.5838521122932434,0.8099581003189087,0.0363936424255371,0.9998918175697328,0.5422801971435547,0.8207069039344788,-0.0364448763430118,0.9999304413795472,0.61076819896698,0.9474258422851562,-0.0611512437462806,0.9443596601486206,0.5585466623306274,0.9639472365379332,-0.1266706883907318,0.9908590912818908,0.5457087755203247,0.8907013535499573,0.1543795317411422,0.5643495321273804,0.4903464317321777,0.895341694355011,0.0700021311640739,0.9349429607391356,0.5406938195228577,0.8615574836730957,0.1783971190452575,0.5662608742713928,0.4818525314331054,0.8780579566955566,0.0925938189029693,0.8218151926994324,0.5282263159751892,0.9137365818023682,0.2071316242218017,0.6421220302581787,0.4680694341659546,0.9411022663116456,0.1113370805978775,0.9305780529975892
0.5854254961013794,0.6601190567016602,-0.2630034387111664,0.9999691843986512,0.5876795649528503,0.6473477482795715,-0.2572616636753082,0.9999001622200012,0.58961421251297,0.6463496685028076,-0.2572627663612366,0.9998672008514404,0.5915621519088745,0.645164430141449,-0.2573493719100952,0.999865174293518,0.5808227062225342,0.6479006409645081,-0.2610810101032257,0.9999500513076782,0.5774872899055481,0.6472810506820679,-0.2610925734043121,0.9999518990516664,0.5737322568893433,0.6465135812759399,-0.261074960231781,0.9999526739120485,0.5917698740959167,0.6394749879837036,-0.1899190545082092,0.9997514486312866,0.5646384358406067,0.6429604291915894,-0.2077167332172393,0.9999573826789856,0.5876474976539612,0.6689370274543762,-0.2339230477809906,0.9999576807022096,0.579269528388977,0.6687102913856506,-0.2387470304965973,0.9999848008155824,0.602107048034668,0.6641339063644409,-0.0954828038811683,0.9999821782112122,0.5331326127052307,0.6896811127662659,-0.1712233573198318,0.999991774559021,0.6240602731704712,0.7502110004425049,-0.0525534264743328,0.9145954847335817,0.530469536781311,0.8067516684532166,-0.1754749417304992,0.9941875338554382,0.6490970253944397,0.8231694102287292,-0.0779652595520019,0.8876559138298035,0.5412513613700867,0.9274091124534608,-0.2081287503242492,0.9650555849075316,0.6618310809135437,0.8373501300811768,-0.0789947435259819,0.8463179469108582,0.5383260250091553,0.9618309736251832,-0.2233230024576187,0.9310778379440308,0.6596383452415466,0.8406469225883484,-0.1066966280341148,0.8604108691215515,0.5456724166870117,0.9612143039703368,-0.2356758862733841,0.9371283054351808,0.6543457508087158,0.8367819786071777,-0.0888906493782997,0.8563328981399536,0.5469953417778015,0.9483736157417296,-0.2105193883180618,0.9333877563476562,0.5901563763618469,0.8166558146476746,0.0334949865937233,0.9999025464057922,0.5471001267433167,0.8245713114738464,-0.0335309281945228,0.9999372363090516,0.6138649582862854,0.94765043258667,-0.0728218704462051,0.9441298246383668,0.5613144636154175,0.9729402661323548,-0.1240013614296913,0.9915317296981812,0.5579984188079834,0.894050121307373,0.128030925989151,0.5577004551887512,0.4942030310630798,0.895140528678894,0.0735120400786399,0.9371495246887208,0.550144612789154,0.8706173896789551,0.1504701822996139,0.5597115755081177,0.4868307113647461,0.8745176196098328,0.0960474908351898,0.8259137868881226,0.5419129729270935,0.9186260104179382,0.1738464683294296,0.6348108053207397,0.4706171154975891,0.9408361315727234,0.1131413355469703,0.9320861101150512
0.5978307723999023,0.6875472068786621,-0.269497275352478,0.999971330165863,0.5995223522186279,0.6733250617980957,-0.2732106447219848,0.9999050498008728,0.6014094948768616,0.6720848083496094,-0.2731966972351074,0.9998752474784852,0.6032477617263794,0.6705601811408997,-0.2732814848423004,0.999871551990509,0.592507004737854,0.6736755967140198,-0.2739399671554565,0.9999521374702454,0.5888200998306274,0.6727738976478577,-0.2739486396312713,0.999954342842102,0.5847381353378296,0.6716989874839783,-0.2738728821277618,0.999954104423523,0.6019278168678284,0.6625043153762817,-0.2254305779933929,0.9997667074203492,0.5746182203292847,0.6669542193412781,-0.2440963089466095,0.9999599456787108,0.5994626879692078,0.6977397203445435,-0.2567213177680969,0.9999599456787108,0.591133713722229,0.6965471506118774,-0.2603793442249298,0.9999853372573853,0.6101272702217102,0.6800534129142761,-0.1403141319751739,0.9999837279319764,0.5436140894889832,0.7119306921958923,-0.2081768661737442,0.999992311000824,0.6331710815429688,0.7607355713844299,-0.1011630520224571,0.9174489378929138,0.5431461930274963,0.829280436038971,-0.2209732979536056,0.9944080114364624,0.6627548336982727,0.8344024419784546,-0.1172164604067802,0.894485354423523,0.5502298474311829,0.9539661407470704,-0.2462802678346634,0.9672194123268129,0.6768490076065063,0.8481475710868835,-0.1158387511968612,0.8542189002037048,0.5475901365280151,0.9818112850189208,-0.2626951932907104,0.933986485004425,0.67431640625,0.8534058332443237,-0.1402787864208221,0.8689202666282654,0.5543850660324097,0.98267924785614,-0.2712841033935547,0.9400230050086976,0.6684210896492004,0.8510816693305969,-0.1266969442367553,0.8656471371650696,0.5563685894012451,0.9726075530052184,-0.2498810738325119,0.9369581937789916,0.5932024121284485,0.8211167454719543,0.029357211664319,0.9999121427536012,0.5512346625328064,0.828033983707428,-0.0293719600886106,0.9999432563781738,0.6147832274436951,0.9481370449066162,-0.0603128038346767,0.9405346512794496,0.5590881705284119,0.9664422869682312,-0.0885957032442092,0.9917715191841124,0.5695723295211792,0.8902947902679443,0.1336247026920318,0.5473272204399109,0.4958243072032928,0.8939753770828247,0.0794267281889915,0.9389967322349548,0.563405454158783,0.869132936000824,0.1543051749467849,0.5478032827377319,0.4890948832035064,0.8729302287101746,0.0995604768395423,0.826875627040863,0.5565274357795715,0.9184396862983704,0.1755433529615402,0.6273768544197083,0.473054438829422,0.9390388131141664,0.1132410839200019,0.9340519905090332
0.6083678007125854,0.7084631323814392,-0.313813716173172,0.9999731183052064,0.6098939180374146,0.6943451166152954,-0.3134322762489319,0.99991112947464,0.6116093397140503,0.6932050585746765,-0.3134383261203766,0.999883472919464,0.6132507920265198,0.6918064951896667,-0.3135138154029846,0.999880075454712,0.6029586791992188,0.6943697333335876,-0.3183406591415405,0.9999550580978394,0.5992939472198486,0.6933093667030334,-0.3183998763561249,0.9999570250511168,0.5953200459480286,0.6921240091323853,-0.3184089660644531,0.9999563097953796,0.6098568439483643,0.6827178001403809,-0.2610319852828979,0.9997841119766236,0.5853591561317444,0.6879392266273499,-0.2837609648704529,0.9999616146087646,0.609051525592804,0.7185744643211365,-0.2909698784351349,0.9999627470970154,0.6012789607048035,0.719360888004303,-0.2972313463687897,0.9999859929084778,0.6186460256576538,0.6906946301460266,-0.1836130023002624,0.9999850392341614,0.5529457330703735,0.7309130430221558,-0.2373824268579483,0.9999919533729552,0.6454813480377197,0.7709019184112549,-0.1469966322183609,0.9222526550292968,0.5524106621742249,0.8494043946266174,-0.2499337196350097,0.994102954864502,0.6766872406005859,0.8502561450004578,-0.1600935757160186,0.902409553527832,0.5574442744255066,0.9663880467414856,-0.2741695344448089,0.9689796566963196,0.6892353296279907,0.862597644329071,-0.1618073880672454,0.8640376329421997,0.5536595582962036,0.9950579404830932,-0.2882956862449646,0.9368897080421448,0.687968909740448,0.8675874471664429,-0.1854910999536514,0.8786271810531616,0.5619258880615234,0.994766891002655,-0.3012285232543945,0.9429735541343688,0.6824739575386047,0.8654115200042725,-0.16885307431221,0.8759974241256714,0.5640278458595276,0.9832146763801576,-0.2794629335403442,0.940464735031128,0.5974208116531372,0.8240512609481812,0.0206062588840723,0.9999204277992249,0.5555729269981384,0.8290648460388184,-0.0206110179424285,0.999948263168335,0.6168704628944397,0.9466148018836976,-0.0595151260495185,0.9390250444412231,0.5583193898200989,0.9606465697288512,-0.0618462301790714,0.9909724593162536,0.5675740838050842,0.8873481750488281,0.111863225698471,0.5474386215209961,0.4996227025985718,0.89396733045578,0.0857830569148063,0.9371482729911804,0.5640575885772705,0.8671513199806213,0.132343590259552,0.5438119769096375,0.4915084540843963,0.8735612034797668,0.101958118379116,0.8225676417350769,0.5495117902755737,0.9088111519813538,0.1536122411489486,0.6295539736747742,0.4776069819927215,0.9329536557197572,0.1252525895833969,0.9329988360404968
0.618263304233551,0.7208873629570007,-0.320741593837738,0.999974489212036,0.62035071849823,0.7081305980682373,-0.3207312822341919,0.9999167919158936,0.6222448348999023,0.7071839570999146,-0.3207312226295471,0.9998907446861268,0.6241003274917603,0.7059387564659119,-0.3207966983318329,0.9998884201049804,0.6132145524024963,0.7083234190940857,-0.3264225721359253,0.999958336353302,0.6097210645675659,0.7076197266578674,-0.3264935314655304,0.9999598264694214,0.6059619784355164,0.7068459391593933,-0.3265154063701629,0.9999589323997498,0.6212197542190552,0.6978853940963745,-0.2710731923580169,0.9997998476028442,0.5958719849586487,0.7041718363761902,-0.2951555848121643,0.9999629259109496,0.6192818284034729,0.7311968803405762,-0.2970104813575744,0.9999651908874512,0.6107498407363892,0.7326127290725708,-0.303890973329544,0.9999865293502808,0.628399670124054,0.7011589407920837,-0.1953555196523666,0.9999854564666748,0.5646654963493347,0.7392964363098145,-0.2499223202466964,0.9999908804893494,0.6553801894187927,0.7818865776062012,-0.1621908843517303,0.9267278909683228,0.56219881772995,0.8538256287574768,-0.2626203298568725,0.9939014911651612,0.684150755405426,0.8624029159545898,-0.1817014515399933,0.9095759987831116,0.5637412667274475,0.96480530500412,-0.2839995622634887,0.9709658026695251,0.6959480047225952,0.8732503652572632,-0.1847806721925735,0.8730461001396179,0.5591773390769958,0.9931825995445251,-0.2981361448764801,0.940504789352417,0.6939722299575806,0.8785761594772339,-0.2068680375814438,0.8875410556793213,0.5675686597824097,0.995409905910492,-0.3103100061416626,0.9464572072029114,0.6884729266166687,0.8774397373199463,-0.1897240281105041,0.8854793310165405,0.5699183344841003,0.9841327667236328,-0.28880175948143,0.9442488551139832,0.5997771620750427,0.8256400227546692,0.0194657985121011,0.999926209449768,0.5594230890274048,0.8234198093414307,-0.0194843001663684,0.9999507665634156,0.6170121431350708,0.9417866468429564,-0.0581881366670131,0.9374971389770508,0.5547307729721069,0.9508970975875854,-0.0198574047535657,0.9892611503601074,0.5582399368286133,0.8791022300720215,0.0695786997675895,0.546019971370697,0.5015121102333069,0.8939629793167114,0.1182171329855918,0.93059241771698,0.5547930598258972,0.8631972074508667,0.0866124406456947,0.5354843735694885,0.4932633936405182,0.8740876317024231,0.1340713202953338,0.8105750679969788,0.5411739945411682,0.8956432342529297,0.1077269986271858,0.6350899338722229,0.4788311123847961,0.9335430860519408,0.1547442078590393,0.9278296828269958
0.6284134984016418,0.7284624576568604,-0.3365271687507629,0.9999741911888124,0.6306917071342468,0.71607506275177,-0.3356971442699432,0.99991637468338,0.632648766040802,0.71501624584198,-0.3356998562812805,0.9998894333839417,0.6345465779304504,0.7136217355728149,-0.3357637226581573,0.999889612197876,0.6234816908836365,0.7165874242782593,-0.3413664698600769,0.9999597072601318,0.6201537251472473,0.7160584330558777,-0.3414446115493774,0.9999606609344482,0.6163840889930725,0.7153266072273254,-0.3414863348007202,0.9999596476554872,0.6329211592674255,0.7047556638717651,-0.2808260917663574,0.99980229139328,0.6064921617507935,0.7115083336830139,-0.3036479353904724,0.9999627470970154,0.6302340626716614,0.7370488047599792,-0.310455709695816,0.9999659061431884,0.6208658814430237,0.7395232319831848,-0.3171581625938415,0.9999862909317015,0.6404294371604919,0.7091951966285706,-0.1850062012672424,0.9999851584434508,0.5793921947479248,0.7418684363365173,-0.2615930140018463,0.9999905228614808,0.6613868474960327,0.7895071506500244,-0.1314311176538467,0.9288537502288818,0.5688401460647583,0.8464534282684326,-0.2812919318675995,0.9941719174385072,0.6853350400924683,0.8691619038581848,-0.1480577141046524,0.9151971340179444,0.5656967163085938,0.9605207443237304,-0.3096471726894378,0.973335325717926,0.6971950531005859,0.8775808811187744,-0.1515367925167083,0.8801440000534058,0.5606929063796997,0.9874730110168456,-0.3271675705909729,0.944811999797821,0.695756733417511,0.8815680742263794,-0.1786727160215377,0.8948392868041992,0.5691371560096741,0.9894602298736572,-0.3377273976802826,0.9504734873771667,0.6900950074195862,0.8815971612930298,-0.1567751914262771,0.8933057188987732,0.5712090730667114,0.980131447315216,-0.3140395283699035,0.948419988155365,0.6028107404708862,0.8261025547981262,0.0205660667270421,0.9999300837516784,0.5654737949371338,0.8200556039810181,-0.0205697324126958,0.9999526739120485,0.6165475845336914,0.9398981928825378,-0.0339038632810115,0.9373721480369568,0.5564996600151062,0.9471262097358704,-0.0494671948254108,0.9891560673713684,0.5585768818855286,0.874536395072937,0.0993777811527252,0.5585786700248718,0.5004081726074219,0.8976951241493225,0.0659539774060249,0.9340847134590148,0.551249623298645,0.8549842834472656,0.1161600723862648,0.5366729497909546,0.4932221472263336,0.8766850233078003,0.0784610137343406,0.8149133324623108,0.539932370185852,0.8906628489494324,0.1310485303401947,0.6485016345977783,0.4782550632953644,0.9365516901016236,0.0797808915376663,0.9315586090087892
0.6384691596031189,0.7340003252029419,-0.3233510851860046,0.9999730587005616,0.641396164894104,0.7217192053794861,-0.3218128085136413,0.9999118447303772,0.6436558961868286,0.7207770347595215,-0.3218164443969726,0.9998818635940552,0.6459519863128662,0.7195522785186768,-0.3218822777271271,0.9998862743377686,0.6336825489997864,0.7212927937507629,-0.3271251618862152,0.9999594688415528,0.63001948595047,0.7199931144714355,-0.32719287276268,0.9999594688415528,0.6260735988616943,0.7183628678321838,-0.3272319138050079,0.999958634376526,0.6450571417808533,0.7099586725234985,-0.2685225307941437,0.9997959733009338,0.6164063215255737,0.7128525376319885,-0.2892858386039734,0.9999597072601318,0.640305757522583,0.7427431344985962,-0.2969141006469726,0.9999657869338988,0.6308623552322388,0.7429861426353455,-0.3032184541225433,0.999985694885254,0.6523922085762024,0.7171468734741211,-0.178358644247055,0.9999842643737792,0.5872294902801514,0.7436398267745972,-0.246934488415718,0.9999884963035583,0.6643845438957214,0.7948042750358582,-0.1136909276247024,0.9282390475273132,0.5719845294952393,0.8418747186660767,-0.2638092935085296,0.994273602962494,0.6824982166290283,0.8719529509544373,-0.1153788194060325,0.92055481672287,0.5665269494056702,0.950426995754242,-0.2922831773757934,0.975292444229126,0.6957143545150757,0.8785427808761597,-0.1126749590039253,0.8875317573547363,0.5599249005317688,0.9781054258346558,-0.3084487915039062,0.948390781879425,0.6953285932540894,0.8802415728569031,-0.1350641846656799,0.9020763039588928,0.5684740543365479,0.9821266531944276,-0.3201386332511902,0.9538612365722656,0.6889545917510986,0.8798388838768005,-0.1222373768687248,0.9009488821029664,0.5716613531112671,0.97363018989563,-0.2968242764472961,0.9519972801208496,0.6077384352684021,0.8280285596847534,0.0225638877600431,0.9999266266822816,0.5705860257148743,0.8165422081947327,-0.0225790962576866,0.9999481439590454,0.6170749068260193,0.9375796914100648,-0.0341482758522033,0.937432050704956,0.5551665425300598,0.9422762989997864,-0.0514546409249305,0.9886802434921264,0.5573630928993225,0.8744329214096069,0.0975574702024459,0.571692168712616,0.5006950497627258,0.8984365463256836,0.0648437589406967,0.9363489151000975,0.5492866039276123,0.8544363975524902,0.1133677214384079,0.5401198267936707,0.4921212494373321,0.8767538666725159,0.0778745338320732,0.8167312145233154,0.5386960506439209,0.8934543132781982,0.1242298409342765,0.660374641418457,0.4775311648845672,0.9369289875030518,0.0754903182387352,0.9339916110038756
0.6483890414237976,0.7358185648918152,-0.3186962008476257,0.9999688267707824,0.6515818238258362,0.7222238779067993,-0.3163440823554992,0.9998913407325744,0.6535968780517578,0.7216617465019226,-0.3163427710533142,0.99985271692276,0.6556524634361267,0.7208176255226135,-0.316404640674591,0.9998663663864136,0.6444963216781616,0.7204799056053162,-0.3225617110729217,0.9999533891677856,0.640994131565094,0.7184662818908691,-0.3226335942745209,0.9999515414237976,0.6372320652008057,0.7161616683006287,-0.3226874768733978,0.9999510645866394,0.654728889465332,0.7119375467300415,-0.2583857178688049,0.9997519254684448,0.6277873516082764,0.7089102268218994,-0.2866275608539581,0.9999493956565856,0.6489636301994324,0.7446165084838867,-0.2910093069076538,0.9999590516090392,0.6408399939537048,0.7419136762619019,-0.2986732125282287,0.9999821186065674,0.6602494716644287,0.7200794816017151,-0.1650288254022598,0.9999821782112122,0.5981267094612122,0.734253466129303,-0.2477107793092727,0.9999873042106628,0.6630081534385681,0.8042661547660828,-0.0869407579302787,0.9179133772850036,0.575671911239624,0.8287021517753601,-0.2694464325904846,0.9944728016853333,0.6822128295898438,0.8712632060050964,-0.0796335190534591,0.9241182208061218,0.5670947432518005,0.9381095170974731,-0.29277303814888,0.9771251082420348,0.6960367560386658,0.8794098496437073,-0.0738228037953376,0.8929357528686523,0.5602167844772339,0.9672878980636596,-0.3069108724594116,0.9517215490341188,0.6958473920822144,0.8796876072883606,-0.0966307967901229,0.9075906872749328,0.5694304704666138,0.9709871411323548,-0.3161402940750122,0.9569318890571594,0.6904669404029846,0.8785597681999207,-0.0869413986802101,0.9066277146339417,0.5728323459625244,0.9617012143135072,-0.2956469357013702,0.9550231695175172,0.612892746925354,0.8292257189750671,0.0266800448298454,0.9999234080314636,0.5782315135002136,0.8138214945793152,-0.0267009139060974,0.9999433159828186,0.6183293461799622,0.9366568326950072,-0.0528951473534107,0.9378178715705872,0.5569584369659424,0.9323824644088744,-0.0594921223819255,0.9881792068481444,0.5585306882858276,0.8703091740608215,0.0662262216210365,0.593025267124176,0.5014134645462036,0.8981795310974121,0.0658203512430191,0.9388918876647948,0.5543463826179504,0.8525699377059937,0.0806406885385513,0.5559445023536682,0.492540955543518,0.8766236901283264,0.0794139355421066,0.8205039501190186,0.5389297008514404,0.8898051381111145,0.081907145678997,0.6789528131484985,0.4769863188266754,0.9347307085990906,0.0704719573259353,0.9365963935852052
0.6574017405509949,0.73248690366745,-0.3319610357284546,0.999965488910675,0.6607303023338318,0.7190516591072083,-0.329846054315567,0.9998763203620912,0.6625077724456787,0.717983603477478,-0.3298303782939911,0.9998297691345216,0.6643418669700623,0.716713547706604,-0.3298909366130829,0.999854862689972,0.6536770462989807,0.7183008193969727,-0.3392905592918396,0.9999502897262572,0.6501930356025696,0.7165168523788452,-0.3393751680850982,0.999947190284729,0.6467066407203674,0.7145513296127319,-0.3394555747509002,0.9999476671218872,0.6633828282356262,0.7071544528007507,-0.2709920108318329,0.9997185468673706,0.6376790404319763,0.7065511345863342,-0.3119432330131531,0.9999412298202516,0.6573923826217651,0.7402938604354858,-0.3043088912963867,0.99995219707489,0.6497079730033875,0.7384149432182312,-0.3163293302059173,0.999978482723236,0.6671369671821594,0.7154031991958618,-0.171867549419403,0.999978482723236,0.6047189831733704,0.733761727809906,-0.2782593369483948,0.9999854564666748,0.6661214232444763,0.7994739413261414,-0.0814152657985687,0.9048484563827516,0.5809662938117981,0.8224409222602844,-0.304950088262558,0.9946199059486388,0.6821949481964111,0.8725582361221313,-0.061404563486576,0.9261845350265504,0.5701708197593689,0.9321107864379884,-0.3284271955490112,0.9787229299545288,0.6952972412109375,0.8798468112945557,-0.0531980581581592,0.8965535163879395,0.5620558261871338,0.9595341682434082,-0.3458839356899261,0.954578936100006,0.6950697302818298,0.879378080368042,-0.0767333582043647,0.9115992784500122,0.5709918141365051,0.9665006399154664,-0.3542276620864868,0.9595859050750732,0.6887749433517456,0.8779689073562622,-0.0686179250478744,0.910677433013916,0.5749568343162537,0.955558717250824,-0.3313625156879425,0.957377552986145,0.616243302822113,0.824010968208313,0.0347207523882389,0.9999041557312012,0.5821257829666138,0.8123623132705688,-0.0347804501652717,0.9999312162399292,0.6224560141563416,0.9309527277946472,-0.0106053259223699,0.937672197818756,0.5623301267623901,0.9282710552215576,-0.0598801784217357,0.9884589910507202,0.5660979151725769,0.8642871379852295,0.1237392500042915,0.6123545169830322,0.500973641872406,0.8966220617294312,0.0719705671072006,0.9428165555000304,0.5589390993118286,0.846088171005249,0.1369504630565643,0.5684145092964172,0.4918095171451568,0.874480664730072,0.0879332050681114,0.8290745615959167,0.5467119216918945,0.8872961401939392,0.1323967427015304,0.6956213712692261,0.4756568968296051,0.9349285960197448,0.0833536684513092,0.940372109413147
0.6631931066513062,0.7233107686042786,-0.3484184443950653,0.9999626278877258,0.6673951745033264,0.7099666595458984,-0.3420291543006897,0.9998644590377808,0.6695594191551208,0.7090758085250854,-0.3420161604881286,0.999809503555298,0.6715806722640991,0.7077984809875488,-0.342082142829895,0.9998478293418884,0.6587016582489014,0.708351731300354,-0.35462686419487,0.9999483227729796,0.6548966765403748,0.7065424919128418,-0.3547219932079315,0.9999443292617798,0.6514259576797485,0.7048460245132446,-0.354818046092987,0.999945878982544,0.6706510186195374,0.6999199986457825,-0.2656083405017853,0.9996970295906068,0.6437297463417053,0.6982897520065308,-0.3192788660526275,0.9999358057975768,0.6637465357780457,0.7321675419807434,-0.3141002058982849,0.9999464750289916,0.653451144695282,0.7312695384025574,-0.3302573263645172,0.9999758005142212,0.6711553335189819,0.7171009182929993,-0.1514318287372589,0.9999771118164062,0.6127995848655701,0.7260432839393616,-0.2829488217830658,0.9999830722808838,0.6682066321372986,0.8004688024520874,-0.0243889726698398,0.8995761871337891,0.5839841961860657,0.8111481070518494,-0.3048627972602844,0.9947628378868104,0.6836744546890259,0.8707849979400635,-0.0007065313402563,0.9303860068321228,0.572762131690979,0.910228192806244,-0.3346388041973114,0.9799453616142272,0.6956831812858582,0.8799864053726196,0.0092096198350191,0.9025516510009766,0.5641853213310242,0.936930239200592,-0.3550365567207336,0.9565668702125548,0.6956470608711243,0.878638744354248,-0.019159248098731,0.9171506762504578,0.5729783177375793,0.9474941492080688,-0.3651628494262695,0.9613674283027648,0.689437747001648,0.8759918808937073,-0.0096468143165111,0.9160093069076538,0.5770324468612671,0.9403254389762878,-0.3380914330482483,0.9583938121795654,0.6171613335609436,0.8232758045196533,0.0462619066238403,0.9998853802680968,0.5840439200401306,0.8121432065963745,-0.0463477410376071,0.9999133944511414,0.6234695315361023,0.9285083413124084,-0.0170393027365207,0.9339489936828612,0.5716002583503723,0.9273471236228944,-0.1051232516765594,0.9886173009872437,0.5621515512466431,0.8577949404716492,0.1237694397568702,0.6221162676811218,0.5034930109977722,0.8950880169868469,0.0283594839274883,0.9461528658866882,0.5603464841842651,0.8383534550666809,0.1384506970643997,0.5761251449584961,0.4953192174434662,0.8733238577842712,0.0430690087378025,0.8379959464073181,0.5448533296585083,0.8773435950279236,0.1375193744897842,0.7055240869522095,0.474273532629013,0.9345161318778992,0.0260385908186435,0.9436331391334534
0.6694411635398865,0.7177780866622925,-0.3534158766269684,0.9999635815620422,0.6732072830200195,0.7030124664306641,-0.3449847400188446,0.9998655915260316,0.6754003763198853,0.7017210721969604,-0.3449795544147491,0.9998082518577576,0.6774324774742126,0.7001860737800598,-0.3450493216514587,0.9998515248298644,0.6648842096328735,0.7025766968727112,-0.3608918488025665,0.9999504089355468,0.6615039706230164,0.7010658383369446,-0.3609857261180877,0.9999461770057678,0.6583652496337891,0.6995895504951477,-0.3610775172710418,0.9999479651451112,0.6761171817779541,0.6929041743278503,-0.2619220912456512,0.9996948838233948,0.650482177734375,0.692786693572998,-0.3311919569969177,0.9999368786811828,0.6700999140739441,0.7269759774208069,-0.3166665732860565,0.9999457597732544,0.6609418392181396,0.7256923317909241,-0.3373023867607116,0.9999761581420898,0.6733792424201965,0.7132852673530579,-0.1366762369871139,0.9999773502349854,0.6185101270675659,0.7209311723709106,-0.2997437417507171,0.9999825954437256,0.6657810807228088,0.7935992479324341,-0.0145062869414687,0.8964031338691711,0.5883522033691406,0.7987639904022217,-0.3244511783123016,0.9949238300323486,0.6817811131477356,0.8695963025093079,-0.0013356276322156,0.9349173903465272,0.5774779915809631,0.8937645554542542,-0.3513726890087127,0.9811442494392396,0.6933839917182922,0.8796013593673706,0.006331545766443,0.9089813232421876,0.5683940649032593,0.9229977130889891,-0.3746241629123688,0.9587475061416626,0.6938733458518982,0.8782113194465637,-0.0223962422460317,0.922827422618866,0.5776836276054382,0.931412935256958,-0.3841100335121155,0.9632552266120912,0.6878947615623474,0.8750863671302795,-0.0109653584659099,0.9214949011802672,0.5816798806190491,0.9247981905937196,-0.3547037243843078,0.959519624710083,0.6182430982589722,0.8210019469261169,0.0585933253169059,0.9998733997344972,0.5866554975509644,0.8095366954803467,-0.0586496517062187,0.9999087452888488,0.6255044937133789,0.9263383150100708,0.0369713380932807,0.9325488209724426,0.5860080122947693,0.9274495840072632,-0.1463088989257812,0.9893441200256348,0.5669774413108826,0.8564250469207764,0.1972996890544891,0.6353951096534729,0.5037875771522522,0.8939541578292847,-0.0219976808875799,0.9506198763847352,0.5609308481216431,0.8363818526268005,0.2148044109344482,0.5874598622322083,0.4954475462436676,0.8723827004432678,-0.0081131514161825,0.8502565622329712,0.5489979982376099,0.8776076436042786,0.2241449803113937,0.7157846093177795,0.4742589890956878,0.9340022802352904,-0.0230818130075931,0.9480642676353456
0.6767388582229614,0.7135254144668579,-0.3484249413013458,0.9999626874923706,0.6796596646308899,0.7020350098609924,-0.3391308784484863,0.9998613595962524,0.6814495921134949,0.7000953555107117,-0.3391354978084564,0.9998016357421876,0.6832109093666077,0.6978198289871216,-0.339218407869339,0.999852180480957,0.6720017194747925,0.7020556926727295,-0.3549472987651825,0.9999496340751648,0.668387234210968,0.7000177502632141,-0.3550353050231933,0.9999446868896484,0.6647725701332092,0.6981391310691833,-0.3551103174686432,0.999946355819702,0.6802833676338196,0.6869270205497742,-0.2559112310409546,0.9996894598007202,0.6539629101753235,0.6907668709754944,-0.3222529590129852,0.9999300241470336,0.6762412786483765,0.720947265625,-0.3112097382545471,0.999942183494568,0.6678786873817444,0.724259614944458,-0.3316055238246918,0.9999745488166808,0.677686333656311,0.7107163071632385,-0.1308448165655136,0.999977171421051,0.6200870275497437,0.7134049534797668,-0.284909188747406,0.999975085258484,0.6686596274375916,0.793919026851654,-0.014696697704494,0.8976737260818481,0.5942522883415222,0.7914637327194214,-0.2993990182876587,0.994479238986969,0.6822742819786072,0.8689737915992737,-0.0142931407317519,0.9391514658927916,0.5823698043823242,0.8848430514335632,-0.3268322348594665,0.9808714985847472,0.693957507610321,0.8794833421707153,-0.0109615363180637,0.9148103594779968,0.5740414261817932,0.9134740233421326,-0.3493821918964386,0.9583319425582886,0.6946393847465515,0.8779700994491577,-0.0398993678390979,0.9279661774635316,0.5831213593482971,0.9201999306678772,-0.3601714968681335,0.9627818465232848,0.6886759996414185,0.8744679689407349,-0.0245370920747518,0.9264873266220092,0.5870864987373352,0.9127067923545836,-0.3306493759155273,0.957444965839386,0.6193817257881165,0.8200281262397766,0.0548322163522243,0.9998467564582824,0.5870745182037354,0.7989509701728821,-0.0548695549368858,0.9998887777328492,0.6283435821533203,0.9260846972465516,0.0013250472256913,0.9280332326889038,0.5920724868774414,0.9202920794487,-0.1596489697694778,0.9894170165061952,0.570556640625,0.8529066443443298,0.1630689054727554,0.633959174156189,0.5044527649879456,0.893707811832428,-0.0462438911199569,0.9535819888114928,0.5645332336425781,0.8309034109115601,0.1809566915035247,0.5865368843078613,0.4968005120754242,0.8720880746841431,-0.0338884219527244,0.8586880564689636,0.5491885542869568,0.8721168637275696,0.1883022636175155,0.7136730551719666,0.4752397239208221,0.9333566427230836,-0.0578114166855812,0.9509130716323853
0.6786931753158569,0.6992805004119873,-0.3344063460826874,0.9999657869338988,0.6815927028656006,0.6888150572776794,-0.3202411532402038,0.999872386455536,0.6831443309783936,0.6882710456848145,-0.3202482759952545,0.999816358089447,0.6847501397132874,0.6878103017807007,-0.3203250765800476,0.9998642802238464,0.6748096942901611,0.6864879727363586,-0.3409413993358612,0.9999539256095886,0.6713752150535583,0.6842209696769714,-0.341043472290039,0.9999491572380066,0.667715311050415,0.6815629005432129,-0.3411327302455902,0.9999508261680604,0.6817613840103149,0.6831308007240295,-0.2307776510715484,0.9997117519378662,0.657135009765625,0.6736764907836914,-0.3120910823345184,0.9999352097511292,0.6777121424674988,0.7095054388046265,-0.2948134243488312,0.9999460577964784,0.6696922779083252,0.7074474692344666,-0.3257151544094085,0.9999765157699584,0.6776760816574097,0.704888105392456,-0.1146424934267997,0.9999781847000122,0.6229854226112366,0.7053869962692261,-0.2770017981529236,0.9999754428863524,0.6689548492431641,0.7885619401931763,-0.0146175818517804,0.9000672101974487,0.5930732488632202,0.7804616093635559,-0.3051855266094208,0.9946163892745972,0.682850182056427,0.8679380416870117,-0.0206428691744804,0.943872094154358,0.5852108597755432,0.8794623613357544,-0.3332211077213287,0.9820165634155272,0.6946116089820862,0.8785706758499146,-0.0185568425804376,0.9212915301322936,0.5779556035995483,0.9075518250465392,-0.3573052585124969,0.9605963826179504,0.6953800320625305,0.8777252435684204,-0.0464380607008934,0.9335304498672484,0.5876697301864624,0.9126622676849364,-0.3652819097042084,0.964744508266449,0.6896636486053467,0.8743191957473755,-0.0309221167117357,0.9319375157356262,0.5910709500312805,0.9044433236122132,-0.3360525965690613,0.9590930938720704,0.619268536567688,0.8195109963417053,0.0561823286116123,0.9998277425765992,0.5888343453407288,0.7989540100097656,-0.056186631321907,0.9998799562454224,0.6301519870758057,0.9260538816452026,0.0189280305057764,0.9282688498497008,0.5999606847763062,0.928219735622406,-0.1553405374288559,0.9898443222045898,0.5694363117218018,0.8522774577140808,0.160722479224205,0.6480590105056763,0.5066225528717041,0.8940784931182861,-0.0682237520813942,0.957477569580078,0.5632346272468567,0.833966851234436,0.176504835486412,0.5995684862136841,0.4989933669567108,0.8722953200340271,-0.058761928230524,0.8698115944862366,0.5471960306167603,0.871548593044281,0.1827165335416793,0.7214730978012085,0.4751816689968109,0.9311779737472534,-0.0805427804589271,0.9546860456466676
0.679958701133728,0.6877989768981934,-0.3214271962642669,0.9999688267707824,0.6826724410057068,0.6762230396270752,-0.308490127325058,0.9998834133148192,0.6840922236442566,0.6759548187255859,-0.3084993064403534,0.9998315572738647,0.6855470538139343,0.6757780909538269,-0.3085710406303406,0.9998761415481568,0.6761106848716736,0.6742271780967712,-0.325518786907196,0.9999580979347228,0.6725003719329834,0.6723330020904541,-0.3256176114082336,0.9999536275863647,0.6686719059944153,0.6701345443725586,-0.3256844878196716,0.9999552369117736,0.6823721528053284,0.6738165020942688,-0.2199988812208175,0.9997342228889464,0.6582087278366089,0.6642045378684998,-0.2936624884605407,0.9999407529830932,0.6792338490486145,0.6984883546829224,-0.2839236557483673,0.9999499917030334,0.6710216999053955,0.6960853338241577,-0.3079786598682403,0.999978482723236,0.6775566935539246,0.703234076499939,-0.1063649728894233,0.9999792575836182,0.6252565383911133,0.6979470252990723,-0.2707172930240631,0.9999766945838928,0.6695210933685303,0.786292552947998,-0.0197407491505146,0.9027000069618224,0.593864381313324,0.7722997069358826,-0.2982197403907776,0.9948636889457704,0.6828042268753052,0.8664601445198059,-0.0359770320355892,0.9481133818626404,0.5885865688323975,0.8726714253425598,-0.3260744214057922,0.9831756353378296,0.6946276426315308,0.8778465390205383,-0.0354108773171901,0.9271234273910522,0.5832101106643677,0.9012921452522278,-0.3500932455062866,0.9629239439964294,0.6957393884658813,0.8773859143257141,-0.0625244081020355,0.9384811520576476,0.5927393436431885,0.9048973321914672,-0.3572626113891601,0.966771125793457,0.6899173259735107,0.8740410208702087,-0.0463152304291725,0.9367617964744568,0.5958747267723083,0.8957746028900146,-0.3286660015583038,0.9609990119934082,0.6206673383712769,0.8193331956863403,0.0582743845880031,0.9998111724853516,0.5916738510131836,0.7992351055145264,-0.0582867488265037,0.9998750686645508,0.6322811841964722,0.9238221049308776,0.031990610063076,0.92727530002594,0.6042491793632507,0.9373579621315002,-0.1561575531959533,0.990404725074768,0.5675216317176819,0.8526276350021362,0.1602392643690109,0.6643986701965332,0.514470636844635,0.8945887684822083,-0.0719806849956512,0.9611679911613464,0.5626996159553528,0.8354941010475159,0.1744781285524368,0.6156341433525085,0.5058552026748657,0.8730495572090149,-0.0626774951815605,0.880402684211731,0.5463012456893921,0.8725559711456299,0.1806748509407043,0.7318591475486755,0.4751506745815277,0.9300155639648438,-0.0805194303393364,0.9582778811454772
0.6792355179786682,0.6804355382919312,-0.3226595520973205,0.9999714493751526,0.6821262836456299,0.6680570244789124,-0.3116450607776642,0.9998930096626282,0.6836172342300415,0.6676391363143921,-0.3116538226604461,0.9998446702957152,0.6850786209106445,0.6671385765075684,-0.3117245733737945,0.9998864531517028,0.6756212711334229,0.6669061183929443,-0.3269528746604919,0.9999616742134094,0.6719255447387695,0.6653783917427063,-0.3270462453365326,0.9999574422836304,0.6680946946144104,0.6635890007019043,-0.3271115720272064,0.9999590516090392,0.6822418570518494,0.6653524041175842,-0.2219124436378479,0.9997530579566956,0.6578096747398376,0.6588427424430847,-0.2929790318012237,0.9999454021453856,0.678716242313385,0.6907429099082947,-0.2862525582313537,0.9999531507492064,0.670556902885437,0.6892039179801941,-0.3079847693443298,0.9999801516532898,0.679011881351471,0.7015944719314575,-0.106228619813919,0.9999803900718688,0.6251106858253479,0.6901416182518005,-0.269959032535553,0.999977707862854,0.6704794764518738,0.7850403189659119,-0.0235108621418476,0.9062669277191162,0.5936172008514404,0.76645827293396,-0.2995357513427734,0.9950516223907472,0.6820666790008545,0.8653768301010132,-0.0393248572945594,0.9520132541656494,0.5932737588882446,0.8665151000022888,-0.3279711306095123,0.9842020273208618,0.6938349604606628,0.8770516514778137,-0.0461619049310684,0.9324024319648744,0.5877718329429626,0.895814836025238,-0.3525527715682983,0.9649850130081176,0.6945609450340271,0.8770678639411926,-0.0750900954008102,0.9429497122764589,0.5974699258804321,0.898757815361023,-0.3595535159111023,0.9685547947883606,0.688569962978363,0.8737771511077881,-0.0495631545782089,0.941129744052887,0.6006876230239868,0.8899176716804504,-0.3303390443325043,0.9625540375709534,0.6221264004707336,0.8176013231277466,0.0583756119012832,0.9997893571853638,0.5925382971763611,0.7988614439964294,-0.0583790391683578,0.999868094921112,0.634640634059906,0.921693742275238,0.0265392381697893,0.9253516793251038,0.6086761951446533,0.9379801154136658,-0.1658461093902588,0.9907522201538086,0.5691685080528259,0.8542934656143188,0.1564707905054092,0.6772021651268005,0.5217405557632446,0.9027915000915528,-0.0912463217973709,0.9644538760185242,0.5622016191482544,0.8365538716316223,0.1710578948259353,0.629055917263031,0.509665846824646,0.873420238494873,-0.0831370577216148,0.8897039294242859,0.5436418652534485,0.8739003539085388,0.1746115535497665,0.7402051687240601,0.4758988320827484,0.92901211977005,-0.1089229434728622,0.9615034461021424
0.6782315969467163,0.6756677627563477,-0.3453205525875091,0.9999738931655884,0.6809603571891785,0.6629719734191895,-0.3328765630722046,0.9999018907546996,0.6823391318321228,0.6623566746711731,-0.3328872323036194,0.9998568892478944,0.6837459206581116,0.6616499423980713,-0.3329601585865021,0.9998960494995116,0.675126850605011,0.6624417901039124,-0.3495704233646393,0.9999650120735168,0.6719420552253723,0.6611992716789246,-0.349672257900238,0.999960958957672,0.6684648990631104,0.6596764922142029,-0.3497354090213775,0.999962568283081,0.6807384490966797,0.6597567796707153,-0.2331756055355072,0.999770998954773,0.6579717397689819,0.6552075147628784,-0.3133219480514526,0.9999496340751648,0.677704393863678,0.6855347752571106,-0.3061845600605011,0.99995619058609,0.6698716282844543,0.6845887303352356,-0.3283626139163971,0.9999816417694092,0.679574191570282,0.6947476863861084,-0.1175214052200317,0.9999813437461852,0.6244204044342041,0.6891254782676697,-0.2872315049171448,0.9999785423278807,0.670115053653717,0.7801927328109741,-0.0276987496763467,0.9100123643875122,0.5966662168502808,0.7671067118644714,-0.3138068318367004,0.9951241612434388,0.6813328862190247,0.8651280403137207,-0.0707486793398857,0.9552344679832458,0.5943682789802551,0.8627355694770813,-0.3408565819263458,0.9847912192344666,0.6930046081542969,0.8771059513092041,-0.0754444971680641,0.936639666557312,0.5893558859825134,0.8917839527130127,-0.3665775656700134,0.9661269783973694,0.6938641667366028,0.8774681091308594,-0.1041015461087226,0.9465274214744568,0.5987117886543274,0.892814576625824,-0.3744097054004669,0.9694781303405762,0.6878448128700256,0.8741992712020874,-0.0824301317334175,0.9445435404777528,0.6010906100273132,0.8844171166419983,-0.3438588082790375,0.9628582000732422,0.6225023865699768,0.8135863542556763,0.0590337179601192,0.9997667074203492,0.5937489867210388,0.7992449402809143,-0.0590509884059429,0.9998639225959778,0.6343201398849487,0.9195986390113832,0.0367807261645793,0.9228727221488952,0.6160513758659363,0.9213665127754213,-0.1723083853721618,0.9911181926727296,0.5701265931129456,0.8545138835906982,0.1630277633666992,0.6889432072639465,0.5176975131034851,0.9018670916557312,-0.0969429537653923,0.9674682021141052,0.562396228313446,0.8365554213523865,0.1760121434926986,0.6402543187141418,0.5084588527679443,0.8746289014816284,-0.0891655012965202,0.8982238173484802,0.5423904657363892,0.8740836381912231,0.1744915843009948,0.7480835914611816,0.475774347782135,0.9285857677459716,-0.118215762078762,0.9645398259162904
0.6772089600563049,0.6686515808105469,-0.3395017087459564,0.9999759793281556,0.6802635192871094,0.6561611890792847,-0.3213462233543396,0.9999094605445862,0.681776225566864,0.6556732654571533,-0.3213616907596588,0.9998675584793092,0.6833656430244446,0.6550161242485046,-0.3214374184608459,0.9999041557312012,0.6740009784698486,0.6547860503196716,-0.3378365337848663,0.9999678134918212,0.6706773638725281,0.6532301306724548,-0.3379284143447876,0.9999640583992004,0.6672608852386475,0.6516579985618591,-0.3379880785942077,0.9999655485153198,0.6810877919197083,0.6543427109718323,-0.2197461426258087,0.9997856020927428,0.657168984413147,0.6491159200668335,-0.2890762388706207,0.9999533295631408,0.6769512295722961,0.6794813871383667,-0.2951559424400329,0.9999577403068542,0.668574869632721,0.6786048412322998,-0.317114770412445,0.9999827146530152,0.6781986951828003,0.6942535042762756,-0.0950229540467262,0.9999815821647644,0.6245378851890564,0.6867343783378601,-0.2698788940906524,0.9999790191650392,0.6687934398651123,0.7781301140785217,-0.0197127517312765,0.9105861783027648,0.5983988642692566,0.7651914954185486,-0.2976631820201874,0.995128095149994,0.6807242631912231,0.864413321018219,-0.0660228356719017,0.9574460983276368,0.5976972579956055,0.8566901683807373,-0.3208797872066498,0.9851328730583192,0.692455530166626,0.876712441444397,-0.0683408454060554,0.939536452293396,0.5922149419784546,0.8860874772071838,-0.3488255441188812,0.9668392539024352,0.6932995319366455,0.8770126104354858,-0.0966717228293418,0.9489187002182008,0.6008917689323425,0.8882777690887451,-0.3558469414710998,0.969998836517334,0.6872280240058899,0.8736825585365295,-0.076860673725605,0.9467772245407104,0.6034984588623047,0.8805606365203857,-0.3237256705760956,0.9627793431282043,0.6218709349632263,0.8135862350463867,0.0586912296712398,0.9997521042823792,0.5937162041664124,0.7994166016578674,-0.0586994811892509,0.9998608231544496,0.635420560836792,0.9189800024032592,0.022936699911952,0.9209432005882264,0.6158356070518494,0.914133369922638,-0.1832956671714782,0.9916128516197203,0.569743812084198,0.8547031879425049,0.1342543661594391,0.6938378810882568,0.516399621963501,0.9013240933418274,-0.1251860409975052,0.9701577425003052,0.5616964101791382,0.8368719816207886,0.1437615305185318,0.644710123538971,0.5095359086990356,0.8746390342712402,-0.1193038672208786,0.905524492263794,0.5385263562202454,0.8748582601547241,0.1372479349374771,0.7482075691223145,0.4756272733211517,0.9288976788520812,-0.1493194550275802,0.9672409296035768
0.6772010326385498,0.6615445017814636,-0.3183633089065552,0.9999779462814332,0.6798680424690247,0.6488915681838989,-0.3036547601222992,0.999916672706604,0.6814111471176147,0.6483511924743652,-0.3036710917949676,0.9998778700828552,0.6829602718353271,0.6475576758384705,-0.3037419617176056,0.9999119639396667,0.6734749674797058,0.6474291682243347,-0.3193723559379577,0.9999704360961914,0.6701764464378357,0.6460590958595276,-0.3194600045681,0.9999669194221495,0.6668756604194641,0.6447948813438416,-0.3195231258869171,0.9999683499336244,0.6806574463844299,0.6466718912124634,-0.2073930948972702,0.9998008012771606,0.657240629196167,0.6430689096450806,-0.2766298055648803,0.9999569058418274,0.6770495176315308,0.67226243019104,-0.2784487009048462,0.9999600648880004,0.6687909364700317,0.6719082593917847,-0.2991083562374115,0.9999839067459106,0.6773421168327332,0.6912369132041931,-0.0856444612145423,0.9999821186065674,0.623869001865387,0.6820640563964844,-0.2604404389858246,0.9999797344207764,0.6689833402633667,0.7778456807136536,-0.0161422733217477,0.912892997264862,0.599239706993103,0.7636831998825073,-0.2880394160747528,0.9951595067977904,0.6803188920021057,0.8638672232627869,-0.0643116235733032,0.9597280621528624,0.5989145636558533,0.8529125452041626,-0.3112570643424988,0.9855906963348388,0.6921005249023438,0.8765490055084229,-0.0682686120271682,0.942526400089264,0.5941060781478882,0.881817102432251,-0.3381402194499969,0.9678407311439514,0.692919909954071,0.8768278956413269,-0.0970896482467651,0.9513961672782898,0.6024285554885864,0.8841949701309204,-0.3456504940986633,0.9708004593849182,0.6868855953216553,0.8733479380607605,-0.0761132016777992,0.9492006301879884,0.6048212647438049,0.8771687150001526,-0.3141814768314361,0.9632155299186708,0.621550977230072,0.8133569955825806,0.0595059283077716,0.9997438192367554,0.5936975479125977,0.7996456027030945,-0.0595120340585708,0.999859631061554,0.6356935501098633,0.91879403591156,0.0236771218478679,0.919051229953766,0.6177924275398254,0.9120014905929564,-0.1825282573699951,0.992055356502533,0.5690062642097473,0.8553251624107361,0.1353055536746978,0.6995819807052612,0.5161038041114807,0.901187002658844,-0.1213071718811988,0.9726096987724304,0.5614228844642639,0.8365882635116577,0.1455433517694473,0.6507875919342041,0.5101610422134399,0.8746569156646729,-0.1151235327124595,0.9123257994651794,0.5375889539718628,0.8738329410552979,0.1396509110927581,0.7499721050262451,0.4752631783485412,0.929124653339386,-0.14429971575737,0.969691038131714
0.6753047704696655,0.6552234888076782,-0.3128191828727722,0.9999797940254213,0.6779821515083313,0.6422329545021057,-0.2989293038845062,0.9999235272407532,0.6797301173210144,0.6417842507362366,-0.2989436984062195,0.9998878240585328,0.6814985275268555,0.6410740613937378,-0.2990097105503082,0.999919295310974,0.6713537573814392,0.641328752040863,-0.3127795755863189,0.9999728798866272,0.668192446231842,0.6405307650566101,-0.3128644227981567,0.9999696612358092,0.6649362444877625,0.6398186087608337,-0.3129275739192962,0.9999709129333496,0.6799554824829102,0.6415038704872131,-0.2014901489019394,0.9998162388801576,0.6557313203811646,0.6390049457550049,-0.2627325654029846,0.999960482120514,0.6753898859024048,0.6669646501541138,-0.273116260766983,0.999962568283081,0.6672747731208801,0.6667327880859375,-0.2911185920238495,0.9999850988388062,0.677980363368988,0.6898708343505859,-0.0772581994533538,0.999983012676239,0.6229239106178284,0.6806668043136597,-0.2439419478178024,0.9999807476997375,0.6689212918281555,0.776105523109436,-0.0066354991868138,0.9158965349197388,0.5993016362190247,0.7617592215538025,-0.2682434320449829,0.995301067829132,0.6799464821815491,0.8611237406730652,-0.0607119724154472,0.9621273279190063,0.6004807353019714,0.8478707671165466,-0.2955071330070495,0.986211121082306,0.6920579075813293,0.8763956427574158,-0.0662813261151313,0.9456538558006288,0.5961100459098816,0.875234067440033,-0.32077157497406,0.9690494537353516,0.6925004124641418,0.8764559626579285,-0.094244971871376,0.9539912343025208,0.6042203903198242,0.8782421350479126,-0.3285937905311584,0.971807599067688,0.6864627003669739,0.8732944130897522,-0.0747722536325454,0.9517795443534852,0.6064559817314148,0.8711315393447876,-0.2982976734638214,0.9640241265296936,0.6217209696769714,0.8121723532676697,0.0584601871669292,0.9997410774230956,0.5939425826072693,0.7994801998138428,-0.0584628768265247,0.9998608827590942,0.635269284248352,0.9187124371528624,0.0226557292044162,0.9166964888572692,0.617660403251648,0.9102184772491456,-0.1754459887742996,0.9925333857536316,0.5655065774917603,0.8560299873352051,0.1338967233896255,0.7015085220336914,0.5160920023918152,0.9007371068000792,-0.1181392148137092,0.974825084209442,0.5606412887573242,0.836661696434021,0.1437913030385971,0.6517969965934753,0.5086148977279663,0.877294659614563,-0.1124956756830215,0.9182671904563904,0.5377435684204102,0.8753679990768433,0.1361500173807144,0.7485073804855347,0.4752552211284637,0.929277002811432,-0.1447883695363998,0.9719072580337524
0.6738341450691223,0.649445652961731,-0.2939213514328003,0.9999814629554749,0.6766093969345093,0.636600911617279,-0.2805722653865814,0.9999298453330994,0.6785022020339966,0.6362634301185608,-0.2805825173854828,0.9998969435691832,0.680424690246582,0.6358200907707214,-0.2806425392627716,0.9999260902404784,0.669902503490448,0.6358816623687744,-0.2937585711479187,0.999975085258484,0.6667481660842896,0.6352147459983826,-0.293844997882843,0.9999721050262452,0.6636050343513489,0.634770393371582,-0.2939068675041199,0.9999732375144958,0.6793071627616882,0.6369668245315552,-0.1862123161554336,0.999830961227417,0.654535710811615,0.6346654891967773,-0.2450372576713562,0.999963641166687,0.674160897731781,0.6623169779777527,-0.2556716203689575,0.9999651312828064,0.6658951044082642,0.6616785526275635,-0.2727172970771789,0.999986171722412,0.6774739027023315,0.6883125901222229,-0.0676285997033119,0.999983847141266,0.622243344783783,0.676527202129364,-0.2267078459262848,0.999981164932251,0.6683437824249268,0.7742223739624023,0.0019637728109955,0.9194568991661072,0.5985348224639893,0.7587577700614929,-0.2507048845291137,0.995373547077179,0.6790273189544678,0.8558143377304077,-0.0478484965860843,0.964727222919464,0.6006649136543274,0.8427644371986389,-0.2765741348266601,0.9867178797721864,0.6899102330207825,0.8722820281982422,-0.0545523017644882,0.9491589665412904,0.5966898202896118,0.8691425919532776,-0.2997569441795349,0.9700190424919128,0.69093257188797,0.8736478686332703,-0.0832726955413818,0.9569250345230104,0.6047331094741821,0.8725982904434204,-0.3064251542091369,0.9725950360298156,0.6856411695480347,0.8698593974113464,-0.0610080435872077,0.9547110795974731,0.606930136680603,0.8655012845993042,-0.2786397039890289,0.9647263884544371,0.6213917136192322,0.8121136426925659,0.0576398819684982,0.9997323155403136,0.5940584540367126,0.7990810871124268,-0.0576585195958614,0.9998545050621032,0.6344237923622131,0.9178187847137452,0.0037336202803999,0.9150320291519164,0.6151545643806458,0.9058845043182372,-0.1701178699731826,0.9928556084632874,0.5628731846809387,0.8574023246765137,0.1101690530776977,0.7054815292358398,0.5152923464775085,0.9004181623458862,-0.1127495691180229,0.9766167998313904,0.5590875744819641,0.8371180891990662,0.1204536855220794,0.6558488607406616,0.5076368451118469,0.8785057663917542,-0.1067080348730087,0.9232516884803772,0.5355837345123291,0.8797857165336609,0.1103978231549263,0.7494425177574158,0.4748792052268982,0.9295968413352966,-0.1388584673404693,0.9735752940177916
0.6727522015571594,0.6436693668365479,-0.2606001496315002,0.9999829530715942,0.6755182147026062,0.6314535140991211,-0.2470412999391555,0.9999356269836426,0.677468478679657,0.6311573386192322,-0.2470488846302032,0.9999054074287416,0.6793896555900574,0.6309596300125122,-0.2470972836017608,0.9999322891235352,0.6686379313468933,0.6312666535377502,-0.2585854232311249,0.9999770522117616,0.6654599905014038,0.6309060454368591,-0.2586608231067657,0.9999743103981018,0.6623146533966064,0.6306799054145813,-0.2587186992168426,0.9999753832817078,0.678521454334259,0.6334133744239807,-0.1537166982889175,0.9998449087142944,0.6535309553146362,0.6311484575271606,-0.2044714838266372,0.9999666213989258,0.6734225749969482,0.6564961075782776,-0.223060131072998,0.999967634677887,0.6647811532020569,0.6552652716636658,-0.2377264499664306,0.9999871850013732,0.6773497462272644,0.6880304217338562,-0.0379139259457588,0.9999846816062928,0.6224167943000793,0.6712846159934998,-0.1927559971809387,0.9999819397926332,0.6681299209594727,0.7706992626190186,0.0300994403660297,0.9207898378372192,0.5972000360488892,0.7545672059059143,-0.2212985008955001,0.9954975247383118,0.6778411865234375,0.8478391766548157,-0.0169242843985557,0.9666109085083008,0.6002422571182251,0.8380974531173706,-0.2490151971578598,0.9871813058853148,0.6875098347663879,0.8631783723831177,-0.0223129894584417,0.9518101811408995,0.5964716672897339,0.8651371598243713,-0.2707426846027374,0.9709356427192688,0.6889825463294983,0.865171492099762,-0.0497162118554115,0.9591134190559388,0.6048842668533325,0.8680170178413391,-0.2764503359794616,0.9733538627624512,0.6843708753585815,0.8615229725837708,-0.0291420258581638,0.9567586183547974,0.6070592999458313,0.8609394431114197,-0.250623881816864,0.9654734134674072,0.6209466457366943,0.8132191896438599,0.0552448593080043,0.999732494354248,0.5932619571685791,0.799152135848999,-0.0551804080605506,0.9998531341552734,0.6339033246040344,0.9163733124732972,-0.0329760499298572,0.9178088903427124,0.6115790009498596,0.8979185223579407,-0.177490085363388,0.9932676553726196,0.5622335076332092,0.8615901470184326,0.0673079937696456,0.7132545113563538,0.5146524906158447,0.9001815319061279,-0.145217165350914,0.9782599806785583,0.5571816563606262,0.8374481201171875,0.0768282562494278,0.6646934747695923,0.5071121454238892,0.8787004947662354,-0.1415855139493942,0.9280235171318054,0.5336565375328064,0.8822242617607117,0.063624806702137,0.7537751793861389,0.4747697710990906,0.929729461669922,-0.1776266694068908,0.9752532243728638
0.6720784306526184,0.6405656337738037,-0.2520168423652649,0.9999843835830688,0.6747910976409912,0.6289068460464478,-0.2377182096242904,0.9999412298202516,0.676683783531189,0.6287990808486938,-0.2377310693264007,0.9999135136604308,0.678577721118927,0.6286519765853882,-0.2377815544605255,0.999938189983368,0.6682160496711731,0.628369927406311,-0.2478979974985122,0.9999789595603944,0.6648682355880737,0.6278973817825317,-0.2479668408632278,0.9999764561653136,0.6615077257156372,0.627383291721344,-0.2480274736881256,0.9999774694442748,0.677975594997406,0.6316609382629395,-0.1422220319509506,0.999858260154724,0.6527460217475891,0.6285892724990845,-0.186207428574562,0.999969482421875,0.6726356744766235,0.6543768644332886,-0.2138563990592956,0.999970018863678,0.663969099521637,0.6521021723747253,-0.2265771925449371,0.9999881982803344,0.6765213012695312,0.6865650415420532,-0.0247225780040025,0.9999854564666748,0.6226955652236938,0.6695998311042786,-0.1749729961156845,0.9999827146530152,0.6658099293708801,0.7673135995864868,0.0447017177939415,0.9206295013427734,0.5964845418930054,0.7518368363380432,-0.2048739343881607,0.9955721497535706,0.6761196255683899,0.8390149474143982,-0.0040710545144975,0.9680159091949464,0.6002509593963623,0.8319091200828552,-0.2369914203882217,0.9875600934028624,0.6844159960746765,0.8513056635856628,-0.010076374746859,0.9539036154747008,0.5964168310165405,0.8591010570526123,-0.2580563127994537,0.9716699719429016,0.6859358549118042,0.8522862195968628,-0.0368266813457012,0.96079820394516,0.6046077013015747,0.8620230555534363,-0.2639037370681762,0.9739437699317932,0.6817832589149475,0.8489701151847839,-0.0160742737352848,0.9582452178001404,0.6068132519721985,0.8548059463500977,-0.2384660094976425,0.9660553336143494,0.6205523610115051,0.813149094581604,0.0529690571129322,0.9997350573539734,0.5927960872650146,0.7979398369789124,-0.0528638437390327,0.999853491783142,0.6335591673851013,0.9166054129600524,-0.0410347208380699,0.919905126094818,0.6103518009185791,0.8916197419166565,-0.1790140122175216,0.9935752749443054,0.5616588592529297,0.8627912998199463,0.0657815486192703,0.7176983952522278,0.5143929123878479,0.8994066715240479,-0.1541041433811187,0.9796069860458374,0.5563104748725891,0.8387483954429626,0.0762652829289436,0.6700891256332397,0.5067813396453857,0.8786259889602661,-0.1509132087230682,0.9320203065872192,0.5339516997337341,0.8858309388160706,0.0625487118959426,0.7544222474098206,0.4745340049266815,0.9300562143325806,-0.1891685426235199,0.976618468761444
