x_0,y_0,z_0,visibility_0,x_1,y_1,z_1,visibility_1,x_2,y_2,z_2,visibility_2,x_3,y_3,z_3,visibility_3,x_4,y_4,z_4,visibility_4,x_5,y_5,z_5,visibility_5,x_6,y_6,z_6,visibility_6,x_7,y_7,z_7,visibility_7,x_8,y_8,z_8,visibility_8,x_9,y_9,z_9,visibility_9,x_10,y_10,z_10,visibility_10,x_11,y_11,z_11,visibility_11,x_12,y_12,z_12,visibility_12,x_13,y_13,z_13,visibility_13,x_14,y_14,z_14,visibility_14,x_15,y_15,z_15,visibility_15,x_16,y_16,z_16,visibility_16,x_17,y_17,z_17,visibility_17,x_18,y_18,z_18,visibility_18,x_19,y_19,z_19,visibility_19,x_20,y_20,z_20,visibility_20,x_21,y_21,z_21,visibility_21,x_22,y_22,z_22,visibility_22,x_23,y_23,z_23,visibility_23,x_24,y_24,z_24,visibility_24,x_25,y_25,z_25,visibility_25,x_26,y_26,z_26,visibility_26,x_27,y_27,z_27,visibility_27,x_28,y_28,z_28,visibility_28,x_29,y_29,z_29,visibility_29,x_30,y_30,z_30,visibility_30,x_31,y_31,z_31,visibility_31,x_32,y_32,z_32,visibility_32
-0.0009236377081833,-0.622459888458252,-0.3328138887882232,0.999665141105652,0.0143695781007409,-0.6593116521835327,-0.3216797113418579,0.9993298649787904,0.0139601416885852,-0.6592666506767273,-0.3234650790691376,0.9993290901184082,0.0144512858241796,-0.6594558954238892,-0.3216071426868438,0.9994152784347534,-0.0226441547274589,-0.6590563058853149,-0.3254078924655914,0.9992327690124512,-0.0203666556626558,-0.6600934863090515,-0.325438916683197,0.9992071390151978,-0.0209424905478954,-0.6591323614120483,-0.3216136693954468,0.9992448687553406,0.0722011625766754,-0.6451812386512756,-0.2133460640907287,0.9981722235679626,-0.0782588869333267,-0.641027569770813,-0.2153664380311966,0.9977775812149048,0.0151213267818093,-0.5926638841629028,-0.2996915876865387,0.9993463158607484,-0.0283951144665479,-0.5901678204536438,-0.2994272112846374,0.9992102980613708,0.1538368910551071,-0.4532421827316284,-0.1333514899015426,0.9997851252555848,-0.1640353351831436,-0.4475665390491485,-0.1322415322065353,0.9992152452468872,0.2080490440130233,-0.2014858871698379,-0.0831971019506454,0.9699292778968812,-0.1907374113798141,-0.1974738389253616,-0.0788138955831527,0.9176068902015686,0.2151997983455658,0.0382839888334274,-0.1803877651691436,0.9208757281303406,-0.2183905988931656,0.0079343281686306,-0.1499649137258529,0.8763095736503601,0.2204909920692443,0.1203429102897644,-0.2082811146974563,0.873827338218689,-0.2279563844203949,0.0812662541866302,-0.1789499074220657,0.8258383870124817,0.1964245438575744,0.1143328547477722,-0.2539500594139099,0.8833445310592651,-0.2104384154081344,0.0756116658449173,-0.2160944491624832,0.8395447134971619,0.1981334537267685,0.051297403872013,-0.2013923674821853,0.8737797737121582,-0.2050343304872512,0.0217933412641286,-0.165885329246521,0.8213750720024109,0.1018285751342773,0.0008451134781353,-0.0052898139692842,0.999710738658905,-0.1024455800652504,-0.001355365733616,0.0057915491051971,0.9995952844619752,0.0880101323127746,0.3713668286800384,-0.0032248650677502,0.9836459755897522,-0.0539058186113834,0.3660513758659363,0.0106698600575327,0.9778043031692504,0.0892189368605613,0.7182065844535828,0.1644711345434188,0.9763134121894836,-0.0066360579803586,0.7069689035415649,0.2124799042940139,0.9686422944068908,0.0909397155046463,0.7642654776573181,0.1694954484701156,0.799561619758606,-0.0008407819550484,0.7493019104003906,0.2242386937141418,0.7644041180610657,0.1134856194257736,0.8112569451332092,0.0404781475663185,0.9693862795829772,-0.024076048284769,0.8196591138839722,0.1077986061573028,0.9610958099365234
0.0015352057525888,-0.6202462315559387,-0.3388354778289795,0.9996819496154784,0.0172680541872978,-0.6567447781562805,-0.3278145492076874,0.9993616938591005,0.0168603677302598,-0.6566969156265259,-0.3295886218547821,0.9993607997894288,0.0173560921102762,-0.6568801999092102,-0.3277270793914795,0.9994421601295472,-0.0196962803602218,-0.6570648550987244,-0.332236498594284,0.999271810054779,-0.0174191743135452,-0.6580995321273804,-0.3322617411613464,0.9992478489875792,-0.0179978776723146,-0.6571407318115234,-0.3284232020378113,0.9992836117744446,0.0732941702008247,-0.6426045894622803,-0.2177027314901352,0.9982649087905884,-0.0768668800592422,-0.6404149532318115,-0.2231227755546569,0.99790757894516,0.0164071060717105,-0.5905592441558838,-0.3048522770404815,0.9993829727172852,-0.0270007960498332,-0.5886234641075134,-0.305643767118454,0.999257266521454,0.1536837518215179,-0.451962411403656,-0.1369775384664535,0.9997941851615906,-0.1640352755784988,-0.4478348791599273,-0.136587768793106,0.999258518218994,0.2080677598714828,-0.2012762129306793,-0.0854144617915153,0.9704909324645996,-0.1897113770246505,-0.1975281983613968,-0.082786314189434,0.919205129146576,0.2145871818065643,0.0388239026069641,-0.1805205345153808,0.922354817390442,-0.2152548134326934,0.0130934864282608,-0.1514082700014114,0.8791402578353882,0.219283327460289,0.1207224354147911,-0.208384558558464,0.8758202791213989,-0.2247156053781509,0.0878519043326377,-0.1802959889173507,0.8295235633850098,0.1950400024652481,0.1146465837955474,-0.2538477778434753,0.8851757645606995,-0.2064137756824493,0.083302341401577,-0.2171887010335922,0.843004047870636,0.1973724067211151,0.0517890565097332,-0.2013971358537674,0.8756021857261658,-0.201610580086708,0.0277320351451635,-0.1671390384435653,0.8248121738433838,0.1018300577998161,0.0007717833505012,-0.0053945123217999,0.9997183680534364,-0.1024470776319503,-0.0012839710107073,0.0058987643569707,0.9996037483215332,0.0886058136820793,0.3721371293067932,-0.0031659540254622,0.9839761257171632,-0.053748033940792,0.3663603961467743,0.0106389308348298,0.9782259464263916,0.0912956297397613,0.718349814414978,0.1642592698335647,0.9766435027122498,-0.0054215337149798,0.711727499961853,0.2113513201475143,0.9692134261131288,0.0929294824600219,0.7643757462501526,0.1692786961793899,0.8009691834449768,0.0003781054110731,0.7544511556625366,0.2226419895887375,0.7668065428733826,0.1141830012202262,0.8116648197174072,0.0400183610618114,0.969806432723999,-0.0241881050169467,0.8247491121292114,0.1026156991720199,0.9617355465888976
0.0018919633002951,-0.6183197498321533,-0.3403939306735992,0.9996954202651978,0.0175600331276655,-0.6547890305519104,-0.3296797573566437,0.9993873834609984,0.0171533748507499,-0.6547409892082214,-0.3314552009105682,0.9993866682052612,0.017649482935667,-0.6549204587936401,-0.3295962512493133,0.9994634985923768,-0.0193535890430212,-0.6552606225013733,-0.3340204060077667,0.9993033409118652,-0.0170764755457639,-0.6562919616699219,-0.3340498507022857,0.99928081035614,-0.0176581814885139,-0.6553378105163574,-0.33020681142807,0.9993146061897278,0.0734706223011016,-0.6414225101470947,-0.2199168354272842,0.9983432292938232,-0.0764268934726715,-0.6397546529769897,-0.2250752747058868,0.9980192184448242,0.0166851114481687,-0.5890361070632935,-0.3064393997192383,0.999415159225464,-0.0266272742301225,-0.5872326493263245,-0.3071951866149902,0.9992980360984802,0.1536688655614853,-0.4517972767353058,-0.1395967453718185,0.9998018741607666,-0.1639533638954162,-0.4480392038822174,-0.1380068510770797,0.9992952346801758,0.207996591925621,-0.2020403891801834,-0.0882015824317932,0.9708887338638306,-0.1895689070224762,-0.1977414935827255,-0.0840895995497703,0.920781433582306,0.2120945304632187,0.0387013107538223,-0.1814619451761245,0.9232107400894164,-0.2139052003622055,0.0146169681102037,-0.1515744775533676,0.8815650343894958,0.2156007587909698,0.1206754818558693,-0.2093163579702377,0.8769702315330505,-0.223017007112503,0.0901845172047615,-0.1803858280181884,0.8326361775398254,0.1910236626863479,0.1146206557750701,-0.2543505728244781,0.8862120509147644,-0.2039733976125717,0.0859403535723686,-0.217198371887207,0.8459171652793884,0.1945832669734954,0.0517026335000991,-0.2020897418260574,0.8766337633132935,-0.1999488621950149,0.0295881181955337,-0.1672362685203552,0.8277665972709656,0.1018517240881919,0.0007278015837073,-0.0056412117555737,0.999724268913269,-0.1024689450860023,-0.0012414751108735,0.0061478433199226,0.9996089339256288,0.0887292101979255,0.3729633688926697,-0.0033912954386323,0.9843115210533142,-0.0538249053061008,0.3665620386600494,0.0110273985192179,0.9786394238471984,0.0926232114434242,0.718966007232666,0.163053348660469,0.9770127534866332,-0.0052851652726531,0.7133983969688416,0.2094346731901168,0.969705045223236,0.0942600890994072,0.7649958729743958,0.167949691414833,0.8023983836174011,0.0005048478487879,0.7562227845191956,0.2205164730548858,0.7687681317329407,0.1144834980368614,0.8131663799285889,0.037282258272171,0.9702381491661072,-0.0245215147733688,0.8271549344062805,0.1015369221568107,0.9622673392295836
0.005205675959587,-0.6123190522193909,-0.3483346700668335,0.999708354473114,0.0209709145128726,-0.6488394737243652,-0.3386779129505157,0.9994125366210938,0.0205634962767362,-0.6487894058227539,-0.3404524028301239,0.9994121193885804,0.0210635345429182,-0.6489707827568054,-0.3386045396327972,0.9994853734970092,-0.0156109984964132,-0.6497207283973694,-0.3427448570728302,0.9993326663970948,-0.01333474740386,-0.6507408618927002,-0.3427790999412536,0.9993106126785278,-0.0139264427125453,-0.6497927904129028,-0.3389244377613067,0.9993425011634828,0.0766161903738975,-0.6371234655380249,-0.2301059812307357,0.9984217882156372,-0.0716552585363388,-0.6368820071220398,-0.2340520620346069,0.9981182813644408,0.0197274964302778,-0.5838056802749634,-0.3143985271453857,0.9994450807571412,-0.0230891685932874,-0.5824162364006042,-0.3149526715278625,0.999334454536438,0.1553636342287063,-0.4497671723365783,-0.1491641700267791,0.99981027841568,-0.16078782081604,-0.4479579329490661,-0.1448865085840225,0.9993309378623962,0.2080572545528412,-0.2004168033599853,-0.0987437739968299,0.9714950323104858,-0.1873161792755127,-0.197942167520523,-0.0911305099725723,0.9223331212997437,0.2112063616514206,0.0420472212135791,-0.1871728301048278,0.9249948859214784,-0.2113870233297348,0.0158207099884748,-0.1550010591745376,0.8845880031585693,0.2143754512071609,0.1238739416003227,-0.2146264910697937,0.8794494867324829,-0.2211459726095199,0.0911636352539062,-0.1831683814525604,0.8366158604621887,0.1898694485425949,0.1180678308010101,-0.2586051821708679,0.8884733319282532,-0.201518565416336,0.0872948169708252,-0.2194199562072754,0.8496408462524414,0.1936537474393844,0.0550915002822876,-0.2072267979383468,0.8789120316505432,-0.1973060071468353,0.0309877060353755,-0.1703788936138153,0.8316023945808411,0.1018559634685516,0.0007079210481606,-0.0059849130921065,0.999729573726654,-0.1024721190333366,-0.0012219639029353,0.0064915982075035,0.999610424041748,0.0888611897826194,0.3735198080539703,-0.0048146583139896,0.984466552734375,-0.053433820605278,0.3672309517860412,0.0144647592678666,0.9787260293960572,0.0938218235969543,0.7191775441169739,0.159830704331398,0.9771775007247924,-0.0040703602135181,0.7135589718818665,0.2104376703500747,0.9697048664093018,0.0955003052949905,0.7651766538619995,0.1647271364927292,0.8019530177116394,0.0016601448878645,0.7563030123710632,0.2214076668024063,0.768102765083313,0.1147520765662193,0.8141277432441711,0.0330380238592624,0.9704704880714417,-0.0246023219078779,0.8273938298225403,0.102464735507965,0.9623333811759948
0.0085171218961477,-0.607004702091217,-0.3485956788063049,0.9997071623802184,0.0239806324243545,-0.6434540152549744,-0.3388213813304901,0.9994103908538818,0.0235825162380933,-0.6434003710746765,-0.3405928015708923,0.9994100332260132,0.0240900758653879,-0.643576979637146,-0.3387321531772613,0.999482274055481,-0.0124091738834977,-0.6444039344787598,-0.3435564339160919,0.9993352890014648,-0.0101293642073869,-0.6454149484634399,-0.3435883820056915,0.9993142485618592,-0.0107231587171554,-0.6444655060768127,-0.3397215902805328,0.9993465542793274,0.0769435092806816,-0.6332093477249146,-0.229541391134262,0.998436450958252,-0.0709301307797432,-0.6332013607025146,-0.2365305721759796,0.9981662034988404,0.0215809270739555,-0.5792636871337891,-0.3142713606357574,0.9994519352912904,-0.0210085064172744,-0.5778999328613281,-0.31558358669281,0.9993488192558287,0.1551074832677841,-0.4495048820972442,-0.1480673551559448,0.9998117685317992,-0.1608328521251678,-0.4476804435253143,-0.147424966096878,0.9993539452552797,0.2080289423465728,-0.2007848918437957,-0.0961906164884567,0.970812737941742,-0.1875336170196533,-0.1980643272399902,-0.0935000479221344,0.92282634973526,0.2110650390386581,0.0419121719896793,-0.179310992360115,0.9231885075569152,-0.2118152230978012,0.0178785771131515,-0.155452623963356,0.8845850229263306,0.2140882462263107,0.1237643733620643,-0.2054634690284729,0.8768484592437744,-0.221759557723999,0.093959130346775,-0.1833351552486419,0.8369008898735046,0.1897664368152618,0.1179087683558464,-0.2493723928928375,0.8860533833503723,-0.2022167146205902,0.0906127169728279,-0.2195314764976501,0.8499712347984314,0.1935377269983291,0.054942313581705,-0.1992330402135849,0.8763799667358398,-0.1978369653224945,0.0334622934460639,-0.1707548350095749,0.8317452669143677,0.1018533408641815,0.0006798258400522,-0.0058817588724195,0.9997273087501526,-0.1024712547659874,-0.0011960208648815,0.0063899043016135,0.9996077418327332,0.0888146311044693,0.3746148943901062,-0.0035856810864061,0.9844983816146852,-0.0534749180078506,0.3671298325061798,0.0096073672175407,0.9788580536842346,0.0921830907464027,0.720478355884552,0.1600018739700317,0.9770239591598512,-0.0042864698916673,0.7151687741279602,0.1924705654382705,0.9698734283447266,0.0936638042330741,0.7664860486984253,0.1648273915052414,0.8014518618583679,0.0014597811968997,0.7580776810646057,0.2018337696790695,0.7686659693717957,0.113679826259613,0.8155121803283691,0.0335616059601306,0.9703195095062256,-0.0246753692626953,0.8290320038795471,0.0796191468834877,0.9624822735786438
0.0159081872552633,-0.592391848564148,-0.372315764427185,0.9997209310531616,0.031227983534336,-0.6291675567626953,-0.3632363677024841,0.9994372129440308,0.030831579118967,-0.6291030049324036,-0.3649930953979492,0.9994369149208068,0.0313675105571746,-0.6292842626571655,-0.363119512796402,0.9995064735412598,-0.0047130491584539,-0.6302188038825989,-0.3693632781505584,0.999367356300354,-0.0024178277235478,-0.6311873197555542,-0.3693849742412567,0.9993466734886168,-0.0030160380993038,-0.6302258968353271,-0.3654914796352386,0.9993776679039,0.0802332386374473,-0.6211161613464355,-0.2515340745449066,0.9985181093215942,-0.0661846324801445,-0.620780885219574,-0.2639953792095184,0.9982677698135376,0.0272007901221513,-0.5656095147132874,-0.3362370729446411,0.999481439590454,-0.0149065600708127,-0.564120888710022,-0.3394675850868225,0.9993846416473388,0.1557897478342056,-0.4452688097953796,-0.1604617834091186,0.9998221397399902,-0.1592963486909866,-0.4420193135738373,-0.1700271666049957,0.9993942975997924,0.2097090184688568,-0.1980228871107101,-0.1020512655377388,0.9713760018348694,-0.1874477565288543,-0.1933589279651641,-0.1179608255624771,0.92508065700531,0.2125304192304611,0.0473825484514236,-0.181978702545166,0.9248743057250975,-0.2116402387619018,0.0286977682262659,-0.1768964380025863,0.8879104256629944,0.2154150009155273,0.1280165612697601,-0.2082190364599228,0.878933310508728,-0.2222097963094711,0.1031042039394378,-0.2037444710731506,0.8413600921630859,0.1909137815237045,0.1225681006908416,-0.2514090240001678,0.8879548907279968,-0.2026702016592025,0.1003538221120834,-0.238310620188713,0.8541459441184998,0.1948238015174865,0.0604371353983879,-0.2017608880996704,0.878075897693634,-0.1977582722902298,0.0444400981068611,-0.1915866881608963,0.8356746435165405,0.1017904430627822,0.000661471101921,-0.0057231341488659,0.9997371435165404,-0.102406345307827,-0.001177848665975,0.0062372256070375,0.999618411064148,0.0889982134103775,0.374840497970581,-0.0064056986011564,0.9844350814819336,-0.0526912622153759,0.3678189814090729,0.0095105171203613,0.978576958179474,0.091837465763092,0.7202867865562439,0.1594401448965072,0.9766589403152466,-0.0041649555787444,0.7150266170501709,0.1938641518354416,0.969369411468506,0.093308225274086,0.7662099003791809,0.1645624190568924,0.8000862002372742,0.0015066325431689,0.7579061985015869,0.2039276212453842,0.7669921517372131,0.113681860268116,0.8153061270713806,0.0337161011993885,0.970183789730072,-0.0246338956058025,0.8287733793258667,0.083549216389656,0.9622294306755066
0.0272441059350967,-0.5822077393531799,-0.3831688165664673,0.999731183052063,0.0431343354284763,-0.6187760233879089,-0.3742653727531433,0.9994574189186096,0.0427394025027751,-0.618708610534668,-0.3760255575180053,0.9994574785232544,0.0432981699705123,-0.6188770532608032,-0.3741469979286194,0.999524474143982,0.0072430539876222,-0.6203581094741821,-0.3812558650970459,0.9993926286697388,0.0095404861494898,-0.6213041543960571,-0.3812986016273498,0.9993723034858704,0.0089303227141499,-0.6203473210334778,-0.3774028420448303,0.9994016885757446,0.0874197781085968,-0.6115062832832336,-0.2606509327888489,0.9985870122909546,-0.0586711131036281,-0.6131861209869385,-0.2770237922668457,0.998354434967041,0.036178383976221,-0.5559593439102173,-0.3459252119064331,0.9995031356811525,-0.0058220489881932,-0.5550492405891418,-0.3503985404968261,0.999411165714264,0.1579692363739013,-0.4417526423931122,-0.1680000126361847,0.9998283386230468,-0.1567122340202331,-0.4397873282432556,-0.1815622895956039,0.9994211196899414,0.2161122262477874,-0.1979930400848388,-0.1102539226412773,0.9714986085891724,-0.1838994622230529,-0.1924145072698593,-0.1373405456542968,0.9255130290985109,0.2164895981550216,0.0441858805716037,-0.1897647827863693,0.9250447154045104,-0.2048650383949279,0.0300194583833217,-0.1982178092002868,0.8882390856742859,0.2185104340314865,0.1211640685796737,-0.2163182497024536,0.8787103295326233,-0.216886505484581,0.1033225134015083,-0.2255243360996246,0.8422374725341797,0.1942027509212494,0.1151973530650138,-0.2574323117733001,0.8876643180847168,-0.1964710801839828,0.1009559705853462,-0.2582163214683532,0.8549794554710388,0.1987399160861969,0.0564590655267238,-0.2090138345956802,0.8775154948234558,-0.1910598874092102,0.0458426289260387,-0.2124143987894058,0.8360584378242493,0.1017985641956329,0.0006477737333625,-0.0056314398534595,0.9997440576553344,-0.1024150550365448,-0.0011650009546428,0.0061494666151702,0.9996253848075868,0.0912470519542694,0.3767324984073639,-0.0086296396329998,0.9845110177993774,-0.0528366565704345,0.369737446308136,0.0084233190864324,0.9784749746322632,0.0932574495673179,0.7195901274681091,0.1599143892526626,0.9762151837348938,-0.0047824797220528,0.7149306535720825,0.196578100323677,0.9689260721206664,0.0946941748261451,0.7652575969696045,0.165727213025093,0.7979509234428406,0.000679513439536,0.7577798366546631,0.2078859657049179,0.7662466764450073,0.1158467978239059,0.8154186010360718,0.0375552773475647,0.9698640704154968,-0.0264302212744951,0.829636812210083,0.0899342969059944,0.9619155526161194
0.0433471798896789,-0.5760655403137207,-0.396352469921112,0.9997456073760986,0.0608068965375423,-0.6121033430099487,-0.3878687620162964,0.9994849562644958,0.0604011565446853,-0.6120383143424988,-0.3896241188049316,0.999485433101654,0.0609641075134277,-0.6122037768363953,-0.3877401351928711,0.9995490908622742,0.0250992067158222,-0.6147688031196594,-0.3953410387039184,0.999424934387207,0.0273929014801979,-0.6157010197639465,-0.3953904807567596,0.999405324459076,0.026770805940032,-0.6147527694702148,-0.3915106654167175,0.9994333386421204,0.1019928380846977,-0.6035121083259583,-0.2737341225147247,0.9986698627471924,-0.0430733151733875,-0.6097826957702637,-0.292516678571701,0.9984501600265504,0.0500746294856071,-0.5494142174720764,-0.3586505055427551,0.9995284080505372,0.0083867693319916,-0.5498238205909729,-0.3638375103473663,0.9994421005249025,0.1645143926143646,-0.433952271938324,-0.1822938621044159,0.9998349547386168,-0.1481831967830658,-0.4392225742340088,-0.1960016787052154,0.9994515180587769,0.225370854139328,-0.1920586079359054,-0.1295518726110458,0.9723367094993592,-0.1733270585536956,-0.1905167400836944,-0.1537690311670303,0.9263098239898682,0.2225079387426376,0.0447706989943981,-0.2068554759025573,0.9270480275154114,-0.1965382397174835,0.0378624722361564,-0.2103788703680038,0.8902613520622253,0.2238229066133499,0.1209431290626525,-0.2331907004117965,0.8808067440986633,-0.2108798623085022,0.1105444431304931,-0.237837016582489,0.8448663353919983,0.1998358815908432,0.1147673428058624,-0.2720745801925659,0.8895053267478943,-0.1895749568939209,0.1104636937379837,-0.269947737455368,0.8574225306510925,0.204857587814331,0.0566894225776195,-0.2252840846776962,0.8792852163314819,-0.1830356866121292,0.0548120625317096,-0.2244511097669601,0.8384312391281128,0.1017734706401825,0.0007371011888608,-0.0055918656289577,0.9997486472129822,-0.1023888289928436,-0.0012570137623697,0.0061115841381251,0.9996333718299866,0.0971962362527847,0.3772677183151245,-0.0089271599426865,0.98454487323761,-0.051639586687088,0.372128427028656,0.0082656694576144,0.9787269830703736,0.0980907902121543,0.712327241897583,0.1668138355016708,0.975656270980835,-0.000760463590268,0.7204447388648987,0.1983307301998138,0.9693930745124816,0.0992419421672821,0.7569684982299805,0.1745600551366806,0.7945864796638489,0.0046440218575298,0.7637909054756165,0.2101604044437408,0.7690853476524353,0.1196067407727241,0.8124442100524902,0.0503218919038772,0.9695585370063782,-0.0255359336733818,0.8360442519187927,0.0916728898882865,0.9625588059425354
0.0541326589882373,-0.5726491808891296,-0.4012706577777862,0.9997551441192628,0.0717115551233291,-0.608332097530365,-0.3933577537536621,0.9995012283325196,0.071295216679573,-0.6082650423049927,-0.3951117396354675,0.9995015859603882,0.0718757435679435,-0.6084297895431519,-0.393198013305664,0.9995632767677308,0.0367000885307788,-0.6112650632858276,-0.4013349115848541,0.9994458556175232,0.0389856807887554,-0.6121852397918701,-0.4013755321502685,0.9994271397590636,0.0383692309260368,-0.6112255454063416,-0.3974807560443878,0.9994556903839112,0.1100635528564453,-0.5989468693733215,-0.2807318270206451,0.998719334602356,-0.0324078202247619,-0.6063601970672607,-0.3016085624694824,0.9985228776931764,0.0594528578221797,-0.5457829236984253,-0.3639889657497406,0.9995439052581788,0.0184837635606527,-0.5464928150177002,-0.3696660995483398,0.9994645714759828,0.168557271361351,-0.4311266243457794,-0.1856324523687362,0.9998407959938048,-0.1416073143482208,-0.4389299750328064,-0.2063146978616714,0.9994836449623108,0.2384629845619201,-0.192356064915657,-0.1312610954046249,0.9730165004730223,-0.1735769361257553,-0.1907963007688522,-0.160532996058464,0.9275707602500916,0.2329562306404113,0.038789615035057,-0.2099056094884872,0.9286210536956788,-0.1977379322052002,0.0361875854432582,-0.2130639106035232,0.8922404646873474,0.2335464507341385,0.1100928857922554,-0.2369225174188614,0.8818805813789368,-0.2118006944656372,0.1087124571204185,-0.2403912544250488,0.8471497297286987,0.2083689719438552,0.1024597957730293,-0.2753218114376068,0.8903765082359314,-0.1898514330387115,0.1081099659204483,-0.2729253768920898,0.8595298528671265,0.2147542238235473,0.0494264885783195,-0.2283218950033188,0.8799827694892883,-0.1840128004550933,0.0529086887836456,-0.227143257856369,0.8403098583221436,0.1015048250555992,0.0011032931506633,-0.0046095824800431,0.9997496008872986,-0.1021305099129676,-0.0016230802284553,0.0051380107179284,0.999638020992279,0.0974354818463325,0.3774221241474151,0.0013400646857917,0.9838495254516602,-0.0517498105764389,0.371370792388916,0.0078225713223218,0.978287637233734,0.0979944318532943,0.708980917930603,0.1808266192674636,0.974387526512146,-0.0030969334766268,0.7201750874519348,0.1953682154417038,0.9691174626350404,0.099107839167118,0.7531642913818359,0.1886010915040969,0.7906005382537842,0.0019261073321104,0.7634781002998352,0.2066987007856369,0.7694218754768372,0.119541235268116,0.8065503835678101,0.0671389102935791,0.9686117172241212,-0.027400804683566,0.8358803391456604,0.0869055092334747,0.9625563621520996
0.0743175968527793,-0.57100909948349,-0.4209528565406799,0.9997730255126952,0.0933069586753845,-0.6060032248497009,-0.4127424359321594,0.9995350241661072,0.092867873609066,-0.6059374213218689,-0.4144960641860962,0.9995352029800416,0.093479536473751,-0.6060912013053894,-0.4125889837741852,0.999592661857605,0.0589066781103611,-0.6100913882255554,-0.4215413331985473,0.9994850158691406,0.0611940920352935,-0.6109861731529236,-0.4215978682041168,0.999467432498932,0.0605772212147712,-0.6100344657897949,-0.4177278280258178,0.9994943141937256,0.1283638179302215,-0.5925832390785217,-0.298642635345459,0.9988030791282654,-0.0114320442080497,-0.6051622629165649,-0.3240057826042175,0.998630166053772,0.0770177319645881,-0.5426865816116333,-0.3832333087921142,0.9995728731155396,0.0368490889668464,-0.5448063015937805,-0.390338271856308,0.9994997978210448,0.176948606967926,-0.4223486185073852,-0.2056494504213333,0.9998490810394288,-0.1287406086921692,-0.4387195110321045,-0.2296846807003021,0.9995202422142028,0.2553396224975586,-0.1904839128255844,-0.1605339348316192,0.9744684100151062,-0.1718119084835052,-0.190706267952919,-0.1912684440612793,0.930529773235321,0.2520165145397186,0.0370660051703453,-0.2368699610233307,0.9323612451553344,-0.1956664025783538,0.037102822214365,-0.2395126968622207,0.897350013256073,0.2526950538158417,0.1046341955661773,-0.2627036273479461,0.8865060210227966,-0.2099778801202774,0.1084537208080291,-0.2673825919628143,0.8532642126083374,0.2272674888372421,0.0969249084591865,-0.2989672720432281,0.8944622278213501,-0.1867613494396209,0.108129121363163,-0.296992540359497,0.8650533556938171,0.2340392470359802,0.047133732587099,-0.2544665038585663,0.8841204643249512,-0.1815760284662246,0.0540094226598739,-0.2522806525230407,0.845953106880188,0.1007077619433403,0.0013521446380764,-0.0041594165377318,0.999758005142212,-0.1013310328125953,-0.0018698697676882,0.0046960259787738,0.9996479749679564,0.100721351802349,0.3745182454586029,-0.0007063270895741,0.9836102724075316,-0.0496723651885986,0.3729797899723053,0.0215394999831914,0.977599024772644,0.1077282726764679,0.7004075646400452,0.1781400591135025,0.9741157293319702,-0.000121684926853,0.716253399848938,0.2307856082916259,0.9682092666625975,0.109510600566864,0.7443118691444397,0.1867162436246872,0.7891857028007507,0.004680941812694,0.7587233781814575,0.2447695434093475,0.7685673832893372,0.1307555586099624,0.7967020869255066,0.0665741488337516,0.9686623215675354,-0.0253924503922462,0.8275452256202698,0.1305520683526992,0.9621294736862184
0.0788334310054779,-0.5673426389694214,-0.4310775101184845,0.9997900128364564,0.0971137061715126,-0.6023129224777222,-0.4229951798915863,0.9995673894882202,0.0966761112213134,-0.6022463440895081,-0.4247807562351227,0.9995675086975098,0.0973020493984222,-0.6023787260055542,-0.4228550493717193,0.9996204972267152,0.0623243302106857,-0.606344997882843,-0.4314923882484436,0.9995222687721252,0.0646222978830337,-0.6072052121162415,-0.4315515458583832,0.9995057582855223,0.0640081018209457,-0.6062504649162292,-0.4276762306690216,0.999531090259552,0.1340536326169967,-0.588690996170044,-0.3093032240867615,0.9988824725151062,-0.0073436493985354,-0.6005353331565857,-0.3328865468502044,0.9987350702285768,0.0829191282391548,-0.5389944314956665,-0.393543541431427,0.9996000528335572,0.0422235764563083,-0.5408967733383179,-0.4000783264636993,0.9995340704917908,0.1853376626968383,-0.4203515350818634,-0.214334174990654,0.9998561143875122,-0.1235352382063865,-0.4366532564163208,-0.2405859231948852,0.9995539784431458,0.2715659439563751,-0.190979853272438,-0.1733594387769699,0.9757038950920104,-0.1735164374113083,-0.1900588870048523,-0.2082307189702987,0.933834433555603,0.266672283411026,0.0247787348926067,-0.2544820010662079,0.9352737069129944,-0.1966785043478012,0.0381714925169944,-0.2615046203136444,0.9020406603813172,0.2666158080101013,0.0886028781533241,-0.2809127569198608,0.8896105885505676,-0.2106323689222335,0.1088621541857719,-0.2899436354637146,0.8586068749427795,0.2407503426074981,0.0803785547614097,-0.3163842260837555,0.8970920443534851,-0.1864867955446243,0.1082062944769859,-0.3184848725795746,0.8698428273200989,0.2485602647066116,0.0339880734682083,-0.2718573808670044,0.8866391777992249,-0.1824974715709686,0.0549672096967697,-0.273863285779953,0.8508498072624207,0.100435122847557,0.0017519255634397,-0.0029289510566741,0.9997611045837402,-0.1010678187012672,-0.0022695327643305,0.0034787682816386,0.999653697013855,0.1005981266498565,0.37471604347229,0.0016763086896389,0.983153223991394,-0.0498626679182052,0.3715206086635589,0.0198289975523948,0.977058172225952,0.1069165766239166,0.7013057470321655,0.1769288629293441,0.9736055731773376,-0.0009569583344273,0.712472677230835,0.2293483167886734,0.9676596522331238,0.1086212620139122,0.7454129457473755,0.1849631071090698,0.7874948978424072,0.0037426822818815,0.7548232674598694,0.2437837123870849,0.7677938938140869,0.1305552870035171,0.7971024513244629,0.0632309168577194,0.9684553146362304,-0.025536011904478,0.8214201331138611,0.1275335550308227,0.9620057344436646
0.0889831930398941,-0.5463717579841614,-0.456450343132019,0.9998047947883606,0.1073804572224617,-0.5818102955818176,-0.4482652842998504,0.9995962381362916,0.1069401875138282,-0.5817402601242065,-0.4500078558921814,0.9995961785316468,0.10761758685112,-0.581847071647644,-0.4480619132518768,0.9996451139450072,0.0723581612110138,-0.5867905020713806,-0.4577223658561706,0.9995564818382264,0.0746827870607376,-0.5875998735427856,-0.4577744305133819,0.999541163444519,0.0740747451782226,-0.5866597294807434,-0.4538759291172027,0.9995648264884948,0.1417335569858551,-0.5712344646453857,-0.3295139670372009,0.9989538788795472,-0.0005816286429762,-0.586062490940094,-0.3580719828605652,0.9988301396369934,0.0916847810149192,-0.5193150043487549,-0.4166509807109833,0.9996227025985718,0.0507003925740718,-0.5221490859985352,-0.4247805476188659,0.9995633363723756,0.1897904425859451,-0.411114364862442,-0.2295021116733551,0.9998627305030824,-0.1198063045740127,-0.4254664778709411,-0.2554517090320587,0.99958473443985,0.2877261936664581,-0.1880139857530594,-0.1820032745599746,0.9768884778022766,-0.1740458160638809,-0.1709608733654022,-0.2237698584794998,0.9353439211845398,0.2839323282241821,0.0256613139063119,-0.2555602788925171,0.937399685382843,-0.1983716338872909,0.0554275289177894,-0.2749384045600891,0.9042986631393432,0.2846747636795044,0.0899077504873275,-0.2802020907402038,0.8913025259971619,-0.2134535163640976,0.1224919259548187,-0.3024627566337585,0.8609309792518616,0.2569963634014129,0.0821645855903625,-0.3159045279026031,0.8983759880065918,-0.1881959289312362,0.1211368069052696,-0.3299898207187652,0.8718138933181763,0.2654409110546112,0.0351488403975963,-0.2728890478610992,0.8879026770591736,-0.1840573102235794,0.071764662861824,-0.28699991106987,0.8525933623313904,0.0996539667248725,0.0018444040324538,-0.0027057186234742,0.9997560381889344,-0.1003302559256553,-0.0023631956428289,0.0032684423495084,0.9996472001075744,0.1004714742302894,0.3737703561782837,-0.0052754422649741,0.982386589050293,-0.0509785860776901,0.3693055510520935,0.0190966632217168,0.9752901792526244,0.1063605770468711,0.7017716765403748,0.1463190019130706,0.9729641675949096,-0.0028177821077406,0.7124609351158142,0.2177555859088897,0.9667212963104248,0.1081156209111213,0.7459856867790222,0.1515871286392212,0.786381721496582,0.0016430028481408,0.7548324465751648,0.2295223325490951,0.7688160538673401,0.1295756846666336,0.7966194152832031,0.0212510488927364,0.968169927597046,-0.0281362943351268,0.8203898072242737,0.1047544330358505,0.9615921974182128
0.1021284908056259,-0.5415182113647461,-0.4486905038356781,0.9998121857643129,0.1205779090523719,-0.5764946341514587,-0.4400903880596161,0.9996119141578674,0.1201011091470718,-0.5764434337615967,-0.4417820274829864,0.9996125102043152,0.1208384931087493,-0.5765411257743835,-0.4398616552352905,0.999656856060028,0.0861839279532432,-0.5818328261375427,-0.4490237534046173,0.9995775818824768,0.0885243862867355,-0.5826209783554077,-0.4491062760353088,0.999563455581665,0.0879084467887878,-0.5817071795463562,-0.4451976120471954,0.9995837211608888,0.1542797088623047,-0.563159167766571,-0.3219597935676574,0.9989964962005616,0.0139699056744575,-0.5794707536697388,-0.3486943542957306,0.9988930821418762,0.1041132360696792,-0.5136836171150208,-0.409369558095932,0.9996355175971984,0.063850812613964,-0.5169991254806519,-0.4171259701251983,0.9995787143707277,0.1986263245344162,-0.4053461849689483,-0.2202880233526229,0.9998669028282166,-0.1082836240530014,-0.4215384721755981,-0.2447628378868103,0.9996038675308228,0.3041104972362518,-0.1862345784902572,-0.1722332388162613,0.9764820337295532,-0.1722559779882431,-0.170658990740776,-0.2111575901508331,0.933130145072937,0.303125262260437,0.0206117816269397,-0.2531995475292206,0.9335596561431884,-0.1987165659666061,0.0540500730276107,-0.265318363904953,0.8994538187980652,0.3044379651546478,0.0795901417732238,-0.2790021002292633,0.8848308324813843,-0.2137168645858764,0.1123979985713958,-0.2934862077236175,0.8554298877716064,0.280217707157135,0.0700582712888717,-0.3136963248252868,0.8917425274848938,-0.1888581067323684,0.1082129478454589,-0.3198870420455932,0.8660916090011597,0.2860889732837677,0.028579007834196,-0.2709147930145263,0.8805469870567322,-0.1842331290245056,0.0685325860977172,-0.2772869765758514,0.8449627757072449,0.0986454337835311,0.0025223095435649,-0.0041813957504928,0.9997596144676208,-0.0993793383240699,-0.0030387165024876,0.0047923238016664,0.9996365308761596,0.0847035273909568,0.361233651638031,-0.0795497819781303,0.9816697239875792,-0.0567973740398883,0.3684167861938476,0.0384210683405399,0.9698761701583862,0.0927888378500938,0.6995437145233154,0.0397675409913063,0.972835659980774,-0.007646017242223,0.7067432403564453,0.2353090643882751,0.9627220034599304,0.0936347097158432,0.7440466284751892,0.042354516685009,0.790596067905426,-0.0039780950173735,0.7489404678344727,0.2473482340574264,0.7706670165061951,0.1002687141299247,0.7941657304763794,-0.1018405929207801,0.9683334827423096,-0.0402044467628002,0.8139071464538574,0.1262552738189697,0.959173619747162
0.1147167831659317,-0.5045163035392761,-0.4991262853145599,0.9998295903205872,0.1335702538490295,-0.5388804078102112,-0.490086168050766,0.9996471405029296,0.1330512315034866,-0.5388797521591187,-0.4916846454143524,0.9996476769447328,0.133877620100975,-0.5389180183410645,-0.489808589220047,0.9996876120567322,0.0985117405652999,-0.5453265905380249,-0.4994910657405853,0.9996164441108704,0.1009081378579139,-0.5460183024406433,-0.499537318944931,0.9996033906936646,0.1003166362643241,-0.5451124906539917,-0.4956184029579162,0.999621331691742,0.1659703999757766,-0.5250454545021057,-0.3666290044784546,0.9990886449813844,0.0227389484643936,-0.5448688864707947,-0.396599680185318,0.9989964962005616,0.1155105233192443,-0.4769071638584137,-0.4580643475055694,0.9996694326400756,0.0744026154279708,-0.4812016189098358,-0.4670366644859314,0.999617874622345,0.2075158506631851,-0.3716899752616882,-0.2583286762237549,0.9998775720596312,-0.1057205647230148,-0.3946995139122009,-0.2816841900348663,0.9996364712715148,0.3198237419128418,-0.160511627793312,-0.2169916778802871,0.978061318397522,-0.1726432591676712,-0.1464199125766754,-0.2518483400344848,0.9374141097068788,0.3363136351108551,0.0596014186739921,-0.3062312006950378,0.9366216659545898,-0.1990377902984619,0.0819290950894355,-0.3068775236606598,0.9051088094711304,0.3439373970031738,0.1191581413149833,-0.3344203233718872,0.8887965083122253,-0.2137013226747512,0.1431163549423217,-0.3364739120006561,0.8624266982078552,0.3167365789413452,0.1155551299452781,-0.3688763678073883,0.895288348197937,-0.1873133331537246,0.1412108540534973,-0.3616662323474884,0.8723516464233398,0.319128543138504,0.0704393237829208,-0.324418306350708,0.8842014670372009,-0.1840133517980575,0.098304659128189,-0.3181682229042053,0.851250410079956,0.0972598195075988,0.0028982204385101,-0.0078417407348752,0.9997762441635132,-0.0979970544576644,-0.0034168218262493,0.008529894053936,0.9996577501296996,0.0446853563189506,0.3278471827507019,-0.1371910721063614,0.9816094636917114,-0.0675082728266716,0.3610443770885467,0.0352470763027668,0.9654651880264282,0.0883918926119804,0.6633147597312927,3.539026147336699e-05,0.9725977778434752,-0.0076870773918926,0.6926780343055725,0.2388584315776825,0.9594470858573914,0.0917078852653503,0.707766056060791,0.0050639957189559,0.7943606376647949,-0.0039335815235972,0.7349070906639099,0.2521553337574005,0.7725216746330261,0.0951718091964721,0.7673671245574951,-0.1290901154279709,0.968473494052887,-0.0440697222948074,0.8043426871299744,0.1357486397027969,0.956912636756897
0.1122437492012977,-0.4396057724952698,-0.5711880922317505,0.999845325946808,0.1301989406347274,-0.4743212759494781,-0.5634084939956665,0.9996790885925292,0.1297107189893722,-0.4743565618991852,-0.5648977160453796,0.9996793866157532,0.1305871903896331,-0.4743063747882843,-0.563062846660614,0.9997153878211976,0.0948378145694732,-0.4794597029685974,-0.5729364156723022,0.9996519088745116,0.0972652584314346,-0.4800316095352173,-0.5729310512542725,0.9996397495269777,0.0966915860772132,-0.4791341125965118,-0.5688585042953491,0.9996554851531982,0.1616400331258773,-0.4630376100540161,-0.4377049505710602,0.9991742372512816,0.0169254541397094,-0.475821703672409,-0.4671513140201568,0.9990916848182678,0.1129777878522872,-0.413200169801712,-0.5287988185882568,0.9997010231018066,0.0712890177965164,-0.4155083000659942,-0.5379875898361206,0.9996543526649476,0.2068520337343216,-0.3241670429706573,-0.3149782717227936,0.999888002872467,-0.1090806871652603,-0.3309786021709442,-0.3358620405197143,0.9996644854545592,0.3275282680988312,-0.1153402999043464,-0.2407103329896927,0.9795689582824708,-0.1728379130363464,-0.076542742550373,-0.3055621087551117,0.9415069818496704,0.3371607363224029,0.1144327446818351,-0.2970923483371734,0.938829243183136,-0.1987263858318328,0.1515616327524185,-0.3503024578094482,0.9093943238258362,0.3434968590736389,0.1747575104236602,-0.3227101564407348,0.8913020491600037,-0.2132837772369384,0.2105713784694671,-0.3767476975917816,0.867703378200531,0.312970906496048,0.1730562299489975,-0.3570873141288757,0.8974854350090027,-0.1856201142072677,0.2086300998926162,-0.4037103056907654,0.8770514726638794,0.3183341324329376,0.1259605586528778,-0.314048707485199,0.8867250084877014,-0.1829356402158737,0.1673438549041748,-0.3614483475685119,0.8560981750488281,0.0967980995774269,0.003242117119953,-0.0126630719751119,0.9997953176498412,-0.0975370034575462,-0.0037811738438904,0.0134503971785306,0.999684512615204,0.0167956836521625,0.3187833130359649,-0.1541210412979126,0.9808503985404968,-0.0899555310606956,0.3479665219783783,0.0227664578706026,0.9576703310012816,0.0793216004967689,0.6423821449279785,0.011196113191545,0.9700652360916138,-0.018132409080863,0.6750092506408691,0.235290378332138,0.952848494052887,0.085345521569252,0.6863405704498291,0.0194051750004291,0.7925078272819519,-0.0135431075468659,0.7171044945716858,0.2490175366401672,0.7695595622062683,0.0820878073573112,0.7516847252845764,-0.1064544841647148,0.9663529992103576,-0.0657091066241264,0.7950657606124878,0.1354874074459076,0.9515092968940736
0.1212303563952446,-0.3827936947345733,-0.5777139067649841,0.9998601078987122,0.1388918608427047,-0.4182835519313812,-0.5708908438682556,0.9997093081474304,0.1383564472198486,-0.4183497428894043,-0.5723212361335754,0.9997094869613647,0.1392684429883957,-0.4183034896850586,-0.5704284310340881,0.9997419118881226,0.1034170463681221,-0.4247548282146454,-0.581108033657074,0.9996850490570068,0.1058773547410965,-0.4253043830394745,-0.5810909867286682,0.9996737837791444,0.1052863746881485,-0.4244506657123565,-0.5770378708839417,0.9996877312660216,0.1674371510744094,-0.4143293499946594,-0.4448845386505127,0.9992538094520568,0.0223189238458871,-0.433351069688797,-0.4775890409946441,0.999180018901825,0.1207242459058761,-0.359694629907608,-0.5344458818435669,0.999730110168457,0.0789571404457092,-0.3637307584285736,-0.5444839596748352,0.9996880292892456,0.2139870524406433,-0.2835025191307068,-0.3234812915325165,0.9998971819877625,-0.1066302880644798,-0.2998399138450622,-0.3477094769477844,0.9996914863586426,0.3220198154449463,-0.0674122720956802,-0.2773846387863159,0.9809693098068236,-0.1606301665306091,-0.0345979258418083,-0.3229265511035919,0.9454591870307922,0.3398396074771881,0.1575295478105545,-0.3504110872745514,0.94214129447937,-0.1834898740053177,0.2039677053689956,-0.3641751110553741,0.9146747589111328,0.3517413735389709,0.2159734368324279,-0.3788111507892608,0.8963168263435364,-0.2016531527042389,0.2647449672222137,-0.3936419785022735,0.874700665473938,0.3196319043636322,0.2171023488044738,-0.4125296473503113,0.9022337198257446,-0.1677091717720031,0.2678875029087066,-0.4184517562389374,0.8834810853004456,0.3214257657527923,0.1700537949800491,-0.3678622245788574,0.8921254873275757,-0.166014090180397,0.2223100215196609,-0.3746275007724762,0.8634040355682373,0.0965435728430748,0.003538139630109,-0.0140866274014115,0.9998133778572084,-0.0972710847854614,-0.004100470803678,0.0149060012772679,0.999710738658905,0.005018456839025,0.2843383848667145,-0.2001108080148697,0.9780598282814026,-0.0914392918348312,0.3173721730709076,-0.0668311044573783,0.945713222026825,0.0698648542165756,0.6130770444869995,-0.0509574748575687,0.9635497331619264,-0.0165287032723426,0.6395080089569092,0.1408563703298568,0.9399579763412476,0.0774668380618095,0.6574116349220276,-0.0434099026024341,0.7847456932067871,-0.0108541874215006,0.680489718914032,0.1554339230060577,0.7604353427886963,0.0733373090624809,0.7193617224693298,-0.1641873866319656,0.960929274559021,-0.0632730051875114,0.758772611618042,0.0477303564548492,0.9409193396568298
0.1257181912660598,-0.3393611311912536,-0.5916184782981873,0.9998733997344972,0.1405577510595321,-0.3751018643379211,-0.5863195657730103,0.9997367262840272,0.1400441974401474,-0.3752017021179199,-0.5876948237419128,0.9997368454933168,0.1410185545682907,-0.3750597536563873,-0.5858597755432129,0.9997658133506776,0.10572399944067,-0.3808476030826568,-0.5973737835884094,0.999714970588684,0.1082011312246322,-0.3812747597694397,-0.5973658561706543,0.9997044205665588,0.1076263561844825,-0.3804588615894317,-0.5931937098503113,0.9997165203094482,0.1654013097286224,-0.378782570362091,-0.4614100456237793,0.9993265271186828,0.0220801513642072,-0.3949156403541565,-0.499058336019516,0.9992605447769164,0.1242308318614959,-0.3200929760932922,-0.5478895306587219,0.999756634235382,0.0832663401961326,-0.323313444852829,-0.5595865249633789,0.9997186064720154,0.2162926793098449,-0.2659037113189697,-0.3418742418289184,0.9999056458473206,-0.105555810034275,-0.2697818577289581,-0.3689022064208984,0.9997143149375916,0.3318337798118591,-0.0659996569156646,-0.3006074726581573,0.9818012714385986,-0.1496832966804504,-0.0166867058724164,-0.3539806604385376,0.94952392578125,0.3515894711017608,0.168122723698616,-0.3596760928630829,0.9430527687072754,-0.1771095842123031,0.2338411509990692,-0.3970690071582794,0.9199591875076294,0.3648987114429474,0.2277235984802246,-0.3835574090480804,0.8975061178207397,-0.1972752511501312,0.2949768900871277,-0.42819944024086,0.8818296194076538,0.3328438997268677,0.2338322550058365,-0.4158602654933929,0.9033279418945312,-0.1603555381298065,0.3025334775447845,-0.4530918598175049,0.8900537490844727,0.3336995840072632,0.1833467036485672,-0.3757795691490173,0.8938542604446411,-0.1589497774839401,0.2550458312034607,-0.4077676832675934,0.8709642291069031,0.0965263247489929,0.0031005437485873,-0.0173757765442132,0.9998307824134828,-0.0972483903169632,-0.0037013390101492,0.0182719379663467,0.9997354745864868,-0.0166700165718793,0.2369750738143921,-0.21928171813488,0.9775556921958924,-0.1642433404922485,0.3238643109798431,-0.0687714591622352,0.9326281547546388,0.0548188276588916,0.5710649490356445,-0.0604098886251449,0.9581837058067322,-0.0159679055213928,0.5881034135818481,0.1725070178508758,0.9068055152893066,0.0643089264631271,0.6163676977157593,-0.0499117895960807,0.7793757915496826,-0.0039578573778271,0.6222339868545532,0.2036730349063873,0.7389488220214844,0.0599235333502292,0.6928437352180481,-0.1470640003681183,0.955683708190918,-0.0511632375419139,0.7267500758171082,0.1548922955989837,0.9125725030899048
0.1187609136104583,-0.3289501965045929,-0.5597215890884399,0.9998813271522522,0.1343224197626114,-0.3653113842010498,-0.5533397793769836,0.9997515082359314,0.1338186860084533,-0.3654010593891144,-0.5547724962234497,0.9997491836547852,0.134731650352478,-0.365249752998352,-0.5528160333633423,0.9997764229774476,0.0993186384439468,-0.3715591430664062,-0.5630475878715515,0.9997332096099854,0.1017647460103035,-0.3720487058162689,-0.5630401968955994,0.9997205138206482,0.1011847779154777,-0.3712144494056701,-0.5589652061462402,0.9997313022613524,0.1635600924491882,-0.3658429682254791,-0.4329938590526581,0.999367892742157,0.0191956032067537,-0.3849554061889648,-0.4618190228939056,0.9993169903755188,0.1192692294716835,-0.3082383275032043,-0.5183796286582947,0.9997737407684326,0.0779784768819809,-0.3121275305747986,-0.5273284912109375,0.9997382760047911,0.2216903567314148,-0.2464315891265869,-0.3144030570983886,0.9998984932899476,-0.1038106754422187,-0.2619421780109405,-0.340889424085617,0.99970144033432,0.3386628329753876,-0.0486252903938293,-0.2725239992141723,0.9814306497573853,-0.1450205296278,-0.0194116663187742,-0.3130302131175995,0.94901841878891,0.3888286054134369,0.1911723166704177,-0.3353017270565033,0.939607322216034,-0.1782585382461547,0.2171405106782913,-0.3664233386516571,0.9160535335540771,0.4124932885169983,0.2578999102115631,-0.3591331243515014,0.8913660645484924,-0.1985806077718734,0.280040442943573,-0.400734931230545,0.8766514658927917,0.3795884549617767,0.2666748464107513,-0.3934992551803589,0.8976571559906006,-0.1637079566717147,0.2857174873352051,-0.4286858141422272,0.8851348161697388,0.3727456927299499,0.209059402346611,-0.3524316251277923,0.8882067799568176,-0.1610327512025833,0.2372884154319763,-0.3786283433437347,0.8653627038002014,0.0965274274349212,0.0041212807409465,-0.0172246173024177,0.9998425245285034,-0.09725172072649,-0.0047412030398845,0.0181499049067497,0.9997517466545104,-0.01018803473562,0.204784944653511,-0.2418406009674072,0.9638359546661376,-0.1399180442094802,0.2282579839229583,-0.1881097108125686,0.9043146967887878,0.0214555617421865,0.5380309820175171,-0.1290760189294815,0.9413594007492064,-0.0178344305604696,0.5384955406188965,-0.0032263591419905,0.87794029712677,0.0208124537020921,0.5828041434288025,-0.1268899291753769,0.76545250415802,-0.0094244433566927,0.5775353312492371,0.0097662340849637,0.7203248739242554,0.0196534004062414,0.6086640357971191,-0.2578135728836059,0.9428176283836364,-0.0540747828781604,0.6326646208763123,-0.1011067032814025,0.8926354646682739
0.1275016069412231,-0.3158765137195587,-0.5835228562355042,0.9998880624771118,0.1406749337911605,-0.356539785861969,-0.5750434398651123,0.9997605681419371,0.1401067078113556,-0.3567117154598236,-0.5764499306678772,0.9997538328170776,0.1410944163799286,-0.3564670383930206,-0.5743186473846436,0.9997797608375548,0.1054934561252594,-0.3607334196567535,-0.5895075798034668,0.999746561050415,0.1079659610986709,-0.3611726462841034,-0.5895397067070007,0.9997314810752868,0.1074093505740165,-0.3603744208812713,-0.5856838822364807,0.9997426867485046,0.1634486615657806,-0.3654448390007019,-0.4506674706935882,0.999387800693512,0.0184975638985633,-0.3756909072399139,-0.4975605010986328,0.9993675351142884,0.1269605308771133,-0.2978768646717071,-0.5401965975761414,0.9997866749763488,0.0851240754127502,-0.298877090215683,-0.5536290407180786,0.9997557997703552,0.224197506904602,-0.2472326308488845,-0.3277130424976349,0.9998815059661864,-0.1050325408577919,-0.2457586526870727,-0.4001762568950653,0.9996967315673828,0.3426764011383056,-0.0581807568669319,-0.3212562203407287,0.9822672605514526,-0.1424702554941177,0.005712617188692,-0.4093157052993774,0.9528360366821288,0.3954619765281677,0.1710167825222015,-0.4180997312068939,0.9418416023254396,-0.1079820841550827,0.2536498308181762,-0.4702444970607757,0.9211284518241882,0.4167236685752868,0.2304012179374694,-0.4489071369171142,0.8931629061698914,-0.1162343546748161,0.3144017159938812,-0.5102375149726868,0.8824663758277893,0.3771125376224518,0.2368149012327194,-0.4811233282089233,0.8994796872138977,-0.065795250236988,0.3136221766471863,-0.5262764096260071,0.8904507756233215,0.377295434474945,0.1883853822946548,-0.4355607032775879,0.8906475305557251,-0.0818739607930183,0.2723989188671112,-0.4775289595127105,0.8712732195854187,0.0966468006372451,0.0041487012058496,-0.0024368991144001,0.9998499751091005,-0.0973988845944404,-0.0047737793065607,0.0033615976572036,0.999767243862152,0.0431499220430851,0.1867576390504837,-0.2655205130577087,0.9361880421638488,-0.1264661699533462,0.2240047603845596,-0.3022463619709015,0.8796705007553101,0.0123367644846439,0.4635467231273651,-0.1463237553834915,0.9003794193267822,-0.0511501356959342,0.4925915896892547,-0.1464437693357467,0.8399211764335632,0.0091077899560332,0.5029371380805969,-0.1410193294286728,0.7425386309623718,-0.049603946506977,0.5275065898895264,-0.1367122381925583,0.69645756483078,0.0319362170994281,0.5185659527778625,-0.2543506622314453,0.9155572652816772,-0.0637071728706359,0.5719602108001709,-0.2445527166128158,0.8665140271186829
0.1387730836868286,-0.3045162856578827,-0.5646147131919861,0.999880313873291,0.1526816934347152,-0.3454322516918182,-0.5553680062294006,0.9997299313545228,0.1520341634750366,-0.3456277251243591,-0.5568716526031494,0.999705970287323,0.1530351936817169,-0.3453651964664459,-0.5548945069313049,0.9997302293777466,0.1197713837027549,-0.3519159853458404,-0.5669465661048889,0.9997205138206482,0.1222503408789634,-0.3523792624473572,-0.5669771432876587,0.9996889233589172,0.1218068823218345,-0.3515885472297668,-0.5630521178245544,0.999702215194702,0.1733459234237671,-0.3600709438323974,-0.432167649269104,0.999289870262146,0.0378506742417812,-0.3795947432518005,-0.4733831286430359,0.9993535876274108,0.1379046589136123,-0.2884169220924377,-0.5217139720916748,0.9997860193252563,0.0986581742763519,-0.2925054728984833,-0.5322396755218506,0.9997630715370178,0.2307813018560409,-0.2466882169246673,-0.3188178539276123,0.9998801946640016,-0.0964060649275779,-0.2645920813083648,-0.3704873621463775,0.9997032284736632,0.3620975017547607,-0.0651495829224586,-0.291441261768341,0.9828342795372008,-0.1435402184724807,-0.0210763867944479,-0.3559348285198211,0.9551284313201904,0.4214846789836883,0.1584935188293457,-0.3772744834423065,0.942045509815216,-0.1200165003538131,0.1915802955627441,-0.4459273517131805,0.9177476167678832,0.4425099194049835,0.2166104465723037,-0.4049346446990967,0.8910275101661682,-0.1260345876216888,0.2405936866998672,-0.4481239914894104,0.8745661973953247,0.4056042730808258,0.2207657247781753,-0.4394441246986389,0.8972226977348328,-0.0841686874628067,0.2280409187078476,-0.4471179544925689,0.882361650466919,0.4052868187427521,0.1742414534091949,-0.3945585787296295,0.8884081840515137,-0.0968473181128501,0.2026518583297729,-0.4307745993137359,0.8617520928382874,0.0967615991830825,0.0052800704725086,0.0064043281599879,0.9998592734336852,-0.0975269451737403,-0.0059288404881954,-0.0055146524682641,0.9997838735580444,0.0640151351690292,0.1985098421573639,-0.2461747825145721,0.9038811326026917,-0.1011975184082984,0.2021242082118988,-0.3334052562713623,0.8631724715232849,0.0188503209501504,0.4061527252197265,-0.1277828961610794,0.8589760661125183,-0.0474141500890255,0.4470126330852508,-0.2276448011398315,0.815654456615448,0.0169537384063005,0.4384406805038452,-0.1235998347401619,0.72737056016922,-0.0450667776167392,0.4791407883167267,-0.224207118153572,0.6880794763565063,0.0386339612305164,0.4483569264411926,-0.2248592376708984,0.8923419713973999,-0.0570875257253646,0.5085731744766235,-0.3343085646629333,0.8561685681343079
0.1328074634075164,-0.2274700999259948,-0.5930339097976685,0.9998897910118104,0.1473210155963897,-0.2655078768730163,-0.5900419354438782,0.9997488856315612,0.1467111259698867,-0.26569664478302,-0.5914798974990845,0.9997245669364928,0.1476678699254989,-0.2653271555900574,-0.5894424319267273,0.9997469782829284,0.1137755140662193,-0.2739957869052887,-0.6029642224311829,0.9997406005859376,0.1162346228957176,-0.2742687165737152,-0.6028938889503479,0.9997085928916932,0.1157563328742981,-0.2735225558280945,-0.5989629626274109,0.9997205138206482,0.1707369685173034,-0.2885622084140777,-0.4752132296562195,0.9993407130241394,0.0332101322710514,-0.3153385818004608,-0.5156656503677368,0.9994065165519714,0.1329433321952819,-0.2162015289068222,-0.5516496896743774,0.999804675579071,0.0931047350168228,-0.2225198894739151,-0.5631962418556213,0.999783992767334,0.2282824665307998,-0.2001421302556991,-0.3629080951213836,0.9998824000358582,-0.0970079526305198,-0.2289319187402725,-0.4114245176315307,0.9997039437294006,0.3635625839233398,-0.0230217222124338,-0.3603785634040832,0.983921468257904,-0.160889446735382,-0.0391500890254974,-0.4005179107189178,0.9570711255073548,0.4211553931236267,0.1730663180351257,-0.4595875442028045,0.945706069469452,-0.1321869641542434,0.1547134220600128,-0.4389573633670807,0.9178059697151184,0.440959095954895,0.2209059447050094,-0.4926860928535461,0.8964764475822449,-0.1405899971723556,0.1938138008117675,-0.4607515931129455,0.8720044493675232,0.404315173625946,0.2224804759025573,-0.5172196626663208,0.9023355841636658,-0.1011048555374145,0.1859559267759323,-0.4750711917877197,0.8798066973686218,0.4050975739955902,0.1843259036540985,-0.4735905528068542,0.8938530683517456,-0.1107230931520462,0.16417096555233,-0.4415438175201416,0.859746515750885,0.0969253331422805,0.0057915737852454,0.0076451818458735,0.9998704791069032,-0.097672127187252,-0.0064699030481278,-0.0067597632296383,0.9998021721839904,0.0864096730947494,0.1988378018140792,-0.2128417193889618,0.887799084186554,-0.0991794317960739,0.2038479298353195,-0.2507602572441101,0.8570522665977478,0.0219616703689098,0.3680709302425384,0.0695303902029991,0.8285523056983948,-0.0626174733042717,0.3867719173431396,-0.148621916770935,0.7929991483688354,0.0195596367120742,0.4000143408775329,0.0898746028542518,0.7045786380767822,-0.0630753263831138,0.4155233204364776,-0.07428939640522,0.6714749336242676,0.0575461275875568,0.4529033601284027,0.0096074994653463,0.8648725748062134,-0.0825534686446189,0.4868619441986084,-0.0871239975094795,0.8346989750862122
0.1317302733659744,-0.1947901844978332,-0.5756619572639465,0.9998987913131714,0.1443641632795334,-0.2300543785095214,-0.5726848840713501,0.9997673630714417,0.1437925547361374,-0.2302798777818679,-0.5740551948547363,0.99974125623703,0.1447173953056335,-0.2299041301012039,-0.5719954967498779,0.9997629523277284,0.1102620363235473,-0.2386901974678039,-0.5850504040718079,0.9997605681419371,0.1127094775438308,-0.2390261739492416,-0.5849325060844421,0.9997281432151794,0.1122072786092758,-0.2382072657346725,-0.5810321569442749,0.9997400641441344,0.1691635400056839,-0.2603422701358795,-0.46145099401474,0.9993858933448792,0.0316740497946739,-0.2886842787265777,-0.4998041093349457,0.9994577169418336,0.13058502972126,-0.1885878592729568,-0.5349746346473694,0.9998216032981871,0.0919904485344886,-0.1953134387731552,-0.5459064245223999,0.9998036026954652,0.2272904962301254,-0.1890252381563186,-0.3407323956489563,0.9998912811279296,-0.0976425930857658,-0.2292426377534866,-0.3917999565601349,0.999728500843048,0.3580377995967865,-0.0046237655915319,-0.3423726260662079,0.9846132397651672,-0.1912897527217865,-0.0477622188627719,-0.3837171792984009,0.960384964942932,0.4113704562187195,0.1757433712482452,-0.4141065180301666,0.9480850100517272,-0.1469925791025161,0.153272733092308,-0.3449589610099792,0.9217599034309388,0.4300243258476257,0.2197048515081405,-0.4369575083255768,0.899453341960907,-0.1510198712348938,0.1948233991861343,-0.3602740466594696,0.8760048151016235,0.3968696296215057,0.2194949835538864,-0.4520792365074157,0.9052292704582214,-0.1071464791893959,0.1888535320758819,-0.3731275796890259,0.8833474516868591,0.3964175283908844,0.1850545406341552,-0.418799340724945,0.8971255421638489,-0.1202490553259849,0.1631472557783126,-0.3444391787052154,0.8639655709266663,0.0967603549361229,0.0063972901552915,0.012366184964776,0.9998828768730164,-0.0975045785307884,-0.0070233582518994,-0.0114110596477985,0.9998210072517396,0.1284340471029281,0.1565586030483245,-0.2103376239538192,0.8771511912345886,-0.0972398146986961,0.1465781480073928,-0.2563189566135406,0.8451704978942871,0.0277490895241498,0.3278169333934784,-0.0415690951049327,0.8182278275489807,-0.0574585385620594,0.3134326934814453,-0.0862298905849456,0.7631849050521851,0.0241880249232053,0.3562693297863006,-0.03243950009346,0.7053439021110535,-0.0563769079744815,0.3382338881492615,-0.0631495416164398,0.6562217473983765,0.0597415976226329,0.3845158815383911,-0.1130041107535362,0.8587915301322937,-0.0781357362866401,0.3957240283489227,-0.1273895055055618,0.8178464770317078
0.1275238245725631,-0.2087574303150177,-0.5445989966392517,0.9999085664749146,0.143532320857048,-0.2422860264778137,-0.5499487519264221,0.9997891783714294,0.1428115367889404,-0.2424986511468887,-0.5510758757591248,0.9997646808624268,0.1437735259532928,-0.2421493083238601,-0.5489353537559509,0.999784290790558,0.1086124181747436,-0.2509208619594574,-0.56085604429245,0.9997828602790833,0.1110382974147796,-0.2513154745101928,-0.5605053305625916,0.9997525215148926,0.1104740351438522,-0.2504103481769562,-0.5567777156829834,0.9997634291648864,0.1683312058448791,-0.270451933145523,-0.4576479792594909,0.9994418621063232,0.0323783606290817,-0.299464076757431,-0.4924118816852569,0.99950909614563,0.1259285062551498,-0.2022663950920105,-0.5089605450630188,0.9998390078544616,0.090437464416027,-0.2091409862041473,-0.5167902708053589,0.9998229742050172,0.2268133014440536,-0.198446899652481,-0.3185008764266968,0.9999016523361206,-0.0985998213291168,-0.2469227910041809,-0.3662202060222626,0.9997546076774596,0.3587673008441925,-0.0088950768113136,-0.2904609143733978,0.9857906103134156,-0.2540273368358612,-0.1136198341846466,-0.2935204803943634,0.9637230634689332,0.4024645090103149,0.1689625084400177,-0.3603899478912353,0.9517856240272522,-0.1835314780473709,0.051014419645071,-0.2699736356735229,0.9265098571777344,0.4193822145462036,0.2072049677371978,-0.3866501450538635,0.905098021030426,-0.1716228276491165,0.0948507711291313,-0.2849937081336975,0.8807811737060547,0.3876394033432007,0.1984281241893768,-0.3982840180397033,0.910456657409668,-0.1115109696984291,0.0828967317938804,-0.2958998084068298,0.8874462842941284,0.3873707354068756,0.1830756366252899,-0.3633329570293426,0.9022408723831176,-0.1516647487878799,0.0583851970732212,-0.2688446342945099,0.8682629466056824,0.0964948460459709,0.0097140055149793,0.0119113195687532,0.9998928904533386,-0.0972005203366279,-0.0102500794455409,-0.0109803611412644,0.9998371005058287,0.1734146624803543,0.1134418845176696,-0.2069512754678726,0.8770391345024109,-0.1144574582576751,-0.0219378564506769,-0.3019818067550659,0.8536842465400696,0.0642872899770736,0.3087459802627563,-0.1068319082260131,0.8245183229446411,-0.0579870976507663,0.2775207161903381,-0.2321385443210601,0.7780324220657349,0.0559871867299079,0.3380388617515564,-0.1063722223043441,0.7217544913291931,-0.0544774644076824,0.3131493031978607,-0.2317314594984054,0.679557204246521,0.1162005811929702,0.3580657243728637,-0.2150913774967193,0.8647378087043762,-0.0862702429294586,0.3534323573112488,-0.3476969599723816,0.8308004140853882
0.1265555918216705,-0.1649661213159561,-0.5338081121444702,0.999917447566986,0.1418862491846084,-0.1941787451505661,-0.5423654317855835,0.9998094439506532,0.1411654949188232,-0.1944292485713958,-0.5434441566467285,0.9997870922088624,0.1421138495206833,-0.1940482854843139,-0.5412967801094055,0.9998047351837158,0.1078517735004425,-0.2053181082010269,-0.5525482296943665,0.9998037219047546,0.1103050410747528,-0.2056507319211959,-0.5521083474159241,0.999776005744934,0.1098095253109932,-0.2047623693943023,-0.5483736991882324,0.999785840511322,0.1762606650590896,-0.2306451946496963,-0.4488778710365295,0.9994955062866212,0.0449414253234863,-0.270815372467041,-0.4860865175724029,0.999556839466095,0.1244252175092697,-0.164067268371582,-0.4998966455459595,0.9998548030853271,0.0878801941871643,-0.1743483543395996,-0.5073014497756958,0.9998404383659364,0.2294624149799347,-0.1769552230834961,-0.317354142665863,0.9999103546142578,-0.0961752384901046,-0.2514799535274505,-0.3646662533283233,0.9997767806053162,0.3725636601448059,0.0211470387876033,-0.2850720286369324,0.9868116974830629,-0.2482450753450393,-0.1508163213729858,-0.2943194508552551,0.9662333726882936,0.4504375755786896,0.1814692467451095,-0.3589390218257904,0.9550091624259948,-0.1822219789028167,-0.0396712496876716,-0.2818620204925537,0.9287451505661012,0.477950245141983,0.2166926711797714,-0.3814651370048523,0.9100985527038574,-0.1716032326221466,-0.0082205561921,-0.3053559362888336,0.8810073733329773,0.4577418565750122,0.2080980688333511,-0.3951466977596283,0.915278136730194,-0.116264596581459,-0.0213946178555488,-0.3229617178440094,0.8873665928840637,0.442779541015625,0.1881195604801178,-0.3612116575241089,0.9070462584495544,-0.1516277492046356,-0.0355284251272678,-0.2874904572963714,0.8680701851844788,0.096351571381092,0.0148926600813865,0.008907375857234,0.9999022483825684,-0.0970329195261001,-0.0153477564454078,-0.0080040600150823,0.9998524785041808,0.1518414318561554,0.1344909220933914,-0.219083085656166,0.8731024861335754,-0.1533234864473343,0.0026049085427075,-0.2884327173233032,0.8615004420280457,0.0128960162401199,0.2462251633405685,-0.0564097873866558,0.8120830655097961,-0.0568032786250114,0.2520607113838196,-0.1422733068466186,0.7866739630699158,0.0037649213336408,0.2677259147167206,-0.0404765792191028,0.7167713642120361,-0.0465447939932346,0.2842303812503814,-0.1326436549425125,0.6942053437232971,0.027875592932105,0.3333422541618347,-0.1085720360279083,0.8540719747543335,-0.0832864120602607,0.3555050790309906,-0.223345085978508,0.8372370600700378
0.1374578326940536,-0.0894586443901062,-0.5185623168945312,0.9999226331710817,0.1588888615369796,-0.1146051660180091,-0.5247310400009155,0.9998218417167664,0.1581782400608062,-0.1148312762379646,-0.5258641242980957,0.9997985363006592,0.1591244488954544,-0.1143834739923477,-0.5236905813217163,0.9998148083686828,0.1277607381343841,-0.1281370371580124,-0.5394088625907898,0.9998173117637634,0.1302801519632339,-0.1283457726240158,-0.5390580296516418,0.9997897148132324,0.1299276798963546,-0.1274598836898803,-0.5352482795715332,0.9997984766960144,0.1808049380779266,-0.1342301368713379,-0.4307029545307159,0.9995283484458924,0.0565784871578216,-0.1848888248205185,-0.4810775518417358,0.9995948672294616,0.1296431869268417,-0.0830377489328384,-0.4823192059993744,0.9998641610145568,0.0943658798933029,-0.0961431711912155,-0.4961739182472229,0.9998527765274048,0.2283902168273925,-0.0999199599027633,-0.3007777631282806,0.999910056591034,-0.0962947309017181,-0.2005822211503982,-0.3580641150474548,0.9997868537902832,0.3727216422557831,0.0827714502811431,-0.2561133801937103,0.9864373207092284,-0.2506210207939148,-0.1361040472984314,-0.264568954706192,0.968229115009308,0.4433982074260711,0.232066199183464,-0.2960206270217895,0.9544671773910522,-0.174508199095726,0.0129749746993184,-0.1970122456550598,0.9283332824707032,0.4644752442836761,0.2591556906700134,-0.3104585707187652,0.9076622128486632,-0.1595036536455154,0.0499265976250171,-0.1981153935194015,0.8755665421485901,0.4415329396724701,0.2465830445289611,-0.3294045329093933,0.9130826592445374,-0.1033245846629142,0.0411333218216896,-0.2088986486196518,0.8815661668777466,0.4334031343460083,0.2322797328233719,-0.3016136586666107,0.9033542275428772,-0.1418758332729339,0.0206623189151287,-0.1942053288221359,0.8606472015380859,0.0963629707694053,0.0170412492007017,0.0084373243153095,0.9999117255210876,-0.097042478621006,-0.017512584105134,-0.0075429189018905,0.9998669624328612,0.1427506506443023,0.0769199803471565,-0.245218738913536,0.8667157292366028,-0.1479036211967468,-0.0108473077416419,-0.3025306165218353,0.8599207997322083,-0.0085911303758621,0.2527491748332977,-0.0978275910019874,0.8086181282997131,-0.0557207576930522,0.2542411088943481,-0.1294331103563308,0.7793118357658386,-0.022650621831417,0.2822400331497192,-0.0882907658815383,0.718156099319458,-0.0460968799889087,0.2892113029956817,-0.1168270260095596,0.6947020292282104,0.0017088844906538,0.3346430957317352,-0.1855436414480209,0.8519445657730103,-0.0818789154291153,0.3622694611549377,-0.2071873396635055,0.8343794345855713
0.1417387425899505,-0.0463537536561489,-0.5314801931381226,0.9999275207519532,0.1634555011987686,-0.0742498487234115,-0.5359323620796204,0.999833047389984,0.1628090292215347,-0.0744077041745185,-0.5372067093849182,0.9998087286949158,0.1638342589139938,-0.0738604217767715,-0.5350051522254944,0.9998233914375304,0.1341522336006164,-0.0835236012935638,-0.5535647869110107,0.9998316764831544,0.1366492509841919,-0.0835427939891815,-0.5533521175384521,0.9998056888580322,0.1362374126911163,-0.0827382951974868,-0.5494304895401001,0.9998137950897216,0.1791959851980209,-0.1056655645370483,-0.4415099322795868,0.999559998512268,0.057868804782629,-0.1348683983087539,-0.5049711465835571,0.999632716178894,0.1310978531837463,-0.0443143658339977,-0.4950001537799835,0.9998738765716552,0.0967427045106887,-0.0513356737792491,-0.5146578550338745,0.9998659491539,0.2244994789361953,-0.0923893600702285,-0.3172482550144195,0.9999153017997742,-0.0893454551696777,-0.131033182144165,-0.4003795981407165,0.999806821346283,0.3198550939559936,0.0701728463172912,-0.2859313488006592,0.9855616092681884,-0.2030912339687347,0.0409077517688274,-0.3917693197727203,0.9707705974578856,0.3935381472110748,0.2320544272661209,-0.3121640086174011,0.9551756381988524,-0.0836481526494026,0.3212230801582336,-0.4066232442855835,0.9341937303543092,0.4143427610397339,0.2547808885574341,-0.3322387933731079,0.9086210131645204,-0.0752544105052948,0.3809131681919098,-0.4431920647621155,0.8846831321716309,0.3956432044506073,0.251528650522232,-0.3552402853965759,0.9143621921539308,0.0008856592467054,0.3829148113727569,-0.4364774227142334,0.890125036239624,0.3867608308792114,0.2372060716152191,-0.3190148770809173,0.9037038087844848,-0.0439119264483451,0.3406715095043182,-0.401265949010849,0.8694838881492615,0.0950771197676658,0.0168997216969728,0.0117816133424639,0.9999204874038696,-0.0957788527011871,-0.0173961780965328,-0.0108308317139744,0.9998801946640016,0.1319689452648162,0.1163125112652778,-0.1175633296370506,0.8311747312545776,-0.139810249209404,0.0523197129368782,-0.2909430861473083,0.8443520069122314,-0.0330030918121337,0.2453745007514953,0.1088579446077346,0.7624559998512268,-0.085289180278778,0.2357627600431442,-0.0341426618397235,0.745866060256958,-0.0497712604701519,0.266813576221466,0.1269140988588333,0.682579755783081,-0.0830008760094642,0.2593588232994079,-0.0126419374719262,0.6724393367767334,-0.0390172451734542,0.296486884355545,0.053445391356945,0.8138942718505859,-0.1162358671426773,0.3115049004554748,-0.0781206041574478,0.811554491519928
0.138898953795433,-0.0226540565490722,-0.536511242389679,0.9999332427978516,0.1600759923458099,-0.0500334948301315,-0.5396562814712524,0.9998462796211244,0.1594339907169342,-0.0503117069602012,-0.540935218334198,0.9998227953910828,0.160440057516098,-0.0497468002140522,-0.5387794971466064,0.9998365044593812,0.129786804318428,-0.0583856254816055,-0.5570917129516602,0.99984610080719,0.132274329662323,-0.0583196058869361,-0.5569180250167847,0.9998217821121216,0.1318527460098266,-0.0575690008699893,-0.5529896020889282,0.999829113483429,0.1793842017650604,-0.0949371233582496,-0.4429181814193725,0.9995971322059632,0.054576575756073,-0.1206275597214698,-0.5034666061401367,0.9996675252914428,0.1302937567234039,-0.0273622274398803,-0.4995600283145904,0.9998851418495178,0.095866784453392,-0.0336163975298404,-0.5191747546195984,0.9998786449432372,0.2264187037944793,-0.0879260525107383,-0.3265057802200317,0.9999209642410278,-0.0900401920080185,-0.1198396459221839,-0.4031844735145569,0.9998232126235962,0.3228310346603393,0.0940650850534439,-0.3024603426456451,0.9854727387428284,-0.1877127438783645,0.0823751464486122,-0.4158519208431244,0.972862422466278,0.4343020617961883,0.282601922750473,-0.3407213985919952,0.9573266506195068,-0.051461387425661,0.3434907495975494,-0.4574482440948486,0.939479410648346,0.4726678729057312,0.303911954164505,-0.3608297705650329,0.9128448963165284,-0.0410964004695415,0.3965774178504944,-0.4966452419757843,0.8930303454399109,0.4539878964424133,0.3107823431491852,-0.3949349820613861,0.9186193346977234,0.0358359552919864,0.394373208284378,-0.4887316823005676,0.8979461789131165,0.4308170974254608,0.292056679725647,-0.3533403575420379,0.9080423712730408,-0.0105893649160861,0.3598277866840362,-0.4529273509979248,0.8777501583099365,0.0959923192858696,0.0171690415591001,0.0116227557882666,0.9999282360076904,-0.0966414287686348,-0.0176852252334356,-0.0107022179290652,0.9998920559883118,0.1368566751480102,0.1194233149290084,-0.1347591280937194,0.803398847579956,-0.1414881944656372,0.0272633917629718,-0.2809791564941406,0.8418770432472229,-0.0356863215565681,0.1921614855527877,0.1130669116973877,0.7131476998329163,-0.1084231883287429,0.2098885178565979,-0.0315285734832286,0.718553364276886,-0.0549772344529628,0.2105398625135421,0.1348767429590225,0.6413516998291016,-0.1084249913692474,0.235403373837471,-0.0087449150159955,0.651039719581604,-0.0554453395307064,0.254746675491333,0.0712532773613929,0.7684804797172546,-0.1575197279453277,0.3016382753849029,-0.0667111426591873,0.7887662649154663
0.128244012594223,0.0174032058566808,-0.536810040473938,0.999932587146759,0.1574911773204803,-0.0054787253029644,-0.5406011343002319,0.9998509287834167,0.1568547636270523,-0.0058537786826491,-0.5418761372566223,0.9998239874839784,0.1578698456287384,-0.0052645085379481,-0.5397362112998962,0.9998393654823304,0.1287876218557357,-0.0142509397119283,-0.5568848848342896,0.9998533129692078,0.1312733292579651,-0.0141378156840801,-0.5567080974578857,0.9998277425765992,0.1308646649122238,-0.0134008098393678,-0.5527752041816711,0.999836266040802,0.1792438924312591,-0.058931615203619,-0.4519116878509521,0.9996148347854614,0.0564940646290779,-0.0862645730376243,-0.5056478977203369,0.999693751335144,0.1219997331500053,0.0061371703632175,-0.501572847366333,0.9998909831047058,0.0889185070991516,-0.0007650018669664,-0.5197420120239258,0.999887466430664,0.2264372408390045,-0.0749960765242576,-0.3500030934810638,0.9999234080314636,-0.0910964831709861,-0.1107646897435188,-0.4040184319019317,0.9998360276222228,0.3175446093082428,0.1117758974432945,-0.3297980725765228,0.9826139807701112,-0.1851035505533218,0.07734265178442,-0.4122008383274078,0.973559021949768,0.4274516701698303,0.2961467504501343,-0.3759914338588714,0.9560561180114746,-0.0491584166884422,0.3117217123508453,-0.4610607624053955,0.9432893991470336,0.4644965529441833,0.313576728105545,-0.3961146473884582,0.9117922782897948,-0.0360656790435314,0.3564031720161438,-0.5000964403152466,0.8985096216201782,0.4459700286388397,0.3205321133136749,-0.4339285492897033,0.918199062347412,0.0399786606431007,0.3503776490688324,-0.4915984570980072,0.9028362035751344,0.4227583110332489,0.3048693835735321,-0.3903610706329345,0.9068624377250672,-0.0083555607125163,0.3253211379051208,-0.457364559173584,0.8817373514175415,0.0980229005217552,0.0172992218285799,0.0113004492595791,0.9999348521232604,-0.0986522436141967,-0.0177977681159973,-0.0103928400203585,0.9999024868011476,0.1610940247774124,0.115638680756092,-0.1480465680360794,0.776185154914856,-0.2346068024635315,-0.0044879019260406,-0.2769776582717895,0.8379759192466736,-0.0327686816453933,0.1442798525094986,0.0694016143679618,0.6671576499938965,-0.0969112440943718,0.1934250742197036,-0.0283440016210079,0.6900778412818909,-0.0546647869050502,0.1556712687015533,0.0854310244321823,0.60285884141922,-0.103617750108242,0.2184515297412872,-0.0072149066254496,0.6312790513038635,-0.0591095946729183,0.1964574605226516,0.007604541722685,0.724318265914917,-0.144959807395935,0.273106962442398,-0.0662852823734283,0.7610039114952087
0.0819922387599945,0.0425220616161823,-0.5311064124107361,0.999923586845398,0.1023962274193763,0.0197302009910345,-0.5402570366859436,0.9998379349708556,0.1017989143729209,0.0194371007382869,-0.5415152907371521,0.9998031854629515,0.1028147563338279,0.0200646966695785,-0.539385199546814,0.9998210668563844,0.0772881805896759,0.0160284060984849,-0.5562655329704285,0.999843418598175,0.0795558467507362,0.0162697397172451,-0.5560905933380127,0.9998108744621276,0.0790021121501922,0.016951497644186,-0.5521141290664673,0.9998210668563844,0.132538840174675,-0.0383008569478988,-0.4675543308258056,0.9996098279953004,0.0278124082833528,-0.0451709553599357,-0.5091948509216309,0.9997058510780334,0.0823519080877304,0.0282680410891771,-0.500632107257843,0.9998873472213744,0.0528521463274955,0.0276937950402498,-0.5169083476066589,0.999887228012085,0.1976215541362762,-0.0833205953240394,-0.3650055229663849,0.9999271035194396,-0.0909468606114387,-0.0779148638248443,-0.4172632098197937,0.9998481273651124,0.2484225779771804,0.0861910134553909,-0.3684506714344024,0.9738504886627196,-0.1376099437475204,0.115461379289627,-0.4379911720752716,0.9716681241989136,0.306347131729126,0.2672368586063385,-0.4466167688369751,0.951119065284729,-0.0294028967618942,0.3601765632629394,-0.5069881081581116,0.9448080062866212,0.3367301821708679,0.2928436994552612,-0.4876652956008911,0.9055830240249634,-0.0228298511356115,0.4090785682201385,-0.5636215209960938,0.9006861448287964,0.3126760423183441,0.296832263469696,-0.5176225304603577,0.9134258031845092,0.0486397556960582,0.4105819761753082,-0.5610625147819519,0.9048284888267516,0.2988793551921844,0.2761321067810058,-0.4610243439674377,0.8996480107307434,0.0064280978403985,0.3775058686733246,-0.5086121559143066,0.8814999461174011,0.0971410498023033,0.0144558567553758,0.0112151000648736,0.9999410510063172,-0.0977016240358352,-0.0150432223454117,-0.0103351417928934,0.9999119639396667,0.2647357583045959,0.0795319899916648,-0.1149964705109596,0.7624151110649109,-0.2173386067152023,-0.0049099554307758,-0.1714455336332321,0.8303466439247131,0.1509168744087219,0.2193860709667205,0.0964990854263305,0.6536169052124023,-0.1696680188179016,0.146670401096344,0.0845567360520362,0.6744964122772217,0.1392468363046646,0.2375568896532058,0.1132098957896232,0.5853321552276611,-0.1700925678014755,0.1684719324111938,0.1080105230212211,0.6219672560691833,0.1676664352416992,0.2266506552696228,0.0465784929692745,0.7073004245758057,-0.2125609964132309,0.222597137093544,0.0658039227128028,0.7436882853507996
0.064195416867733,0.0047858082689344,-0.6116586327552795,0.9999209046363832,0.0884590446949005,-0.0226502604782581,-0.6230762600898743,0.9998456239700316,0.0879292786121368,-0.0228991229087114,-0.6245254278182983,0.99981290102005,0.0888670161366462,-0.0222823023796081,-0.6225598454475403,0.9998306632041932,0.0566896311938762,-0.0288250129669904,-0.6340079307556152,0.999851644039154,0.0589176230132579,-0.0285139568150043,-0.6339541077613831,0.9998215436935424,0.0582516901195049,-0.0279016755521297,-0.6297699809074402,0.9998312592506408,0.13674096763134,-0.0772436931729316,-0.5375519394874573,0.9996371865272522,0.0098968176171183,-0.0951807647943496,-0.5676569938659668,0.9997294545173644,0.0734810754656791,-0.0051268660463392,-0.5752422213554382,0.9998896718025208,0.0363056100904941,-0.0091507555916905,-0.5853171944618225,0.9998912811279296,0.2209128737449646,-0.1028391495347023,-0.4145815670490265,0.9999321103096008,-0.0995245352387428,-0.1156244426965713,-0.4491793811321258,0.999859631061554,0.3012702465057373,0.0758823603391647,-0.3958191275596618,0.9726487398147584,-0.1490074247121811,0.0813284516334533,-0.4533756375312805,0.96810644865036,0.3285270929336548,0.2543911039829254,-0.448242038488388,0.952135682106018,-0.010486913844943,0.3208885192871094,-0.5244203209877014,0.9473784565925598,0.3818264901638031,0.2838381826877594,-0.4825190305709839,0.906146228313446,0.0117983184754848,0.3608341813087463,-0.5822701454162598,0.9044499397277832,0.3547105491161346,0.2953148186206817,-0.5164772272109985,0.9149726629257202,0.0931943282485008,0.3538340926170349,-0.5727988481521606,0.9086129665374756,0.3272148072719574,0.2632045745849609,-0.4634544551372528,0.901279866695404,0.0326878204941749,0.3336693048477173,-0.5242772698402405,0.8831567764282227,0.102142184972763,0.0188341457396745,0.0087046204134821,0.9999441504478456,-0.1026651188731193,-0.0193605851382017,-0.0078559322282671,0.999918818473816,0.1706605106592178,0.0959044098854065,-0.0007942811935208,0.7338016629219055,-0.3012060523033142,0.0004109685251023,-0.0054193818941712,0.8265017867088318,-0.0249606240540742,0.1620928943157196,0.2579631805419922,0.6080753207206726,-0.1752025038003921,0.1504596471786499,0.2213390320539474,0.6441246271133423,-0.0458276569843292,0.171856939792633,0.2829731106758117,0.546838104724884,-0.1628376245498657,0.1712232828140258,0.2434121072292328,0.5970366597175598,-0.0517978221178054,0.2165862172842025,0.2250599712133407,0.6701560616493225,-0.191967025399208,0.2274200171232223,0.1901342272758484,0.7197254300117493
0.0711371302604675,0.0108691211789846,-0.6054716110229492,0.9999245405197144,0.0929643511772155,-0.0162893254309892,-0.6135945916175842,0.9998545050621032,0.0923699960112571,-0.0166168957948684,-0.6150125861167908,0.9998227953910828,0.093323141336441,-0.0160160306841135,-0.6129116415977478,0.9998401403427124,0.0609992332756519,-0.0246715564280748,-0.6247649788856506,0.999859631061554,0.0632888004183769,-0.0244606900960207,-0.6245853900909424,0.9998290538787842,0.0627528950572013,-0.0237072519958019,-0.6205194592475891,0.9998382925987244,0.134789302945137,-0.0602203570306301,-0.5218234658241272,0.9996576905250548,0.0057363784871995,-0.0857945680618286,-0.5561559796333313,0.9997473359107972,0.0771908909082412,0.0065161734819412,-0.5680826306343079,0.9998967051506042,0.0396409258246421,0.0003257973876316,-0.5788034200668335,0.9998990297317504,0.2151531130075454,-0.0657566785812377,-0.4026407301425934,0.999937891960144,-0.1026004627346992,-0.0990721583366394,-0.4391536712646484,0.9998711943626404,0.2411419600248336,0.1315890103578567,-0.4047395586967468,0.9730267524719238,-0.1530996710062027,0.1039686575531959,-0.4423003196716308,0.9685837626457214,0.2576059997081756,0.2939205765724182,-0.4892084300518036,0.954724371433258,-0.0320328213274478,0.3277398347854614,-0.5058528780937195,0.9500463008880616,0.2847731709480285,0.3146496415138244,-0.5302374958992004,0.9112701416015624,-0.0146483350545167,0.365941047668457,-0.5557987689971924,0.9086742401123048,0.2598954439163208,0.312828779220581,-0.5560842156410217,0.919691264629364,0.0611637793481349,0.3572593927383423,-0.5522720217704773,0.9125747084617616,0.2490455061197281,0.2976581752300262,-0.5020642876625061,0.9059538245201112,0.0080496771261096,0.3384086787700653,-0.5062065124511719,0.8872494101524353,0.1021271273493766,0.0191878899931907,0.0084811011329293,0.99994957447052,-0.1026377379894256,-0.0197120066732168,-0.0076479678973555,0.999926745891571,0.2322401851415634,0.1068658605217933,-0.0798670649528503,0.7331600785255432,-0.2549193799495697,-0.0545264184474945,-0.1809815168380737,0.825401246547699,0.132166251540184,0.2046884000301361,0.1272687762975692,0.5992657542228699,-0.165893942117691,0.1145314574241638,0.0278264731168746,0.6366310119628906,0.1235119625926017,0.219961866736412,0.1464303880929947,0.5350406169891357,-0.1569444090127945,0.1386792808771133,0.0469081290066242,0.5917063355445862,0.1582005769014358,0.2687836587429046,0.0921785980463028,0.6612021923065186,-0.1902841627597808,0.1796727627515792,-0.0076330010779201,0.7128125429153442
0.0690632313489914,0.0460347272455692,-0.5943964123725891,0.9999259114265442,0.0905999317765235,0.0201654154807329,-0.6021357774734497,0.9998574256896972,0.0899599641561508,0.019756942987442,-0.6034978628158569,0.9998254776000975,0.0909238308668136,0.0203905068337917,-0.6014131903648376,0.9998440742492676,0.0592015869915485,0.011226731352508,-0.6139460802078247,0.9998601675033568,0.061489813029766,0.0113845393061637,-0.6137115359306335,0.9998246431350708,0.0609630905091762,0.0120755778625607,-0.6096915602684021,0.9998343586921692,0.1335590332746505,-0.0330947935581207,-0.5137802362442017,0.999667465686798,0.0056213000789284,-0.0608298555016517,-0.550860583782196,0.9997543692588806,0.0751727446913719,0.0363051891326904,-0.557992696762085,0.999902367591858,0.0381235629320144,0.0298074185848236,-0.5695424675941467,0.9999041557312012,0.2002910524606704,-0.0422335974872112,-0.3975968956947326,0.9999420046806335,-0.0985449478030204,-0.0861509814858436,-0.4506543278694153,0.999879002571106,0.1854293793439865,0.1565725803375244,-0.3913357257843017,0.9709873795509338,-0.1240237280726432,0.1017646864056587,-0.4389928579330444,0.9694451689720154,0.1789849549531936,0.3383989930152893,-0.4715151786804199,0.9540148973464966,0.0209285859018564,0.335743635892868,-0.4841418266296386,0.9517897963523864,0.1941860467195511,0.3684753775596618,-0.5125397443771362,0.911322295665741,0.0409740805625915,0.3804334998130798,-0.5332935452461243,0.9114100337028505,0.1666944473981857,0.3630935251712799,-0.5385808348655701,0.9199343919754028,0.1181421130895614,0.3760983943939209,-0.5301923751831055,0.9151149392127992,0.1675856709480285,0.3426492810249328,-0.4843596518039703,0.9059907793998718,0.061432521790266,0.3485985398292541,-0.484107106924057,0.8900606036186218,0.0995606109499931,0.0190975293517112,0.0086269592866301,0.9999544024467468,-0.0999669209122657,-0.0196245573461055,-0.0077955974265933,0.999933898448944,0.2285807281732559,0.0826589539647102,-0.1214886158704757,0.7100875973701477,-0.226713553071022,-0.0204905122518539,-0.1979089230298996,0.8152287602424622,0.1930733770132064,0.2147528231143951,0.1073241829872131,0.5755287408828735,-0.1582277715206146,0.141480267047882,0.0276613868772983,0.6102685928344727,0.1924839168787002,0.2383442521095276,0.130796194076538,0.5140281915664673,-0.1523468494415283,0.1652616560459137,0.0480534955859184,0.5715208053588867,0.2408355772495269,0.284546285867691,0.0688104256987571,0.6368118524551392,-0.1762369573116302,0.2150946110486984,-0.0002650833921507,0.6870545148849487
0.0359139181673526,0.0376730635762214,-0.6064935326576233,0.9999284744262696,0.055754255503416,0.0094614587724208,-0.6196840405464172,0.9998661279678344,0.0551316700875759,0.0090516535565257,-0.6210583448410034,0.9998366236686708,0.0560417398810386,0.0096079818904399,-0.619044840335846,0.9998546838760376,0.0230231806635856,0.0010492221917957,-0.6282377243041992,0.9998666644096376,0.0251939874142408,0.0013197065563872,-0.6280941963195801,0.9998307824134828,0.0246403217315673,0.0019500367343425,-0.6240460872650146,0.9998392462730408,0.1194730103015899,-0.0447313748300075,-0.538680911064148,0.999692440032959,-0.0141953686252236,-0.0717735290527343,-0.5604454278945923,0.999770998954773,0.052584733814001,0.0284372251480817,-0.5706990361213684,0.9999099969863892,0.0139445019885897,0.0219532325863838,-0.578137218952179,0.9999104738235474,0.2012091130018234,-0.0483281761407852,-0.4131088554859161,0.99994558095932,-0.0985443815588951,-0.1006005108356475,-0.4574558436870575,0.9998740553855896,0.2072431296110153,0.1495833396911621,-0.4176258742809295,0.9694056510925292,-0.1256639212369918,0.0935479551553726,-0.4459301829338074,0.9683273434638976,0.2233117520809173,0.3145546019077301,-0.514004111289978,0.9548274874687196,0.0094070648774504,0.315506100654602,-0.4823069870471954,0.950815200805664,0.2456273436546325,0.3440726995468139,-0.5572314262390137,0.9137681722640992,0.0267791133373975,0.3597540855407715,-0.5273137092590332,0.91005676984787,0.2232672423124313,0.3423244655132293,-0.5798356533050537,0.9224213361740112,0.0967454612255096,0.357357382774353,-0.5285716652870178,0.9138379693031312,0.2151099145412445,0.3197682201862335,-0.5263292193412781,0.9083744883537292,0.0468461103737354,0.3288073241710663,-0.4834738671779632,0.8884835839271545,0.1000020951032638,0.0224270522594451,0.0075410129502415,0.9999586939811708,-0.1003472805023193,-0.0229580383747816,-0.0067514241673052,0.9999398589134216,0.2036880552768707,0.0942780002951622,-0.1552215218544006,0.7127326130867004,-0.2508609592914581,-0.0081841759383678,-0.1744857877492904,0.8076047301292419,0.1440410017967224,0.2239807993173599,0.0733787566423416,0.5672819018363953,-0.1455433219671249,0.1464015245437622,0.1248922199010849,0.5770876407623291,0.1371852755546569,0.2484252750873565,0.0954572781920433,0.4963569045066833,-0.1389116048812866,0.1678660959005355,0.1548220217227935,0.5408651232719421,0.1725441366434097,0.2968486249446869,0.0381184183061122,0.6260870695114136,-0.1675737500190735,0.2352272719144821,0.127746433019638,0.6555830836296082
0.0040801605209708,0.0170462671667337,-0.6095626354217529,0.9999251961708068,0.0259980969130992,-0.0115965642035007,-0.6241233348846436,0.9998650550842284,0.0254001710563898,-0.0120239714160561,-0.6254528164863586,0.9998360276222228,0.0263003408908844,-0.0114843258634209,-0.6234700679779053,0.9998577237129213,-0.008721106685698,-0.0204782299697399,-0.629036009311676,0.999856173992157,-0.0066463560797274,-0.0202922113239765,-0.6288869380950928,0.9998071789741516,-0.0073129897937178,-0.0196821950376033,-0.6248946785926819,0.9998176097869872,0.1089095845818519,-0.0644672662019729,-0.5463750958442688,0.9996975660324096,-0.0315799638628959,-0.0919820293784141,-0.5542166233062744,0.999747633934021,0.0294841472059488,0.0084980120882391,-0.575029194355011,0.9999132752418518,-0.0112482197582721,0.0015337490476667,-0.5781379342079163,0.9999071955680848,0.2018996179103851,-0.0525826066732406,-0.42083540558815,0.9999481439590454,-0.098904363811016,-0.1080237329006195,-0.4503984153270721,0.9998562932014464,0.2015791535377502,0.136091947555542,-0.4119125604629516,0.9664474725723268,-0.0834298506379127,0.0824345126748085,-0.4377978444099426,0.961735188961029,0.2456132620573043,0.3090557754039764,-0.5083442330360413,0.9546214938163756,0.0833312943577766,0.2744458019733429,-0.4739641547203064,0.9458672404289246,0.2731601595878601,0.3350510597229004,-0.5532729029655457,0.9159271121025084,0.1090814918279647,0.3107998967170715,-0.5175037384033203,0.905851662158966,0.2547151744365692,0.3337854444980621,-0.5755431652069092,0.9244516491889954,0.1709198951721191,0.3071245551109314,-0.5191410779953003,0.9094590544700624,0.2407654225826263,0.3109455108642578,-0.5220522284507751,0.9108821749687196,0.1197533458471298,0.2846086323261261,-0.4747629463672638,0.884364664554596,0.100721038877964,0.0250749178230762,0.0041974517516791,0.999961793422699,-0.1010751947760582,-0.0256194360554218,-0.0034837550483644,0.9999430775642396,0.2026586979627609,0.0970213413238525,-0.1987251490354538,0.7283560037612915,-0.2600084245204925,-0.005824904423207,-0.1577915400266647,0.8100785613059998,0.1297793090343475,0.2976981103420257,0.02902995608747,0.585404634475708,-0.1857312768697738,0.1580132395029068,0.1496240794658661,0.5698935389518738,0.1219387650489807,0.3326924741268158,0.0490962229669094,0.5076301693916321,-0.1821539402008056,0.1808939278125763,0.1805724948644638,0.5375454425811768,0.1502870917320251,0.396733820438385,-0.01860336586833,0.6370512247085571,-0.2367760390043258,0.2469058185815811,0.1564474105834961,0.6461472511291504
0.0229113064706325,0.0547703616321086,-0.6159852147102356,0.9999125003814696,0.045128546655178,0.0304010566323995,-0.6296591758728027,0.9998563528060912,0.0445171557366848,0.0298905055969953,-0.6309847831726074,0.9998283982276917,0.0454379208385944,0.0304607339203357,-0.6290324926376343,0.9998553991317748,0.0106552392244338,0.0210717804729938,-0.638063907623291,0.9998374581336976,0.0128696970641613,0.0212884508073329,-0.637952446937561,0.9997800588607788,0.0122972344979643,0.0218001008033752,-0.633992075920105,0.9997925162315368,0.1135118827223777,-0.0241266693919897,-0.5541242361068726,0.99970144033432,-0.0247677639126777,-0.0554734393954277,-0.5793401598930359,0.9997221231460572,0.0412788204848766,0.0430391505360603,-0.5829715728759766,0.9999144077301024,0.0009527056827209,0.0349180363118648,-0.590773344039917,0.9999018311500548,0.1943612098693847,-0.0223573055118322,-0.4394059777259826,0.999951720237732,-0.0915139615535736,-0.0854298993945121,-0.4852136671543121,0.9998545050621032,0.1896717995405197,0.197917029261589,-0.4139533340930938,0.962778627872467,-0.0227666050195693,0.1201517060399055,-0.4690826535224914,0.9579641819000244,0.2041271477937698,0.3975766897201538,-0.5029696226119995,0.9532986879348756,0.145046129822731,0.3025067150592804,-0.5165623426437378,0.9456033110618592,0.2302073240280151,0.4251576662063598,-0.551470935344696,0.9155014753341676,0.170691579580307,0.3277353048324585,-0.576169490814209,0.9065456986427308,0.202536404132843,0.4194214344024658,-0.5817763209342957,0.9244725704193116,0.2295181900262832,0.3172412812709808,-0.5775859355926514,0.9101303219795228,0.1953187584877014,0.4024140536785126,-0.5192341208457947,0.9110242128372192,0.1794667989015579,0.3095720708370209,-0.5209609270095825,0.8841206431388855,0.1007070392370224,0.0249145999550819,0.0049990103580057,0.999965488910675,-0.1010621562600135,-0.0254436209797859,-0.0042888829484581,0.999948501586914,0.1972456276416778,0.1544970571994781,-0.1784422546625137,0.7284514307975769,-0.275339812040329,0.1218848302960395,-0.1279774755239486,0.8121662735939026,0.1408459246158599,0.3005225658416748,0.0881266444921493,0.5785070061683655,-0.1913049966096878,0.1677277982234954,0.2063494771718979,0.5508428812026978,0.1355148404836654,0.3299028873443603,0.1125578209757804,0.4992226362228393,-0.18606498837471,0.1921314895153045,0.2410964071750641,0.5224660634994507,0.1596184223890304,0.393846333026886,0.0672389790415763,0.6290678977966309,-0.2252928167581558,0.2558453679084778,0.2394506782293319,0.6244356036186218
0.0329744592308998,0.0345992036163806,-0.6097056865692139,0.9998427629470824,0.054785318672657,0.0081665609031915,-0.6220474243164062,0.9997959733009338,0.0541711337864398,0.0077005364000797,-0.6233822107315063,0.9997702240943908,0.0551019869744777,0.0082608573138713,-0.6214036345481873,0.9998148083686828,0.0215270016342401,-0.0014430653536692,-0.6309375166893005,0.9997474551200868,0.0237579438835382,-0.0012609373079612,-0.6308213472366333,0.9996696710586548,0.0231898371130228,-0.0006930027157068,-0.6268664598464966,0.9996857047080994,0.1134408861398696,-0.0393729247152805,-0.5427399277687073,0.999639928340912,-0.0198629647493362,-0.0726750865578651,-0.5691949725151062,0.9995800852775574,0.0476406291127204,0.0274837687611579,-0.5758676528930664,0.9998797178268432,0.0082686357200145,0.0189049858599901,-0.584153413772583,0.999835729598999,0.1886601597070694,-0.0161723103374242,-0.4291691780090332,0.9999428987503052,-0.0823269486427307,-0.0922477170825004,-0.4719547927379608,0.9997536540031432,0.1646267175674438,0.2079462558031082,-0.4165829718112945,0.9581141471862792,-0.0081805223599076,0.1438823044300079,-0.4585410356521606,0.946264922618866,0.1475282907485962,0.3908962905406952,-0.50779789686203,0.949024498462677,0.1553545445203781,0.3215481340885162,-0.5106786489486694,0.9393520951271056,0.1693805754184723,0.4137339293956756,-0.5565500259399414,0.9108521342277528,0.1807707399129867,0.3394585251808166,-0.5705884099006653,0.9007056951522827,0.1397072225809097,0.4034302532672882,-0.5853031873703003,0.9207794070243835,0.2410659790039062,0.3262822926044464,-0.5681070685386658,0.904673993587494,0.1367983669042587,0.3934417963027954,-0.5236327052116394,0.907598614692688,0.1897400766611099,0.3276038467884063,-0.5139934420585632,0.8774152994155884,0.0948145166039466,0.029719365760684,0.0026327141094952,0.9999677538871764,-0.0952235385775566,-0.0302339065819978,-0.0019703535363078,0.999951958656311,0.1102271676063537,0.1518414616584777,-0.1906089633703231,0.6983522176742554,-0.2672587633132934,0.0964758843183517,-0.1366798132658004,0.7909026145935059,-0.0266003422439098,0.2059105932712555,0.0637555867433548,0.538215696811676,-0.1765260100364685,0.1720032691955566,0.1959300339221954,0.5169127583503723,-0.0409828796982765,0.21986885368824,0.0911619290709495,0.4709500968456268,-0.1707145422697067,0.1943289935588836,0.2359079122543335,0.5000014305114746,-0.0527596324682235,0.2674328982830047,0.0512522831559181,0.5922471880912781,-0.2091676890850067,0.2512749135494232,0.1634096950292587,0.5903370976448059
-0.0080621866509318,-0.007563142105937,-0.6065315008163452,0.9998533129692078,0.0057956194505095,-0.0396791994571685,-0.6190060377120972,0.9998102188110352,0.0051466985605657,-0.0401384010910987,-0.6202930808067322,0.9997880458831788,0.0060689449310302,-0.0396602787077426,-0.6182901859283447,0.99982887506485,-0.0272349808365106,-0.0467597320675849,-0.626733124256134,0.9997637271881104,-0.0251280162483453,-0.0464249774813652,-0.6266090869903564,0.9996932744979858,-0.0258274357765913,-0.0459924824535846,-0.622650146484375,0.9997045993804932,0.08012505620718,-0.0794486328959465,-0.5386195778846741,0.999668836593628,-0.0511654950678348,-0.1022135019302368,-0.5519185662269592,0.9996054172515868,0.0180208161473274,-0.007891995832324,-0.5724023580551147,0.9998878836631776,-0.0198293514549732,-0.0134394140914082,-0.581693708896637,0.999843418598175,0.1771983504295349,-0.030987599864602,-0.4218788146972656,0.999945104122162,-0.0748663768172264,-0.0976013466715812,-0.4554376900196075,0.999746799468994,0.1320704817771911,0.1819838136434555,-0.4126198887825012,0.957773506641388,-0.0006850487552583,0.1321109235286712,-0.4428974390029907,0.9399988651275636,0.117263987660408,0.3617729544639587,-0.5099902749061584,0.9506793022155762,0.1484459489583969,0.3132736682891845,-0.5081137418746948,0.9384896755218506,0.1388950198888778,0.3916305303573608,-0.5631558895111084,0.914444863796234,0.1696571260690689,0.335852563381195,-0.5565963983535767,0.901279091835022,0.112965852022171,0.3826717436313629,-0.5861734747886658,0.92421954870224,0.2264175117015838,0.3255231082439422,-0.5551726222038269,0.9052615165710448,0.1081903949379921,0.3660153448581695,-0.5246639847755432,0.911909520626068,0.1807229667901992,0.3210322558879852,-0.5087253451347351,0.8788323998451233,0.0812828913331031,0.0335440747439861,-0.0013045327505096,0.9999703764915466,-0.0817156583070755,-0.034068364650011,0.0020183019805699,0.9999557733535768,-7.252444902405841e-06,0.1497898399829864,-0.1924777030944824,0.7018149495124817,-0.263645589351654,0.0840661823749542,-0.1314404010772705,0.7988622784614563,-0.2099421769380569,0.1034685522317886,0.0308767929673194,0.5284952521324158,-0.2316377609968185,0.1000029072165489,0.1603211760520935,0.5175313353538513,-0.2325924038887024,0.1068386510014534,0.0546455718576908,0.4622653424739837,-0.2355849891901016,0.1083474233746528,0.1927496343851089,0.510395884513855,-0.2934437096118927,0.1335728913545608,0.0278055779635906,0.5855869054794312,-0.31521737575531,0.1516111642122268,0.1352787911891937,0.5926716327667236
0.0816062688827514,-0.0388952568173408,-0.6006224155426025,0.999812662601471,0.0946034491062164,-0.0719515085220336,-0.6133416891098022,0.9997848868370056,0.0940933153033256,-0.072409376502037,-0.6146530508995056,0.9997687935829164,0.0948886126279831,-0.0719550997018814,-0.6127315163612366,0.9998146891593932,0.0664113387465477,-0.0771315172314643,-0.6238816380500793,0.9997372031211852,0.0685347616672515,-0.0766545236110687,-0.6239307522773743,0.9996743202209472,0.0678993090987205,-0.0762099027633667,-0.6199084520339966,0.9996772408485411,0.1261026412248611,-0.1120816320180893,-0.5373049974441528,0.9996635913848876,0.0131095945835113,-0.12703637778759,-0.5531978607177734,0.99958473443985,0.0866021290421485,-0.0396705009043216,-0.5684648752212524,0.9998759627342224,0.0543756149709224,-0.0430400297045707,-0.5805745124816895,0.9998255372047424,0.1970089077949524,-0.0674028024077415,-0.4198481738567352,0.999944269657135,-0.052385464310646,-0.1059850081801414,-0.4587374329566955,0.9997250437736512,0.1480081379413604,0.1711039543151855,-0.4087774753570556,0.9494438767433168,0.007245126646012,0.1309800595045089,-0.4582735002040863,0.9346461296081544,0.1643493473529815,0.3540836274623871,-0.5076612830162048,0.9480611085891724,0.1393540501594543,0.3100661635398865,-0.5176128149032593,0.9406276345252992,0.1825465261936187,0.3636308014392853,-0.5587282776832581,0.912771463394165,0.1574452221393585,0.331632524728775,-0.5750479102134705,0.9053505659103394,0.1582556217908859,0.3644462525844574,-0.5749516487121582,0.923126459121704,0.213100180029869,0.3189399242401123,-0.573391318321228,0.909141719341278,0.1548493653535843,0.3573086559772491,-0.5198943614959717,0.9110313653945924,0.1703141927719116,0.3177438676357269,-0.5206634998321533,0.8821521997451782,0.0825182870030403,0.0331396237015724,0.001957448432222,0.999972403049469,-0.0829531326889991,-0.0336552672088146,-0.0012457170523703,0.9999584555625916,0.0462134294211864,0.1670287102460861,-0.1658960431814193,0.6967769861221313,-0.2643207609653473,0.0782084539532661,-0.1352584064006805,0.8043877482414246,-0.1607526838779449,0.1227015852928161,0.0395552329719066,0.5039706230163574,-0.2423179149627685,0.1072806715965271,0.1398686468601226,0.5023631453514099,-0.1840681582689285,0.1248347237706184,0.0642372444272041,0.4420782327651977,-0.2423090636730194,0.1172065138816833,0.1686837673187255,0.5012062788009644,-0.2350142300128936,0.157180443406105,0.0456589274108409,0.5682947635650635,-0.3077128827571869,0.1677321791648864,0.1289022415876388,0.579986035823822
0.1002146080136299,-0.1211210042238235,-0.594174325466156,0.9998043179512024,0.1102608516812324,-0.1551702171564102,-0.604290246963501,0.9997664093971252,0.1098019555211067,-0.1555349975824356,-0.6055972576141357,0.9997550249099731,0.1105685085058212,-0.1550543457269668,-0.603681743144989,0.9998044967651368,0.0812643989920616,-0.1570447236299514,-0.6161563992500305,0.9997214674949646,0.0833617895841598,-0.1565887629985809,-0.6161341667175293,0.9996652007102966,0.0826739817857742,-0.1561697721481323,-0.6120157837867737,0.9996622800827026,0.1391838043928146,-0.1942902207374572,-0.5238343477249146,0.9996556043624878,0.0248505622148513,-0.1930343806743621,-0.5506258010864258,0.9995713829994202,0.106775626540184,-0.1209757402539253,-0.5616273283958435,0.9998695254325868,0.0736381709575653,-0.1195779144763946,-0.5747015476226807,0.9998151659965516,0.2047594487667083,-0.1495542526245117,-0.4056895673274994,0.9999428391456604,-0.0412337444722652,-0.1366025805473327,-0.457625538110733,0.9997082948684692,0.1645994186401367,0.056651771068573,-0.3778632879257202,0.944139838218689,0.0049257040955126,0.1207720190286636,-0.4592498540878296,0.9345828294754028,0.1807689219713211,0.210236370563507,-0.4600858092308044,0.946707248687744,0.1299462765455246,0.2678876221179962,-0.5148335695266724,0.9429771304130554,0.2007662057876587,0.2167342156171798,-0.5105669498443604,0.9124974012374878,0.1449823230504989,0.2848952114582062,-0.5740752816200256,0.9096384644508362,0.1769499480724334,0.2185700982809066,-0.5347492694854736,0.9229037165641784,0.198819875717163,0.2715635597705841,-0.5750216841697693,0.9132142663002014,0.1716984659433365,0.214673563838005,-0.4757564067840576,0.911499798297882,0.1590809673070907,0.2720714509487152,-0.519246518611908,0.8868186473846436,0.0807485803961753,0.0297772511839866,0.0071396818384528,0.9999703764915466,-0.0811661332845687,-0.030431043356657,-0.0064578126184642,0.9999558329582214,0.0351446457207202,0.1536009609699249,-0.0928517505526542,0.6914992928504944,-0.2392138838768005,0.0733017399907112,-0.1123114675283432,0.8131989240646362,-0.2215423136949539,0.0905275866389274,0.1361564397811889,0.4887572824954986,-0.2936550676822662,0.0938325971364975,0.1470890641212463,0.508170485496521,-0.2488347291946411,0.0931545868515968,0.1609704941511154,0.4296190440654754,-0.3037004172801971,0.1024334877729415,0.1752999871969223,0.5078338384628296,-0.3012616336345672,0.1350962817668914,0.1465072184801101,0.557451069355011,-0.3815083801746368,0.1616907715797424,0.1728249639272689,0.5855387449264526
0.1115453094244003,-0.1194493174552917,-0.566675066947937,0.9998093247413636,0.1265438646078109,-0.1521884948015213,-0.5752608180046082,0.9997684955596924,0.1260522156953811,-0.1524623483419418,-0.5766426920890808,0.9997583031654358,0.1268718391656875,-0.1520605236291885,-0.5745594501495361,0.9998083114624025,0.1016072407364845,-0.1566856652498245,-0.5868577361106873,0.9997305274009703,0.1038470119237899,-0.1563286483287811,-0.5868026614189148,0.9996796250343324,0.1031261682510376,-0.1557626873254776,-0.5828317403793335,0.999678075313568,0.1476772427558899,-0.1859948486089706,-0.5049386620521545,0.9996517300605774,0.0503852441906929,-0.1947811543941497,-0.5371716022491455,0.9995784759521484,0.1115514189004898,-0.1176337152719497,-0.53926020860672,0.9998611211776732,0.0829358249902725,-0.1190396472811698,-0.5509337186813354,0.9998087286949158,0.1963112205266952,-0.1293193846940994,-0.3874453008174896,0.9999421238899232,-0.0166666749864816,-0.1419440358877182,-0.4559626281261444,0.9997224807739258,0.1376374214887619,0.0685204565525055,-0.3595539629459381,0.9324148893356324,0.0006325331632979,0.1216233670711517,-0.4555754959583282,0.9302776455879213,0.1437707543373108,0.2175828516483307,-0.4214701056480407,0.935427188873291,0.1148294731974601,0.3006007373332977,-0.513867199420929,0.9425922632217408,0.1658523678779602,0.2189299166202545,-0.4524163901805877,0.9020776748657228,0.1362027376890182,0.3227051794528961,-0.5684096217155457,0.9105069041252136,0.1519634574651718,0.2353436350822448,-0.4902504086494446,0.9127026200294496,0.1961529701948166,0.3104183375835418,-0.560651957988739,0.9138529300689696,0.1387392282485962,0.2175373584032058,-0.4396800994873047,0.9011797904968262,0.1467253267765045,0.3076958060264587,-0.5147866010665894,0.8867219090461731,0.0691767781972885,0.0303241088986396,0.0087370406836271,0.9999707341194152,-0.0697490945458412,-0.0309982988983392,-0.0080075003206729,0.9999576210975648,0.0535724498331546,0.1393971741199493,-0.1311193406581878,0.6773380637168884,-0.1573971360921859,0.0190348345786333,-0.1776752173900604,0.8150643110275269,-0.1901658922433853,0.065530925989151,0.0059287203475832,0.4656736850738525,-0.258518636226654,0.0970002636313438,-0.0373519100248813,0.5055297613143921,-0.2178358137607574,0.0628095567226409,0.0241864100098609,0.4163046777248382,-0.2669905424118042,0.1086968928575515,-0.020888365805149,0.5098479390144348,-0.2810180485248565,0.0799521505832672,0.0140003431588411,0.5406423807144165,-0.3412797451019287,0.1531347334384918,-0.0396727435290813,0.5864388942718506
0.1071128919720649,-0.1194470971822738,-0.5682874321937561,0.9998123049736024,0.1230278611183166,-0.1484984159469604,-0.5772021412849426,0.9997673630714417,0.1225087791681289,-0.1488151401281356,-0.578565239906311,0.9997586607933044,0.1233238726854324,-0.1483748108148574,-0.5764880180358887,0.9998081922531128,0.0986688211560249,-0.1542205661535263,-0.5881929397583008,0.9997344613075256,0.1008976623415947,-0.1538332849740982,-0.5881014466285706,0.9996891617774964,0.1001663357019424,-0.1532496511936187,-0.5841406583786011,0.9996877908706664,0.1463933587074279,-0.1788579374551773,-0.5051782131195068,0.9996476769447328,0.0515169687569141,-0.1932068616151809,-0.5366932153701782,0.9995862245559692,0.1074086353182792,-0.1176962777972221,-0.5398972630500793,0.9998605847358704,0.0794950947165489,-0.1206251382827758,-0.5506982207298279,0.999811828136444,0.1859054714441299,-0.1195515617728233,-0.3871814012527466,0.9999439120292664,-0.0128172142431139,-0.1527543365955352,-0.4561569392681122,0.9997433423995972,0.114526979625225,0.0777534767985344,-0.3587264716625213,0.931142508983612,-0.0068379780277609,0.106268472969532,-0.4546312689781189,0.9316553473472596,0.1048283651471138,0.2198211997747421,-0.4256314933300018,0.934928059577942,0.1139456406235694,0.3021315336227417,-0.5079946517944336,0.9451867938041688,0.1253189593553543,0.2340842336416244,-0.4625526368618011,0.901987850666046,0.1235354170203208,0.3265983164310455,-0.5619052052497864,0.9147236943244934,0.1107947379350662,0.2473606169223785,-0.4973711371421814,0.912580907344818,0.1738851368427276,0.3240649700164795,-0.5573394298553467,0.9178308248519896,0.0999038219451904,0.2219385504722595,-0.4432243108749389,0.9011563658714294,0.1376170217990875,0.3125077784061432,-0.5095434188842773,0.8914368152618408,0.063877560198307,0.0308341216295957,0.0099611347541213,0.9999722838401794,-0.0645214542746543,-0.0315035283565521,-0.009170826524496,0.9999606013298036,0.0508878603577613,0.1393278539180755,-0.1322758644819259,0.6778493523597717,-0.1639436930418014,0.0236709173768758,-0.1774136573076248,0.819198727607727,-0.1867769956588745,0.0807877704501152,0.0177516993135213,0.4485668241977691,-0.2808728516101837,0.1001830324530601,-0.0171446483582258,0.5047879219055176,-0.2131982296705246,0.0807593688368797,0.0370337963104248,0.4054246544837951,-0.295530766248703,0.110883705317974,0.0014384961687028,0.5120539665222168,-0.2741162776947021,0.0988925173878669,0.0176854487508535,0.5280236005783081,-0.3628125786781311,0.1442804187536239,-0.0155040146782994,0.5879338979721069
0.1164325848221778,-0.1120066419243812,-0.5481284260749817,0.9998273253440856,0.1384495794773101,-0.1422673761844635,-0.5546588897705078,0.999783992767334,0.1379543542861938,-0.1425551474094391,-0.556023120880127,0.9997766613960266,0.1387368738651275,-0.142139583826065,-0.5538869500160217,0.999822437763214,0.112750306725502,-0.1492920070886612,-0.5672717690467834,0.999756157398224,0.1149471253156662,-0.1488678902387619,-0.5672167539596558,0.9997158646583556,0.1141996011137962,-0.1483173221349716,-0.5632343292236328,0.9997139573097228,0.1728216707706451,-0.1824901401996612,-0.4753789007663727,0.9996742606163024,0.0701818019151687,-0.2048350572586059,-0.5165998935699463,0.9996212124824524,0.1182496026158332,-0.1142414882779121,-0.5168429017066956,0.9998703002929688,0.0887804478406906,-0.1191555932164192,-0.5291827917098999,0.9998262524604796,0.2008033841848373,-0.1266885697841644,-0.3493979871273041,0.9999475479125975,-0.0070647657848894,-0.1822371184825897,-0.4453490972518921,0.9997658133506776,0.1357161402702331,0.077805645763874,-0.3178515434265136,0.9311148524284364,-0.015096416696906,0.0790202543139457,-0.4540983140468597,0.9344725012779236,0.119922362267971,0.2431754469871521,-0.3879798054695129,0.9359425902366638,0.0482780598104,0.3015503287315368,-0.5050777196884155,0.9477949738502502,0.1362936198711395,0.2563289105892181,-0.4238123297691345,0.9036331176757812,0.0463282838463783,0.3345341980457306,-0.5595187544822693,0.9188239574432372,0.1175554245710372,0.2598192095756531,-0.4587922394275665,0.9140002131462096,0.1010148823261261,0.3425178825855255,-0.5557875633239746,0.921679437160492,0.1117736175656318,0.2461241036653518,-0.4056961238384247,0.9029844403266908,0.072218582034111,0.3152624070644378,-0.5071698427200317,0.8957240581512451,0.064190424978733,0.0324037000536918,0.013992647640407,0.9999738931655884,-0.0647862926125526,-0.03311388194561,-0.0131901018321514,0.9999633431434632,-0.0227707363665103,0.1390261650085449,-0.1355410069227218,0.6700006723403931,-0.1692471206188202,0.0324091576039791,-0.185232013463974,0.8252543210983276,-0.287932813167572,0.072591133415699,0.0133324572816491,0.4358241558074951,-0.3719607591629028,0.0756919831037521,-0.0550945363938808,0.521772563457489,-0.3188483119010925,0.0708206295967102,0.0308211836963892,0.3973569869995117,-0.3982246816158294,0.079901322722435,-0.0406910963356494,0.5273573994636536,-0.3969244360923767,0.0923075079917907,0.0076369405724108,0.5215476751327515,-0.4889392554759979,0.1072961613535881,-0.0702482238411903,0.6052483320236206
0.1352337896823883,-0.1100826933979988,-0.5380567312240601,0.9998423457145692,0.1624466627836227,-0.1359984576702118,-0.5445059537887573,0.9998023509979248,0.1619674861431121,-0.1361969709396362,-0.5458586812019348,0.9997959136962892,0.1627213805913925,-0.1358735114336013,-0.5437064170837402,0.9998376965522766,0.1357244998216629,-0.1445524096488952,-0.557972252368927,0.99977844953537,0.1379510313272476,-0.1438053101301193,-0.5578916668891907,0.9997424483299256,0.1372104436159134,-0.1433130502700805,-0.5538971424102783,0.999740481376648,0.2033716291189193,-0.175039455294609,-0.4624846875667572,0.9997031688690186,0.095891922712326,-0.1947192102670669,-0.5080446600914001,0.9996567368507384,0.137367844581604,-0.1070397943258285,-0.5052944421768188,0.9998806118965148,0.1068714931607246,-0.1110959276556968,-0.5186949372291565,0.9998412728309632,0.2286899238824844,-0.1234944909811019,-0.3346215784549713,0.999951720237732,0.0027343984693288,-0.1785897612571716,-0.4314965903759002,0.9997875690460204,0.1606876850128173,0.0764611214399337,-0.2912019491195678,0.930820107460022,-0.0220937673002481,0.0794237852096557,-0.4396977722644806,0.9368404150009156,0.1359581053256988,0.2498679608106613,-0.345932126045227,0.9355543851852416,0.0138574056327342,0.3093436360359192,-0.4867874383926391,0.94991272687912,0.1564919650554657,0.2678393721580505,-0.3743403255939483,0.9037435054779052,0.0073160417377948,0.3479102551937103,-0.5343043804168701,0.9222428798675536,0.136441171169281,0.2712249755859375,-0.4110543429851532,0.9140271544456482,0.0622799694538116,0.3586090207099914,-0.529940128326416,0.9248900413513184,0.1281865090131759,0.2555746734142303,-0.3632456064224243,0.9031804800033568,0.0381294265389442,0.3266260623931885,-0.4868814945220947,0.8990471363067627,0.0654782056808471,0.0346384346485137,0.0166056789457798,0.9999760985374452,-0.0660488605499267,-0.0353223010897636,-0.0157366544008255,0.999966561794281,-0.0174996331334114,0.1924146860837936,-0.1414214819669723,0.6753292083740234,-0.1763336509466171,0.0381850451231002,-0.1886922419071197,0.8366004228591919,-0.3208321928977966,0.0914098769426345,0.0081163374707102,0.4287989139556885,-0.3938585221767425,0.0857772082090377,-0.0722034871578216,0.546720564365387,-0.3571776747703552,0.088317185640335,0.026170639321208,0.3945082426071167,-0.4197954833507538,0.0919900760054588,-0.058723047375679,0.5496424436569214,-0.4470932185649872,0.1183895990252494,0.0039874115027487,0.5221350193023682,-0.5201772451400757,0.1277296692132949,-0.0855528265237808,0.6292727589607239
0.1929323524236679,-0.1022064089775085,-0.5225546360015869,0.9998562932014464,0.2217210382223129,-0.1220112964510917,-0.5276418328285217,0.999819278717041,0.2212773412466049,-0.1223061457276344,-0.5289624929428101,0.9998132586479188,0.2220045179128646,-0.1219705790281295,-0.5268582105636597,0.999851644039154,0.1976965367794037,-0.1306714117527008,-0.5448910593986511,0.9997983574867249,0.1999588757753372,-0.1297358572483062,-0.5448602437973022,0.999765932559967,0.1992367953062057,-0.1293092370033264,-0.540911853313446,0.9997642040252686,0.2460371404886245,-0.1718853563070297,-0.4474131464958191,0.9997290968894958,0.1491169184446334,-0.1896418184041977,-0.5082722902297974,0.9996883869171144,0.1858711242675781,-0.1021226793527603,-0.4911068379878998,0.9998908638954164,0.1582327336072921,-0.1058276146650314,-0.5092570185661316,0.9998555779457092,0.2470443546772003,-0.1242159157991409,-0.3308726847171783,0.9999555349349976,0.023581014946103,-0.1770945936441421,-0.4321903586387634,0.999806582927704,0.1694845110177993,0.079539880156517,-0.2910784780979156,0.926785945892334,-0.0252867024391889,0.0802043974399566,-0.4437319934368133,0.9401286244392396,0.1454453021287918,0.2554945945739746,-0.3555431067943573,0.9334977269172668,0.0112036718055605,0.3082804083824157,-0.494750440120697,0.9533488750457764,0.1660549044609069,0.2735263109207153,-0.387445867061615,0.9019505977630616,0.0074214758351445,0.3452178835868835,-0.5488336086273193,0.9273008704185486,0.1459456831216812,0.276521772146225,-0.4259045422077179,0.9122958183288574,0.0644241645932197,0.3524616360664367,-0.5422508716583252,0.9296569228172302,0.1377132534980774,0.2616730034351349,-0.3739839792251587,0.901637613773346,0.0364504493772983,0.3249725699424743,-0.4950802326202392,0.9045192003250122,0.0663519874215126,0.03517572209239,0.0179122984409332,0.9999773502349854,-0.0668979734182357,-0.0358318835496902,-0.0170449465513229,0.9999685287475586,-0.0045277667231857,0.182163655757904,-0.1396639943122863,0.6757300496101379,-0.2068705856800079,0.0076729585416615,-0.187069371342659,0.8469172716140747,-0.3176508545875549,0.0979630500078201,0.0132975103333592,0.4274660944938659,-0.3611257076263428,0.0874742344021797,-0.0425322838127613,0.5656225681304932,-0.3548724949359894,0.0948919728398323,0.0319673158228397,0.3953822553157806,-0.3786000907421112,0.0961891114711761,-0.0261572897434234,0.567237377166748,-0.4303799867630005,0.1264008432626724,0.0058928052894771,0.5257797837257385,-0.47044637799263,0.1328295320272445,-0.0494056679308414,0.6458958983421326
