x_0,y_0,z_0,visibility_0,x_1,y_1,z_1,visibility_1,x_2,y_2,z_2,visibility_2,x_3,y_3,z_3,visibility_3,x_4,y_4,z_4,visibility_4,x_5,y_5,z_5,visibility_5,x_6,y_6,z_6,visibility_6,x_7,y_7,z_7,visibility_7,x_8,y_8,z_8,visibility_8,x_9,y_9,z_9,visibility_9,x_10,y_10,z_10,visibility_10,x_11,y_11,z_11,visibility_11,x_12,y_12,z_12,visibility_12,x_13,y_13,z_13,visibility_13,x_14,y_14,z_14,visibility_14,x_15,y_15,z_15,visibility_15,x_16,y_16,z_16,visibility_16,x_17,y_17,z_17,visibility_17,x_18,y_18,z_18,visibility_18,x_19,y_19,z_19,visibility_19,x_20,y_20,z_20,visibility_20,x_21,y_21,z_21,visibility_21,x_22,y_22,z_22,visibility_22,x_23,y_23,z_23,visibility_23,x_24,y_24,z_24,visibility_24,x_25,y_25,z_25,visibility_25,x_26,y_26,z_26,visibility_26,x_27,y_27,z_27,visibility_27,x_28,y_28,z_28,visibility_28,x_29,y_29,z_29,visibility_29,x_30,y_30,z_30,visibility_30,x_31,y_31,z_31,visibility_31,x_32,y_32,z_32,visibility_32
0.6051807403564453,0.416174978017807,-0.0817235559225082,0.9995141625404358,0.60235995054245,0.4070912301540375,-0.0749610364437103,0.9995179772377014,0.6018169522285461,0.4066839814186096,-0.0749811381101608,0.9994226098060608,0.6012638807296753,0.4063683748245239,-0.0749832689762115,0.999553382396698,0.6019747257232666,0.4077873229980469,-0.0952231958508491,0.999566912651062,0.6011782884597778,0.4078297317028045,-0.0953237488865852,0.9995660781860352,0.6003555059432983,0.4078966677188873,-0.0953713729977607,0.9996218681335448,0.5946701169013977,0.4093134701251983,-0.035079825669527,0.9983741641044616,0.5939411520957947,0.4112783074378967,-0.1252172589302063,0.9991115927696228,0.6027558445930481,0.4229983985424042,-0.0642544478178024,0.9984782934188844,0.6025318503379822,0.4237271547317505,-0.090415321290493,0.9984738826751708,0.5795615315437317,0.4509604573249817,0.0277494490146636,0.9994258284568788,0.58720463514328,0.4630701541900635,-0.1620533466339111,0.9999033212661744,0.572069525718689,0.5227083563804626,0.0621972270309925,0.090529665350914,0.5861580967903137,0.5386279821395874,-0.1779185831546783,0.9459457993507384,0.5805257558822632,0.5920320153236389,0.0302122626453638,0.1507975906133651,0.5915905237197876,0.6042467355728149,-0.1609057486057281,0.8858277797698975,0.5832479000091553,0.607197642326355,0.0261839497834444,0.1611960679292678,0.5930445790290833,0.6219765543937683,-0.1815123111009597,0.8251258730888367,0.5821180939674377,0.5958181619644165,0.0075125149451196,0.1715544909238815,0.5935426354408264,0.6206517815589905,-0.1785374134778976,0.8187903165817261,0.58344566822052,0.6029210686683655,0.0205189622938632,0.1744703650474548,0.592942476272583,0.6150085926055908,-0.1593967527151107,0.7586235404014587,0.5786943435668945,0.5931881070137024,0.0608929842710495,0.99977308511734,0.5819664001464844,0.6010858416557312,-0.0607301704585552,0.999937891960144,0.5764409899711609,0.6591734886169434,0.1562502980232238,0.274192214012146,0.5728089213371277,0.6851158738136292,0.0246064979583024,0.9377965927124025,0.5680906772613525,0.7335758805274963,0.2715499103069305,0.380387395620346,0.5656099319458008,0.7589854598045349,0.1294924914836883,0.8840310573577881,0.5613120794296265,0.748847484588623,0.2809655368328094,0.4798668324947357,0.5587448477745056,0.7760767936706543,0.1383013129234314,0.8267155289649963,0.5892668962478638,0.7467309236526489,0.2658804655075073,0.561875581741333,0.5886195302009583,0.7708905935287476,0.1094020530581474,0.8867611289024353
0.6052137017250061,0.4162216186523437,-0.1082559749484062,0.99955552816391,0.6028532385826111,0.4070922434329986,-0.1013815030455589,0.9995554685592652,0.6024636626243591,0.4066866040229797,-0.1014028862118721,0.9994651675224304,0.6020616888999939,0.4063710272312164,-0.1013978570699691,0.999586820602417,0.602125346660614,0.407777339220047,-0.1201130896806716,0.9996007084846495,0.6012449860572815,0.4078097939491272,-0.1201923117041587,0.9995977282524108,0.600364625453949,0.4078574478626251,-0.1202116459608078,0.9996512532234192,0.5957164168357849,0.4092981815338135,-0.0574719570577144,0.998488187789917,0.5939472913742065,0.4112343192100525,-0.1399023532867431,0.9991806745529176,0.6029854416847229,0.4231390357017517,-0.0888710245490074,0.9985884428024292,0.6025267839431763,0.4238916039466858,-0.1128459051251411,0.9985904097557068,0.5810714960098267,0.4511180222034454,0.009404226206243,0.999427318572998,0.5870389342308044,0.4631959199905395,-0.1663504242897033,0.9999027252197266,0.5755378007888794,0.522831380367279,0.0495942346751689,0.088369645178318,0.588367760181427,0.5388292670249939,-0.1767375469207763,0.9486480355262756,0.5818375945091248,0.5925974249839783,0.0238835737109184,0.1492221355438232,0.5922496914863586,0.6055527925491333,-0.1580772250890731,0.8903902769088745,0.5842520594596863,0.608291745185852,0.0191228669136762,0.1593477725982666,0.5939629673957825,0.6231263279914856,-0.1801328212022781,0.8312667608261108,0.5831823348999023,0.6065096259117126,0.0037603972014039,0.1693019717931747,0.5945441722869873,0.6217407584190369,-0.1750654727220535,0.8251089453697205,0.5836063027381897,0.6058420538902283,0.0158504415303468,0.1723885238170623,0.593790590763092,0.6159296631813049,-0.1562159210443496,0.7659903168678284,0.5791388154029846,0.590074896812439,0.0589306876063346,0.9997671842575072,0.5816647410392761,0.5971633791923523,-0.0587933622300624,0.9999350309371948,0.5767173767089844,0.6597864627838135,0.1446127444505691,0.2809741497039795,0.5743046998977661,0.6846635341644287,0.0199661422520875,0.939595341682434,0.5681015253067017,0.7340729236602783,0.2435911297798156,0.3985140919685364,0.565641462802887,0.7584310173988342,0.1143000870943069,0.8894801735877991,0.5612449645996094,0.7520157694816589,0.2517623007297516,0.5020188093185425,0.5588186979293823,0.77546626329422,0.1222602352499961,0.8335446119308472,0.5892208218574524,0.7469224333763123,0.2348793894052505,0.581574559211731,0.5888572335243225,0.7687214016914368,0.0926096513867378,0.8918031454086304
0.6071100831031799,0.4162427484989166,-0.0802496224641799,0.999536156654358,0.6047326326370239,0.407096117734909,-0.0750782564282417,0.9995113015174866,0.6042367219924927,0.4067004024982452,-0.0750905349850654,0.9993903636932372,0.6036821007728577,0.4063982665538788,-0.0750940591096878,0.9995399713516236,0.6042951345443726,0.4077778458595276,-0.0938393399119377,0.9995737671852112,0.6034772992134094,0.4078113734722137,-0.0939309522509574,0.9995601177215576,0.6025769710540771,0.4078637659549713,-0.0939685106277465,0.9996353983879088,0.596800684928894,0.4094851315021515,-0.0394857935607433,0.9982604384422302,0.5957220792770386,0.411469966173172,-0.1228122785687446,0.999153971672058,0.604915201663971,0.4232532382011413,-0.064353622496128,0.9985557794570924,0.6047312617301941,0.4240574538707733,-0.0885969102382659,0.9985973238945008,0.581046998500824,0.4519031345844269,0.0155477095395326,0.9993709325790404,0.5885331034660339,0.4643602967262268,-0.1546852886676788,0.999897301197052,0.5763390064239502,0.523431658744812,0.0529137775301933,0.0842897072434425,0.5909105539321899,0.539976179599762,-0.1684915572404861,0.9502757787704468,0.5818263292312622,0.5916424989700317,0.0264182444661855,0.1422763913869857,0.5933777689933777,0.6065978407859802,-0.1495376527309417,0.8907872438430786,0.5841719508171082,0.6071711182594299,0.0215566847473382,0.1523977518081665,0.5955502986907959,0.62367844581604,-0.167996346950531,0.8315973877906799,0.5832269787788391,0.6069825291633606,0.0075469287112355,0.1617639362812042,0.595535933971405,0.6235892176628113,-0.1664095222949981,0.8254281282424927,0.5835179090499878,0.604716420173645,0.0188043527305126,0.1649634093046188,0.594736635684967,0.6167847514152527,-0.1484950184822082,0.7660250067710876,0.5801877379417419,0.5903165340423584,0.0572822019457817,0.9997206330299376,0.5838883519172668,0.5965490937232971,-0.0571749284863472,0.9999198317527772,0.5783042311668396,0.6616902947425842,0.1308012455701828,0.2923384308815002,0.5774980783462524,0.6842344999313354,0.0104881329461932,0.9404194355010986,0.5681638717651367,0.7393838167190552,0.2254906296730041,0.4193236827850342,0.5658694505691528,0.7583355903625488,0.1039519608020782,0.8939874172210693,0.5611028671264648,0.757451593875885,0.2331305891275406,0.5195450186729431,0.5588606595993042,0.7743034362792969,0.1115955784916877,0.8369261026382446,0.5879663228988647,0.7490146160125732,0.2096733599901199,0.600943922996521,0.5880970358848572,0.7689651846885681,0.0769268050789833,0.8960971236228943
0.6099646091461182,0.41609987616539,-0.0642901435494422,0.9994844198226928,0.6073601841926575,0.4070289433002472,-0.0595423802733421,0.9994170665740968,0.6067193150520325,0.4066639840602875,-0.0595560744404792,0.9992622137069702,0.6060116291046143,0.4063895344734192,-0.0595671907067298,0.9994470477104188,0.6073027849197388,0.4076947271823883,-0.0779927596449852,0.9995046257972716,0.6066216826438904,0.4077582955360412,-0.0780810564756393,0.9994835257530212,0.6058282852172852,0.4078418314456939,-0.0781254321336746,0.9995876550674438,0.5983961820602417,0.409856379032135,-0.0280084908008575,0.997917890548706,0.5980857610702515,0.4117599725723266,-0.1098218783736229,0.9990893006324768,0.6078729033470154,0.4233409166336059,-0.0498534478247165,0.998440146446228,0.6080186367034912,0.4241827428340912,-0.07368104159832,0.9985304474830629,0.5815452337265015,0.454126238822937,0.0231555663049221,0.999302864074707,0.5903576612472534,0.4652931094169616,-0.1437961757183075,0.9998910427093506,0.5765083432197571,0.5257043838500977,0.0536001846194267,0.0807491466403007,0.592248260974884,0.5410920977592468,-0.1597935706377029,0.9513681530952454,0.5817667245864868,0.5911622047424316,0.0311475154012441,0.1354982852935791,0.5945596098899841,0.6088194251060486,-0.1406267285346985,0.8898232579231262,0.5838698744773865,0.6065130829811096,0.0274341776967048,0.1453382670879364,0.5972193479537964,0.6263173818588257,-0.1574126631021499,0.8301267027854919,0.5832536220550537,0.6059298515319824,0.0140029583126306,0.1540483981370926,0.5965835452079773,0.6269955039024353,-0.1561265885829925,0.8237700462341309,0.5834763050079346,0.6039000153541565,0.0238327197730541,0.1573000252246856,0.5956590175628662,0.6193937063217163,-0.1395786851644516,0.7633811831474304,0.5802310109138489,0.5904660820960999,0.0549099072813987,0.999670147895813,0.5847834944725037,0.5957677364349365,-0.054830964654684,0.999901533126831,0.5801853537559509,0.6638501286506653,0.1197252944111824,0.3107674419879913,0.5805137753486633,0.6825442910194397,0.0014494005590677,0.9420242309570312,0.5694366097450256,0.7413647174835205,0.2058957517147064,0.4459674954414367,0.5663655996322632,0.7575013041496277,0.087327055633068,0.8989876508712769,0.5612573623657227,0.7597872018814087,0.2124669700860977,0.539670467376709,0.5588938593864441,0.7732446789741516,0.0940578803420066,0.8417797088623047,0.5879507660865784,0.7544586658477783,0.1886036992073059,0.6217076778411865,0.5880835056304932,0.7688611745834351,0.0582698732614517,0.9003067016601562
0.6123605966567993,0.4160753190517425,-0.0658832415938377,0.9993131160736084,0.6097559332847595,0.4070572555065155,-0.0613416247069835,0.9990912079811096,0.609113335609436,0.4067064821720123,-0.0613814406096935,0.9989572763442992,0.608363151550293,0.4064581096172333,-0.0613920614123344,0.9991431832313538,0.6096020340919495,0.4077412188053131,-0.0788324624300003,0.9992382526397704,0.6088666319847107,0.4078516960144043,-0.07893917709589,0.9992933869361876,0.6080043315887451,0.4080260396003723,-0.0789463222026825,0.9994035959243774,0.6002939343452454,0.4106048345565796,-0.0303150694817304,0.9971033334732056,0.6001917719841003,0.4128703773021698,-0.1106070950627327,0.9989584684371948,0.6108529567718506,0.4235604405403137,-0.0513997785747051,0.9978135824203492,0.6106294393539429,0.4242514073848724,-0.0740725547075271,0.9980409741401672,0.5845315456390381,0.4569330811500549,0.0234167035669088,0.99910968542099,0.5927966237068176,0.4663402736186981,-0.1508849412202835,0.9998728036880492,0.5810085535049438,0.5280476212501526,0.0540274977684021,0.0759888365864753,0.5952447056770325,0.5419126749038696,-0.1613771766424179,0.953186333179474,0.5833923816680908,0.5926464796066284,0.0304870326071977,0.1267259418964386,0.5969841480255127,0.6102579236030579,-0.13802070915699,0.8889840245246887,0.5844454169273376,0.6088607311248779,0.0269995834678411,0.1361457407474517,0.5992668867111206,0.6278486847877502,-0.154637336730957,0.8288509249687195,0.5840948224067688,0.6096633076667786,0.0116287758573889,0.1441358774900436,0.5989804863929749,0.6291453838348389,-0.155514657497406,0.8224937319755554,0.5842216610908508,0.605731725692749,0.0224572736769914,0.1474959254264831,0.5976843237876892,0.6213712096214294,-0.137508824467659,0.7610296010971069,0.5819210410118103,0.5933263301849365,0.0550012327730655,0.9996350407600404,0.5858315825462341,0.5961604118347168,-0.0548734217882156,0.9998819828033448,0.5843839049339294,0.6660311818122864,0.1336311846971511,0.3431395590305328,0.5831055045127869,0.6823207139968872,-0.0006336051737889,0.9452023506164552,0.5721918940544128,0.7415149807929993,0.2223626971244812,0.4823186695575714,0.56691575050354,0.7568913698196411,0.0871802121400833,0.9055725932121276,0.5629717707633972,0.7603819966316223,0.2284802347421646,0.5707273483276367,0.5589951872825623,0.7721883058547974,0.0943095833063125,0.8512283563613892,0.5890542268753052,0.7566120028495789,0.2076116502285003,0.6468889117240906,0.5881535410881042,0.7687826752662659,0.0598069541156291,0.906112015247345
0.6154152750968933,0.4156936705112457,-0.0854207724332809,0.9992542862892152,0.6130021810531616,0.4069841206073761,-0.0793181434273719,0.9989941120147704,0.6125312447547913,0.4066569805145263,-0.0793562680482864,0.9988577961921692,0.6119551062583923,0.4064195454120636,-0.0793844535946846,0.9990400075912476,0.612576425075531,0.4076448380947113,-0.097818374633789,0.9991543889045716,0.6117722988128662,0.4077838957309723,-0.0979020372033119,0.9992237091064452,0.6108273267745972,0.407986432313919,-0.0979528054594993,0.99934184551239,0.6040157079696655,0.4106606841087341,-0.0409031026065349,0.9968302845954896,0.6032320857048035,0.41303151845932,-0.1224054992198944,0.9989181756973268,0.6141951084136963,0.4236174821853637,-0.0681087449193,0.9973726272583008,0.6136044859886169,0.4242606163024902,-0.0918538197875022,0.9977108836174012,0.588899552822113,0.4576045572757721,0.0185675583779811,0.998840034008026,0.5964937806129456,0.4674879312515259,-0.1547861546278,0.9998394250869752,0.5880123972892761,0.5286641716957092,0.0552557669579982,0.0712608695030212,0.5988597869873047,0.5433952212333679,-0.1575961709022522,0.9508965611457824,0.5864543914794922,0.5913919806480408,0.033352542668581,0.1182681620121002,0.5999517440795898,0.6115916967391968,-0.1138188168406486,0.8781289458274841,0.5881141424179077,0.6083980798721313,0.0302835647016763,0.1272380650043487,0.6017013788223267,0.6294464468955994,-0.1283487975597381,0.8165608048439026,0.586329996585846,0.6087436676025391,0.0160695035010576,0.134590283036232,0.6008350253105164,0.6311092376708984,-0.1295173913240432,0.810245156288147,0.5880593061447144,0.605157732963562,0.0257795881479978,0.1380419135093689,0.5998378992080688,0.6230593323707581,-0.1129898577928543,0.7471306324005127,0.5840266346931458,0.5968095660209656,0.0555812492966651,0.9995965361595154,0.5875051617622375,0.5989980697631836,-0.0554515123367309,0.999860942363739,0.5860649943351746,0.6676493287086487,0.138138398528099,0.3578919172286987,0.5847356915473938,0.6826950311660767,0.0073914430104196,0.945906102657318,0.5751040577888489,0.7412997484207153,0.2291675060987472,0.5019951462745667,0.5681903958320618,0.7560310959815979,0.0995695441961288,0.9086188077926636,0.5659624338150024,0.7599806189537048,0.2359862625598907,0.5897960066795349,0.5599077343940735,0.770520031452179,0.1072936952114105,0.8552024960517883,0.5927292704582214,0.7563896775245667,0.218701422214508,0.6618879437446594,0.5909307599067688,0.7667019963264465,0.0770714059472084,0.908733367919922
0.6195549368858337,0.4154436886310577,-0.0868166908621788,0.9992681741714478,0.6169040203094482,0.4069824516773224,-0.080282524228096,0.9989917874336244,0.6163567304611206,0.4066576957702636,-0.0803175494074821,0.9988560676574708,0.6157051920890808,0.406420886516571,-0.0803432017564773,0.999026894569397,0.6165494918823242,0.4076290130615234,-0.1002074033021926,0.9991618394851683,0.6157630681991577,0.4077686071395874,-0.10029948502779,0.9992337822914124,0.61484694480896,0.4079708755016327,-0.1003581061959266,0.9993502497673036,0.6082004904747009,0.4106602072715759,-0.0405196957290172,0.9968140721321106,0.6077917814254761,0.4130257666110992,-0.1278394907712936,0.9989629983901978,0.6178658604621887,0.4236485660076141,-0.0687333643436431,0.9973018765449524,0.6173043847084045,0.4242672324180603,-0.0943106785416603,0.9976969957351683,0.5930547118186951,0.4575479030609131,0.0214483607560396,0.9987663626670836,0.5992750525474548,0.4674405455589294,-0.1613406091928482,0.9998371005058287,0.5916287302970886,0.5278177261352539,0.0723356157541275,0.0665216222405433,0.6010061502456665,0.5451636910438538,-0.1609546095132827,0.9504669904708862,0.5912815928459167,0.5782732367515564,0.058129034936428,0.110297605395317,0.6026817560195923,0.6144853234291077,-0.1204492002725601,0.8739984035491943,0.5950261354446411,0.6004695892333984,0.0567973591387271,0.1188871711492538,0.6042268872261047,0.6324059963226318,-0.1371963918209076,0.8116104602813721,0.5954728722572327,0.6016639471054077,0.0403446964919567,0.1257434487342834,0.6031838059425354,0.6335559487342834,-0.1370321363210678,0.805072546005249,0.5958365797996521,0.5979517102241516,0.0496636293828487,0.1293091922998428,0.6022351384162903,0.6258480548858643,-0.1193230375647544,0.7395694255828857,0.5864417552947998,0.5979927778244019,0.0569594241678714,0.9995902180671692,0.5903275609016418,0.5995752811431885,-0.056810937821865,0.9998559951782228,0.5889418125152588,0.671649158000946,0.1505638659000396,0.3812960982322693,0.5863881707191467,0.683083713054657,0.013378064148128,0.9488272666931152,0.5798522233963013,0.7452492117881775,0.2370968908071518,0.5309991836547852,0.5695551633834839,0.7563346028327942,0.1082681939005851,0.9140766859054564,0.5779939889907837,0.7653970718383789,0.2412709891796112,0.6132993102073669,0.561269223690033,0.7706729769706726,0.1157720908522605,0.8623834848403931,0.6003373265266418,0.756505012512207,0.2268396168947219,0.6822381019592285,0.5938956141471863,0.7719768285751343,0.0831894129514694,0.9135812520980836
0.6238040924072266,0.4153003096580505,-0.0913271978497505,0.999308466911316,0.6207349300384521,0.4070177674293518,-0.0847894176840782,0.9990438222885132,0.6200821399688721,0.4067030847072601,-0.0848207473754882,0.9989012479782104,0.6193122863769531,0.4064679145812988,-0.0848445892333984,0.9990707635879515,0.6204596161842346,0.4076840579509735,-0.1040918156504631,0.9992107152938844,0.6196503043174744,0.4078565835952759,-0.1041793450713157,0.9992704391479492,0.6187115907669067,0.4080870747566223,-0.1042312085628509,0.999387800693512,0.6119872331619263,0.4107628762722015,-0.0446040444076061,0.996928870677948,0.6118456125259399,0.4132710695266723,-0.1296701282262802,0.9990161061286926,0.6218692064285278,0.4236995577812195,-0.0731132328510284,0.9973828196525574,0.6213493943214417,0.4243051707744598,-0.0979160517454147,0.997795820236206,0.596596360206604,0.4573974311351776,0.0182064287364482,0.9987267851829528,0.6037577986717224,0.4679200351238251,-0.1608884036540985,0.9998331069946288,0.5919408798217773,0.527035653591156,0.0689940378069877,0.0626740381121635,0.6041244864463806,0.5462546944618225,-0.1586369574069976,0.9477826356887816,0.5928984880447388,0.5799581408500671,0.0570335201919078,0.1039465442299842,0.6066190600395203,0.6159561276435852,-0.1184663921594619,0.8657894730567932,0.5937401652336121,0.5993739366531372,0.0553501658141613,0.1123982667922973,0.6083632111549377,0.6334792971611023,-0.1355655342340469,0.8029531240463257,0.5946440100669861,0.6005986928939819,0.0386885926127433,0.1189087554812431,0.607865035533905,0.6342278718948364,-0.1347746551036834,0.796310305595398,0.5950965285301208,0.596910297870636,0.0486791804432868,0.1225882172584533,0.6064223647117615,0.6265961527824402,-0.1172706857323646,0.7288607954978943,0.5887361168861389,0.5977020263671875,0.0569237433373928,0.9995810985565186,0.5942208766937256,0.5999327301979065,-0.056768499314785,0.999852418899536,0.5914453268051147,0.6738426089286804,0.1448270380496978,0.3873870372772217,0.5888851881027222,0.6838266849517822,0.0185988172888755,0.9501627683639526,0.5831939578056335,0.7469552755355835,0.2389727681875229,0.5438772439956665,0.5703564882278442,0.7576112151145935,0.1135878637433052,0.9170188307762146,0.5824570059776306,0.764828622341156,0.2458487153053283,0.6212784647941589,0.5615972280502319,0.7709894180297852,0.1210834980010986,0.8619853258132935,0.6061181426048279,0.756530225276947,0.2264070808887481,0.692527711391449,0.593299150466919,0.7736014723777771,0.0846839472651481,0.915774703025818
0.6282950639724731,0.4157154858112335,-0.1006915271282196,0.9993477463722228,0.6251446008682251,0.4079274535179138,-0.0943410918116569,0.9990991950035096,0.6244508624076843,0.4076898097991943,-0.0943686738610267,0.998953938484192,0.6236515045166016,0.4075285196304321,-0.0943861156702041,0.9991204738616944,0.6250436902046204,0.4086197316646576,-0.113851323723793,0.9992620944976808,0.6243225336074829,0.4088768064975738,-0.1139363124966621,0.9993117451667786,0.623496949672699,0.4091845154762268,-0.1139836609363555,0.9994275569915771,0.6163817048072815,0.4122413992881775,-0.0536492392420768,0.997068464756012,0.61695396900177,0.4147789478302002,-0.1399300843477249,0.9990771412849426,0.6264272928237915,0.4247778356075287,-0.0820250064134597,0.997460126876831,0.6261435747146606,0.425077885389328,-0.1071950048208236,0.9978965520858764,0.5992905497550964,0.4578452706336975,0.0112881744280457,0.9987186789512634,0.6097164750099182,0.4695912599563598,-0.1666674166917801,0.9998318552970886,0.59019935131073,0.5264806151390076,0.0712604746222496,0.0592032074928283,0.6085177659988403,0.5487798452377319,-0.160234659910202,0.946208953857422,0.5930144786834717,0.5807562470436096,0.0709297955036163,0.0980502218008041,0.6123995184898376,0.6182120442390442,-0.121243804693222,0.8611927628517151,0.5932938456535339,0.5974052548408508,0.0703342631459236,0.1064842492341995,0.6145197749137878,0.6361405849456787,-0.1391797363758087,0.798271894454956,0.5948642492294312,0.5989543795585632,0.0520989559590816,0.1127351149916648,0.6143893599510193,0.6357618570327759,-0.1374806761741638,0.7917270064353943,0.5954089760780334,0.5956598520278931,0.0623236112296581,0.1167622953653335,0.6135276556015015,0.628173291683197,-0.119707390666008,0.7225313782691956,0.5890225768089294,0.5970496535301208,0.0565886162221431,0.9995772242546082,0.5975255966186523,0.60050368309021,-0.0564262680709362,0.9998491406440736,0.5938399434089661,0.6759169697761536,0.1463482826948166,0.388201355934143,0.5946453809738159,0.6849350929260254,0.0291784014552831,0.9488582611083984,0.5886408090591431,0.7481133937835693,0.2485239803791046,0.5460513234138489,0.5725057125091553,0.7575507164001465,0.1328555047512054,0.9152793884277344,0.5832841992378235,0.7642713189125061,0.2575556337833404,0.620839536190033,0.5664352178573608,0.7687628269195557,0.1416628956794738,0.853195309638977,0.6064087748527527,0.7570722699165344,0.2394489794969558,0.6946424245834351,0.5946900844573975,0.7734132409095764,0.1109391972422599,0.9134929776191713
0.6333863139152527,0.418625921010971,-0.0863376185297966,0.9993457198143004,0.6302815675735474,0.4116564989089966,-0.0809373706579208,0.999104380607605,0.6295520663261414,0.411461740732193,-0.0809748396277427,0.99893981218338,0.6286865472793579,0.4113586843013763,-0.0810109004378318,0.999119758605957,0.6302453279495239,0.4124325215816498,-0.100708283483982,0.9992806315422058,0.6295315623283386,0.4127862453460693,-0.1008017510175705,0.9993191957473756,0.6286836862564087,0.4132208228111267,-0.1008657440543174,0.9994444251060486,0.6215693354606628,0.4167231321334839,-0.0435616113245487,0.997130572795868,0.6221410632133484,0.4194737374782562,-0.1312967091798782,0.9991171360015868,0.631342351436615,0.4276300966739654,-0.0687604695558548,0.9974892139434814,0.6311530470848083,0.4280321896076202,-0.0943045392632484,0.99796724319458,0.6051538586616516,0.4586299955844879,0.0169930327683687,0.9987176656723022,0.6131759881973267,0.4710393846035003,-0.159469798207283,0.999836802482605,0.5926523804664612,0.5228864550590515,0.08220886439085,0.0564987584948539,0.6120567321777344,0.549193799495697,-0.161265343427658,0.945655882358551,0.5942119359970093,0.5706208944320679,0.0893756672739982,0.0923593416810035,0.6192094683647156,0.6193075180053711,-0.1250225156545639,0.8565942049026489,0.5936504602432251,0.5819419026374817,0.090601235628128,0.1004162430763244,0.6214625835418701,0.6380904316902161,-0.142017051577568,0.7935674786567688,0.5959311723709106,0.5843602418899536,0.0732419341802597,0.1063016429543495,0.6218785047531128,0.6373383402824402,-0.1414586901664734,0.787233293056488,0.596638560295105,0.5821858048439026,0.0813993364572525,0.110565960407257,0.6205175518989563,0.6300475001335144,-0.123728409409523,0.7172825932502747,0.5922205448150635,0.5939633250236511,0.0565475225448608,0.999536633491516,0.5983666181564331,0.599006712436676,-0.0563920065760612,0.9998371005058287,0.6036787629127502,0.6742189526557922,0.1452879309654235,0.3912568390369415,0.6015344262123108,0.6834897994995117,0.0260764751583337,0.9487621188163756,0.5896065831184387,0.7477799654006958,0.2482501864433288,0.5498371124267578,0.5740715265274048,0.7541568279266357,0.1276342868804931,0.9162103533744812,0.5880696773529053,0.757131040096283,0.2573515772819519,0.6210721731185913,0.5657908916473389,0.7630175352096558,0.1366480737924575,0.8508784174919128,0.6102022528648376,0.7574073672294617,0.240499347448349,0.6972285509109497,0.5943710207939148,0.7733229398727417,0.10801962018013,0.914004683494568
0.640120804309845,0.4256329536437988,-0.0761612877249717,0.9993162751197816,0.6365964412689209,0.4177948534488678,-0.0727829039096832,0.99907785654068,0.6357306838035583,0.4176763296127319,-0.0728301703929901,0.9989067912101746,0.634691059589386,0.417707234621048,-0.0728719308972358,0.9990917444229126,0.6366577744483948,0.4184321761131286,-0.0912726446986198,0.9992685317993164,0.6358976364135742,0.4187677800655365,-0.0913575068116188,0.999304473400116,0.6349720358848572,0.4192413091659546,-0.0914128571748733,0.9994351267814636,0.6272789239883423,0.4236859679222107,-0.0427806936204433,0.997166395187378,0.6283047795295715,0.4263767004013061,-0.1253959834575653,0.9991292357444764,0.6373372673988342,0.4342216253280639,-0.0612170547246933,0.997437059879303,0.6373927593231201,0.434315413236618,-0.085184097290039,0.9979679584503174,0.6077786087989807,0.4621310532093048,0.0149511201307177,0.9987416863441468,0.6186617016792297,0.4767652750015259,-0.1537854522466659,0.9998425245285034,0.5919751524925232,0.5227676630020142,0.081546165049076,0.0585108660161495,0.6178978085517883,0.5537565350532532,-0.1613949835300445,0.9464498162269592,0.5928136110305786,0.5693383812904358,0.0744471475481987,0.0912802144885063,0.6313851475715637,0.6213617920875549,-0.1251035630702972,0.8575904369354248,0.5930365920066833,0.5798482894897461,0.07515699416399,0.098412849009037,0.6335467100143433,0.6396775245666504,-0.1449345499277115,0.7947860360145569,0.5946112275123596,0.5823919773101807,0.05917414650321,0.1040240228176117,0.6345866918563843,0.639308512210846,-0.143101692199707,0.7886417508125305,0.5952867865562439,0.5803231596946716,0.0670790374279022,0.1085379272699356,0.6335350871086121,0.6309507489204407,-0.1253286600112915,0.7179374098777771,0.5921094417572021,0.5926258563995361,0.0545262023806571,0.999501883983612,0.600479245185852,0.599883496761322,-0.0544045083224773,0.9998287558555604,0.6114458441734314,0.6669319868087769,0.1448303312063217,0.3927484154701233,0.6127356290817261,0.6827201247215271,0.0254275687038898,0.9472803473472596,0.5914050936698914,0.74009108543396,0.2535151541233063,0.5494972467422485,0.5820153951644897,0.7505228519439697,0.1356179416179657,0.9151989221572876,0.588928759098053,0.7468470931053162,0.2637397944927215,0.6159969568252563,0.5736055970191956,0.7581649422645569,0.1459517627954483,0.8468871712684631,0.6122433543205261,0.7564429640769958,0.2541412711143493,0.6934253573417664,0.5945237278938293,0.7722991108894348,0.1253554373979568,0.9122158885002136
0.6450116634368896,0.4333686828613281,-0.0960303172469139,0.9992591738700868,0.6418440937995911,0.4255141317844391,-0.0919063985347747,0.9990229606628418,0.6410660147666931,0.4252688586711883,-0.0919649973511695,0.9988637566566468,0.6400893926620483,0.4252029359340668,-0.092036098241806,0.9990555047988892,0.641656756401062,0.4266590178012848,-0.107755146920681,0.9991994500160216,0.6408158540725708,0.4272126853466034,-0.1078067794442176,0.9992395043373108,0.6398013234138489,0.4279558956623077,-0.1078320890665054,0.9993626475334167,0.6321613788604736,0.4308344423770904,-0.0600115582346916,0.9972252249717712,0.6327671408653259,0.4350664615631103,-0.1309560090303421,0.9990426898002625,0.6424130201339722,0.4420651197433471,-0.0812432542443275,0.9973130226135254,0.6420944333076477,0.4430724680423736,-0.1017605811357498,0.9978395104408264,0.6137049794197083,0.4669683873653412,-0.003973267506808,0.998726487159729,0.6218689680099487,0.489072173833847,-0.1545671671628952,0.9998094439506532,0.606235921382904,0.532715380191803,0.0447939299046993,0.0594246573746204,0.6250494122505188,0.5653827786445618,-0.1609446108341217,0.9440560936927797,0.6134337782859802,0.5928223729133606,0.0432109050452709,0.0905370265245437,0.6419655680656433,0.6240092515945435,-0.1236681193113327,0.8555610179901123,0.615163266658783,0.6045887470245361,0.0452153272926807,0.0979262515902519,0.6451752185821533,0.6414560675621033,-0.140706717967987,0.7936758399009705,0.6169348955154419,0.6092185974121094,0.0283994767814874,0.1035083308815956,0.6477875113487244,0.6405153870582581,-0.13706736266613,0.7880282402038574,0.6160202622413635,0.6062342524528503,0.0360981002449989,0.108874499797821,0.6461769938468933,0.6340599060058594,-0.1220746263861656,0.7165123820304871,0.5935767889022827,0.5918307900428772,0.049525786191225,0.999435544013977,0.5992765426635742,0.6019371151924133,-0.0494383797049522,0.999780297279358,0.6178385019302368,0.6609542965888977,0.1092905551195144,0.393755555152893,0.6228138208389282,0.6799415349960327,-0.0066468641161918,0.9451274275779724,0.5907775163650513,0.7341020703315735,0.1913078427314758,0.5511782765388489,0.5866889357566833,0.7422136068344116,0.0921429395675659,0.9111485481262208,0.5863847732543945,0.7359269261360168,0.1985954344272613,0.605741024017334,0.5750083327293396,0.746612012386322,0.1018611565232276,0.8368951678276062,0.6083225011825562,0.7564870119094849,0.1957437843084335,0.6881553530693054,0.5986019968986511,0.768152117729187,0.0975743308663368,0.9070352911949158
0.6494025588035583,0.446533739566803,-0.0929498970508575,0.9991567730903624,0.6470052599906921,0.4381389319896698,-0.0874952301383018,0.9989271759986876,0.6462922692298889,0.4379013478755951,-0.0875395759940147,0.9987745881080629,0.6453376412391663,0.4377844929695129,-0.0875837057828903,0.9989911913871764,0.6467999219894409,0.4391102492809295,-0.1062922179698944,0.9990707039833068,0.6460143327713013,0.4394444823265075,-0.1064167320728302,0.9990946054458618,0.6450140476226807,0.4399600028991699,-0.106489859521389,0.9992245435714722,0.6364812254905701,0.4410407841205597,-0.0548424273729324,0.9972719550132751,0.6373865008354187,0.4446566998958587,-0.1284250617027282,0.9988897442817688,0.646022379398346,0.4554870128631592,-0.0765070840716362,0.9971078634262084,0.6453783512115479,0.4574689567089081,-0.1003041714429855,0.9976484775543212,0.6160449981689453,0.4789561033248901,0.0015575375873595,0.9987421631813048,0.626377284526825,0.4983983933925628,-0.1505463421344757,0.9997833371162416,0.609264612197876,0.5460788011550903,0.0499178729951381,0.0609220564365386,0.6326982378959656,0.5742440819740295,-0.1529335677623748,0.943248212337494,0.6190904378890991,0.6066104769706726,0.0464877448976039,0.0907319337129592,0.6548739671707153,0.627318799495697,-0.1099005714058876,0.8574018478393555,0.6211080551147461,0.617553174495697,0.0488926284015178,0.0987063869833946,0.6605390906333923,0.6436119675636292,-0.1258602738380432,0.7968423962593079,0.6233479976654053,0.6214731335639954,0.0305209588259458,0.1042114943265914,0.6642028093338013,0.6426160931587219,-0.120384469628334,0.7916674017906189,0.622334897518158,0.618853747844696,0.0386034995317459,0.1105004400014877,0.6619195938110352,0.6362648010253906,-0.1072022467851638,0.7204806804656982,0.59291672706604,0.5950329899787903,0.0491109639406204,0.999324381351471,0.5981737971305847,0.6098336577415466,-0.0490171462297439,0.9997204542160034,0.6226884126663208,0.6426888704299927,0.1037307456135749,0.3871451318264007,0.6294288039207458,0.6800124049186707,-0.0176197234541177,0.9406694173812866,0.598846971988678,0.7152243256568909,0.1887761205434799,0.5423450469970703,0.5901514887809753,0.7414982318878174,0.0782020017504692,0.9062139987945556,0.5833887457847595,0.730952262878418,0.197098970413208,0.5917378664016724,0.5786790251731873,0.7450557351112366,0.0880698338150978,0.8284555673599243,0.6084945201873779,0.7543280124664307,0.1997272372245788,0.6769956350326538,0.6048115491867065,0.7651925683021545,0.085593432188034,0.9022751450538636
0.6540005803108215,0.4594947099685669,-0.0950924679636955,0.999203622341156,0.651900589466095,0.45063516497612,-0.0905660837888717,0.9989995360374452,0.6512753963470459,0.450430154800415,-0.0906059071421623,0.9988628625869752,0.6503812074661255,0.4504089951515198,-0.0906575694680213,0.9990610480308532,0.6515428423881531,0.4517923593521118,-0.1075413227081298,0.9991278648376464,0.650736927986145,0.4524021744728088,-0.1075982227921485,0.9991488456726074,0.6497211456298828,0.4531823992729187,-0.1076257303357124,0.9992654919624328,0.6409195065498352,0.4541705250740051,-0.0566031113266944,0.9975076913833618,0.6418730020523071,0.459183394908905,-0.1295710504055023,0.9989575743675232,0.6511980295181274,0.4697961509227752,-0.0791031792759895,0.9972619414329528,0.6506052613258362,0.4716490507125854,-0.1011279374361038,0.9977716207504272,0.61858731508255,0.4874914586544037,0.0030034217052161,0.9988171458244324,0.6305736899375916,0.5164346098899841,-0.1490648239850998,0.9997907280921936,0.6088442206382751,0.5426065921783447,0.056829210370779,0.0679317042231559,0.6417766809463501,0.5845625400543213,-0.1440645903348922,0.9459375143051147,0.6166464686393738,0.6038944125175476,0.0783064216375351,0.0946083664894104,0.6660010814666748,0.6330958008766174,-0.0946758687496185,0.8651753664016724,0.617321252822876,0.6020421385765076,0.0855798348784446,0.1025173366069793,0.6738625168800354,0.6487627029418945,-0.1087529361248016,0.8070043921470642,0.6205575466156006,0.6076548099517822,0.0673005208373069,0.1078562512993812,0.6767405271530151,0.6460663080215454,-0.1021426692605018,0.8022336959838867,0.6202508211135864,0.6097407937049866,0.0714655891060829,0.1149709075689315,0.6742216944694519,0.6402587890625,-0.0913453921675682,0.7332128286361694,0.5919694900512695,0.5998730063438416,0.0495764650404453,0.9993140697479248,0.5974544286727905,0.617845356464386,-0.0494560077786445,0.9997236728668212,0.6319553852081299,0.6156476736068726,0.0966824740171432,0.3841593563556671,0.6349758505821228,0.6783501505851746,-0.027853574603796,0.939321219921112,0.6121888756752014,0.6961223483085632,0.1720906794071197,0.5354631543159485,0.6015797853469849,0.7417448163032532,0.0561715997755527,0.9067038893699646,0.6039084792137146,0.7064544558525085,0.1795875877141952,0.5809493064880371,0.5858013033866882,0.7491426467895508,0.0650116056203842,0.8294529318809509,0.6253977417945862,0.7282381057739258,0.1885827630758285,0.6698412895202637,0.6125812530517578,0.7659010291099548,0.0674455687403678,0.9026147723197936
0.6572257280349731,0.4813019335269928,-0.0591737367212772,0.9992346167564392,0.6546915769577026,0.472465306520462,-0.0569655671715736,0.9990545511245728,0.6538919806480408,0.4721627831459045,-0.0570034943521022,0.9989333748817444,0.6528917551040649,0.4720363020896911,-0.0570377372205257,0.9991157650947572,0.6546421647071838,0.473712146282196,-0.0722458660602569,0.9991697669029236,0.6538911461830139,0.4742087423801422,-0.0722812190651893,0.9991916418075562,0.6530107259750366,0.474772036075592,-0.0722926557064056,0.9992965459823608,0.64417564868927,0.475752592086792,-0.0333092026412487,0.9977126121520996,0.6461713314056396,0.4795549213886261,-0.1005022823810577,0.999009609222412,0.6533291339874268,0.489450067281723,-0.0472732223570346,0.9974061250686646,0.6534713506698608,0.4909204542636871,-0.0671577900648117,0.9978779554367064,0.6213332414627075,0.4999715089797973,0.0181084293872118,0.998900830745697,0.6357734203338623,0.5314275622367859,-0.127035841345787,0.999804139137268,0.6176496744155884,0.5475678443908691,0.0646384134888649,0.0883401855826377,0.6497049331665039,0.5977818369865417,-0.1340730041265487,0.9494516253471376,0.6245545744895935,0.600086510181427,0.0710588321089744,0.107203334569931,0.6781342029571533,0.6375946402549744,-0.1011814549565315,0.873833179473877,0.624463677406311,0.5927913188934326,0.0761147364974021,0.1131369173526763,0.6848220229148865,0.6502360105514526,-0.1181298866868019,0.8185596466064453,0.6276382803916931,0.5964872241020203,0.0585766620934009,0.1182699352502822,0.6882944107055664,0.6487661004066467,-0.1094539314508438,0.8139971494674683,0.628170907497406,0.5998789668083191,0.0639711245894432,0.1256822645664215,0.6858855485916138,0.6429492235183716,-0.0975381135940551,0.7474598288536072,0.591330885887146,0.6093323230743408,0.0490083582699298,0.9993171691894532,0.5969687104225159,0.6248401403427124,-0.0488800555467605,0.9997299909591676,0.628213107585907,0.6336579918861389,0.0935881808400154,0.3795505166053772,0.6378289461135864,0.6773287653923035,-0.0291447751224041,0.9370900392532348,0.6047395467758179,0.7161092162132263,0.1671690493822097,0.5314733386039734,0.606306791305542,0.743228018283844,0.0523287020623683,0.9069504737854004,0.5968338251113892,0.7191326022148132,0.174044519662857,0.5773577690124512,0.5904102921485901,0.7514878511428833,0.0607842281460762,0.833672821521759,0.6209351420402527,0.7398543357849121,0.1821529418230056,0.6652799844741821,0.6203867793083191,0.7659890651702881,0.0658406689763069,0.903130829334259
0.6611998677253723,0.5042163729667664,-0.0303410589694976,0.9992618560791016,0.6586713790893555,0.4951041340827942,-0.0315852724015712,0.9991090297698976,0.6576988101005554,0.4947864115238189,-0.0316301472485065,0.9990030527114868,0.6565976738929749,0.4946954846382141,-0.0316669195890426,0.9991700053215028,0.6591596007347107,0.4965303838253021,-0.0447173491120338,0.9992126226425172,0.6586094498634338,0.4972006976604461,-0.0447642691433429,0.9992361068725586,0.6579635739326477,0.4979887306690216,-0.0447775535285472,0.999329686164856,0.6486398577690125,0.4985824525356293,-0.0210590530186891,0.9979137778282166,0.6515509486198425,0.503594160079956,-0.0793342143297195,0.999068319797516,0.6569574475288391,0.51268470287323,-0.0233948715031147,0.9975639581680298,0.6577421426773071,0.51453697681427,-0.040535170584917,0.9979851841926576,0.6256721615791321,0.5245456099510193,0.0210217274725437,0.99898362159729,0.6402318477630615,0.5508661866188049,-0.1088945865631103,0.9998179078102112,0.6163149476051331,0.5543954372406006,0.0799534320831298,0.1214785873889923,0.6564088463783264,0.6167983412742615,-0.116536870598793,0.9534627199172974,0.6180874109268188,0.5957707166671753,0.1123412027955055,0.11837799847126,0.6883153915405273,0.6461029052734375,-0.0826352536678314,0.8819056153297424,0.6168359518051147,0.593506395816803,0.1230695694684982,0.1223832443356514,0.6966293454170227,0.6559166312217712,-0.0964085832238197,0.8292746543884277,0.6200301051139832,0.5968132615089417,0.1067672148346901,0.1270066350698471,0.6993756890296936,0.653549313545227,-0.0862618312239646,0.8249866366386414,0.6210823059082031,0.5998047590255737,0.107144609093666,0.1343234479427337,0.6957643032073975,0.6486678719520569,-0.078306458890438,0.7610939145088196,0.5912764072418213,0.6183120608329773,0.0455661565065383,0.9993462562561036,0.5982847213745117,0.6332493424415588,-0.0454430617392063,0.9997429251670836,0.6301297545433044,0.6523487567901611,0.0901824235916137,0.3938106596469879,0.6441581845283508,0.6773468852043152,-0.0257134791463613,0.938712239265442,0.6094434857368469,0.7258924245834351,0.1468243300914764,0.5478581190109253,0.6137272715568542,0.743528425693512,0.0511780157685279,0.9101406335830688,0.5951830744743347,0.7347941398620605,0.1522813439369201,0.5914274454116821,0.6031343340873718,0.7512425780296326,0.0602566041052341,0.8431728482246399,0.6174963712692261,0.757164716720581,0.1594540327787399,0.6723799109458923,0.6262494325637817,0.76643306016922,0.0710320621728897,0.9055703282356262
0.663832426071167,0.523471474647522,-0.0236111003905534,0.9993118047714232,0.661894679069519,0.5151671171188354,-0.0231547467410564,0.999181628227234,0.6610075235366821,0.5146694779396057,-0.0231971144676208,0.9990871548652648,0.6599792242050171,0.5143240690231323,-0.0232165567576885,0.9992386102676392,0.6620732545852661,0.5169593691825867,-0.0361835211515426,0.999276638031006,0.6614479422569275,0.5176238417625427,-0.0362279526889324,0.99929940700531,0.6607726812362671,0.5183926820755005,-0.0362363271415233,0.9993833303451538,0.652265191078186,0.5161229372024536,-0.0093258433043956,0.9981101155281068,0.6544482707977295,0.52301424741745,-0.0666064321994781,0.9991445541381836,0.6598750948905945,0.5299956202507019,-0.0156788490712642,0.997767210006714,0.6602444052696228,0.5328564047813416,-0.0326948426663875,0.9981451630592346,0.628334641456604,0.5308497548103333,0.0304459501057863,0.9990662932395936,0.643668532371521,0.5692154765129089,-0.0966083109378814,0.99983412027359,0.6323503255844116,0.570335865020752,0.0837377458810806,0.1393645405769348,0.6620696783065796,0.6341774463653564,-0.1053552478551864,0.957503080368042,0.6479954123497009,0.600307822227478,0.1057424992322921,0.1324305534362793,0.6949371695518494,0.6574305295944214,-0.0852431058883667,0.8920763731002808,0.6499091982841492,0.5951806902885437,0.1146165058016777,0.1358920484781265,0.7036481499671936,0.6654482483863831,-0.1017327532172203,0.8433436155319214,0.6539186239242554,0.5989968180656433,0.0962135940790176,0.1403501629829406,0.7064871191978455,0.6623998880386353,-0.0912515446543693,0.8393318057060242,0.6538763642311096,0.6042858958244324,0.0991803929209709,0.1482383608818054,0.7027474641799927,0.658759593963623,-0.0815807580947876,0.7796728014945984,0.590888261795044,0.6248506307601929,0.0428566113114357,0.9993674755096436,0.5998954772949219,0.6402061581611633,-0.0427057817578315,0.9997574090957642,0.6285574436187744,0.6525499224662781,0.0883059576153755,0.381196528673172,0.6487606167793274,0.6774252653121948,-0.0193490553647279,0.9378722310066224,0.6065557599067688,0.726470410823822,0.1579663604497909,0.5307874083518982,0.620873749256134,0.7436988949775696,0.0503034517168998,0.9103807806968688,0.5938480496406555,0.7345224022865295,0.1652552038431167,0.5832636952400208,0.610393762588501,0.7516560554504395,0.0585643798112869,0.8498919010162354,0.6157716512680054,0.7527601718902588,0.1749513745307922,0.6561315059661865,0.6295057535171509,0.7657086253166199,0.0693384334444999,0.9044678211212158
0.6662248373031616,0.5451966524124146,-0.0302136819809675,0.9993667602539062,0.6645267009735107,0.5373455286026001,-0.0280427653342485,0.9992518424987792,0.6636137366294861,0.5368870496749878,-0.0280871167778968,0.9991672039031982,0.6625718474388123,0.536482036113739,-0.0281102582812309,0.999305546283722,0.6645357608795166,0.5386117696762085,-0.0420282408595085,0.9993382692337036,0.6638289093971252,0.5390521287918091,-0.042064968496561,0.9993596076965332,0.6630608439445496,0.5395267605781555,-0.0420738495886325,0.9994353652000428,0.6549286246299744,0.5358260273933411,-0.0078471833840012,0.9982883334159852,0.6567953824996948,0.5417834520339966,-0.0695399418473243,0.9992157816886902,0.6620305180549622,0.5519708395004272,-0.0201243422925472,0.9979658126831056,0.6623536348342896,0.553642213344574,-0.0383558385074138,0.998304843902588,0.6336578726768494,0.5583817958831787,0.0373101718723773,0.9991428256034852,0.6459697484970093,0.5827533602714539,-0.1007266044616699,0.9998469352722168,0.6450583934783936,0.6008517742156982,0.0744759961962699,0.1497669816017151,0.6650668978691101,0.6461331248283386,-0.1110073775053024,0.9607727527618408,0.6674312353134155,0.6275798678398132,0.0570148974657058,0.1492701917886734,0.7020191550254822,0.6684256196022034,-0.0916763767600059,0.9012891054153442,0.671869158744812,0.6218751072883606,0.0606817938387393,0.1534781903028488,0.7105130553245544,0.676479160785675,-0.1098441779613494,0.8561129570007324,0.6755861043930054,0.6248663067817688,0.042959526181221,0.1579201817512512,0.7122867107391357,0.6734683513641357,-0.0987574383616447,0.8523298501968384,0.6744043231010437,0.6302812099456787,0.0492040105164051,0.1663247048854828,0.7093549370765686,0.6705110669136047,-0.0879386663436889,0.7966733574867249,0.5907381772994995,0.6372013092041016,0.0443327762186527,0.9993565082550048,0.5993583798408508,0.6511842012405396,-0.0441816635429859,0.9997591376304626,0.6310131549835205,0.6577100157737732,0.0871834084391594,0.3645977079868316,0.6451358795166016,0.6795638799667358,-0.0244345981627702,0.935388445854187,0.6062432527542114,0.7280480861663818,0.160020112991333,0.5128056406974792,0.6216756105422974,0.7479023933410645,0.0497560538351535,0.9102049469947816,0.5958247780799866,0.7354143857955933,0.1673467308282852,0.5700339078903198,0.617970883846283,0.7595011591911316,0.0579620227217674,0.8534461259841919,0.6168563365936279,0.7526870369911194,0.1741096675395965,0.6391903758049011,0.637148916721344,0.7659883499145508,0.0657450929284095,0.9033632278442384
0.6696879267692566,0.5591844916343689,-0.0388103164732456,0.999418318271637,0.6688041090965271,0.5512555837631226,-0.0349784344434738,0.9993154406547546,0.6680432558059692,0.5507107377052307,-0.0350201539695262,0.9992399215698242,0.6671142578125,0.550162136554718,-0.0350403115153312,0.9993659257888794,0.668753445148468,0.5521813035011292,-0.0497111342847347,0.9993942975997924,0.6680547595024109,0.5523347854614258,-0.0497489906847476,0.9994146227836608,0.6672547459602356,0.5525170564651489,-0.0497619956731796,0.999482035636902,0.6596393585205078,0.54831862449646,-0.0096985092386603,0.998445987701416,0.6605195999145508,0.5531167984008789,-0.0747177228331565,0.9992789030075072,0.6656152009963989,0.5660510659217834,-0.0273588001728057,0.9981527328491212,0.6654342412948608,0.5670025944709778,-0.0465142242610454,0.998453974723816,0.6413732767105103,0.5752257704734802,0.0377424471080303,0.9992122650146484,0.6479073166847229,0.5954878926277161,-0.1091553643345832,0.9998553991317748,0.6622498631477356,0.6188104748725891,0.0552817359566688,0.1584408283233642,0.6693637371063232,0.6573399305343628,-0.1223407015204429,0.9637696743011476,0.6866865754127502,0.651917576789856,0.022675035521388,0.1748389154672622,0.7053084969520569,0.6805993914604187,-0.1106649115681648,0.9101197719573976,0.6928700804710388,0.64775151014328,0.0231334455311298,0.1812925785779953,0.7131791710853577,0.6881870031356812,-0.1332574188709259,0.8684695363044739,0.695133626461029,0.6504617929458618,0.0048436373472213,0.1862982958555221,0.7144181728363037,0.6859328150749207,-0.1215468496084213,0.8649240136146545,0.6929579973220825,0.6554368138313293,0.0138291474431753,0.19478639960289,0.711573600769043,0.68291836977005,-0.1077509075403213,0.813202977180481,0.5930398106575012,0.6492799520492554,0.0451873205602169,0.9993963837623596,0.5989543199539185,0.6590906381607056,-0.045051947236061,0.9997714757919312,0.6332958936691284,0.666606068611145,0.084315113723278,0.3507387340068817,0.6498952507972717,0.6798996925354004,-0.0367332249879837,0.934061884880066,0.6130650639533997,0.7339509129524231,0.1534774005413055,0.5006726980209351,0.6287470459938049,0.7500516176223755,0.0506162904202938,0.904329776763916,0.6082276701927185,0.7446532845497131,0.1601200848817825,0.5569279193878174,0.6190841794013977,0.7607437372207642,0.0598478056490421,0.8498889803886414,0.6227108836174011,0.7566320300102234,0.1630470305681228,0.6262955665588379,0.6421467661857605,0.7689924836158752,0.0690679624676704,0.8962314128875732
0.6727655529975891,0.5769833326339722,-0.0349053144454956,0.9994749426841736,0.6722266674041748,0.5696117877960205,-0.0304385628551244,0.9993823766708374,0.6716697216033936,0.5690197944641113,-0.0304724052548408,0.9993144869804382,0.6710019707679749,0.5684157609939575,-0.0304769612848758,0.9994281530380248,0.6721276640892029,0.5704940557479858,-0.0457611791789531,0.9994533658027648,0.6715944409370422,0.5705339312553406,-0.0457985550165176,0.9994716644287108,0.6709927916526794,0.5705811977386475,-0.0458100587129592,0.9995322823524476,0.664108157157898,0.5658648014068604,-0.0034494216088205,0.9985994696617126,0.6648597717285156,0.5703732371330261,-0.0714084655046463,0.9993486404418944,0.6690828204154968,0.5823488235473633,-0.0231812223792076,0.9983353614807128,0.6690273284912109,0.5830884575843811,-0.0430397912859916,0.9986053705215454,0.645015299320221,0.5893481373786926,0.0465944372117519,0.9992863535881042,0.6515796184539795,0.6079605221748352,-0.1097940355539321,0.9998677968978882,0.6560826897621155,0.6387591361999512,0.0629097670316696,0.1620909571647644,0.6708099246025085,0.6685323715209961,-0.1221533492207527,0.9668035507202148,0.6742977499961853,0.6787714958190918,0.0415179580450058,0.1884740740060806,0.7035038471221924,0.6956481337547302,-0.1034161522984504,0.918139636516571,0.6786977648735046,0.6782380938529968,0.0429770685732364,0.1970298290252685,0.7102138996124268,0.7051228880882263,-0.1259854137897491,0.8795679211616516,0.6809816360473633,0.6806249022483826,0.0248745121061801,0.2022799253463745,0.7117138504981995,0.7036967277526855,-0.113929308950901,0.876254141330719,0.67939692735672,0.6836045384407043,0.0329411998391151,0.2111099660396576,0.7097325921058655,0.6995941400527954,-0.1005965694785118,0.8283705115318298,0.5953778028488159,0.6581131219863892,0.0462983176112175,0.9994494915008544,0.5990580916404724,0.6701185703277588,-0.0461118407547473,0.999790608882904,0.6430424451828003,0.6687019467353821,0.0861554816365242,0.3475025296211242,0.6507979035377502,0.6829681396484375,-0.045733630657196,0.9363104701042176,0.6185246109962463,0.740111231803894,0.1444810479879379,0.506497323513031,0.622577428817749,0.7490870356559753,0.0491547808051109,0.903550624847412,0.6109065413475037,0.7475621104240417,0.1497487276792526,0.5595389604568481,0.6106154322624207,0.7515533566474915,0.0596059560775756,0.8527292609214783,0.6223819255828857,0.7571101784706116,0.1509802490472793,0.6300897002220154,0.6321331858634949,0.774634599685669,0.0715192854404449,0.8952747583389282
0.6745827794075012,0.5878378748893738,-0.0205595586448907,0.9995264410972596,0.6739740371704102,0.5798410177230835,-0.0149664869531989,0.9994428753852844,0.6732586026191711,0.5791131854057312,-0.0149863194674253,0.9993818402290344,0.6723971962928772,0.5784836411476135,-0.0149751910939812,0.999484360218048,0.6741969585418701,0.5808601379394531,-0.0316739901900291,0.9995068311691284,0.6737121939659119,0.5808686017990112,-0.0317144766449928,0.9995233416557312,0.6731430888175964,0.5809498429298401,-0.0317253582179546,0.9995777606964112,0.6651516556739807,0.5782078504562378,0.0134044652804732,0.998737633228302,0.6667279601097107,0.5819027423858643,-0.060702696442604,0.9994117617607116,0.6705808043479919,0.593488335609436,-0.0086681824177503,0.9984995722770692,0.6709818243980408,0.5942382216453552,-0.0303132887929677,0.9987417459487916,0.646241307258606,0.6038415431976318,0.0667726248502731,0.9993534088134766,0.6548294425010681,0.6167694926261902,-0.1053522080183029,0.9998797178268432,0.6556819081306458,0.6547769904136658,0.0850165858864784,0.1687277108430862,0.6711189150810242,0.6768226027488708,-0.1219907104969024,0.9698748588562012,0.6712555289268494,0.6965900659561157,0.0497266426682472,0.2170071899890899,0.701403021812439,0.7118420004844666,-0.1037863120436668,0.926033616065979,0.676670253276825,0.7041209936141968,0.051554936915636,0.2273094803094864,0.706730842590332,0.723161518573761,-0.1269167810678482,0.8908993601799011,0.678460419178009,0.7076964974403381,0.0350466556847095,0.2332936525344848,0.7082034945487976,0.7220006585121155,-0.1139065250754356,0.8878563642501831,0.6759970188140869,0.7076764106750488,0.0422570332884788,0.2417725473642349,0.7060458660125732,0.7174372673034668,-0.1005986854434013,0.8441472053527832,0.597445547580719,0.6687121391296387,0.0509933978319168,0.999495565891266,0.6014503240585327,0.6811707615852356,-0.0507942326366901,0.9998078942298888,0.6470844149589539,0.6782790422439575,0.0897157415747642,0.3342621326446533,0.654554545879364,0.6880328059196472,-0.0497803874313831,0.9381243586540222,0.6225395202636719,0.7405203580856323,0.151689350605011,0.5003052949905396,0.625174343585968,0.749967634677887,0.0385712198913097,0.902661919593811,0.6148062944412231,0.749067485332489,0.1574919372797012,0.5547319054603577,0.6121736168861389,0.7518118619918823,0.0481545515358448,0.8555198907852173,0.6280938386917114,0.7605757117271423,0.1602699905633926,0.6250866651535034,0.6286460757255554,0.7756533622741699,0.0591113530099391,0.8946433067321777
0.6786187291145325,0.5902503728866577,-0.018095688894391,0.99957275390625,0.6774821877479553,0.5821134448051453,-0.0117935175076127,0.9994972944259644,0.6766919493675232,0.5813890099525452,-0.0118076587095856,0.9994425177574158,0.6757877469062805,0.5808379650115967,-0.0117872525006532,0.9995349645614624,0.6776515245437622,0.5830930471420288,-0.028891434893012,0.9995549917221068,0.6770845651626587,0.5831162333488464,-0.0289316549897193,0.9995699524879456,0.6764592528343201,0.5832048654556274,-0.028942497447133,0.9996187686920166,0.6683161854743958,0.5808201432228088,0.0181599296629428,0.9988619685173036,0.6700897216796875,0.5845335721969604,-0.0573019608855247,0.9994686841964722,0.6746141910552979,0.596747636795044,-0.0057371328584849,0.9986469745635986,0.6750890016555786,0.5976288914680481,-0.0277954395860433,0.9988641738891602,0.6485007405281067,0.6140772700309753,0.0743331909179687,0.9994134306907654,0.6578768491744995,0.6223366856575012,-0.1047988459467887,0.999890685081482,0.6578327417373657,0.6740217804908752,0.0915085822343826,0.1724278032779693,0.6698445677757263,0.6864150166511536,-0.1211489960551261,0.9726083278656006,0.67032790184021,0.7121710181236267,0.0564999654889106,0.2410721331834793,0.6980926394462585,0.726295530796051,-0.1024368181824684,0.9331448674201964,0.674445390701294,0.7238074541091919,0.0620468482375144,0.2520062625408172,0.7026700377464294,0.7387727499008179,-0.126305416226387,0.9010831117630004,0.6780278086662292,0.7237966656684875,0.04002620652318,0.2585763335227966,0.703845739364624,0.738107442855835,-0.1103520765900611,0.8982662558555603,0.6760764718055725,0.7222406268119812,0.0452251210808754,0.2670223712921142,0.7018788456916809,0.7327808737754822,-0.0978329479694366,0.8582078814506531,0.6007711887359619,0.6776030659675598,0.0541352443397045,0.9995349645614624,0.6041396856307983,0.6897720098495483,-0.0539544560015201,0.9998231530189514,0.6514753103256226,0.6836439371109009,0.0919839069247245,0.3123253881931305,0.650084376335144,0.7014912366867065,-0.0506184175610542,0.9375692009925842,0.625985324382782,0.739764928817749,0.1586421132087707,0.4776488542556762,0.6276560425758362,0.7513555884361267,0.033817384392023,0.8954618573188782,0.6192075610160828,0.7466757893562317,0.1650111824274063,0.5374990701675415,0.6156832575798035,0.7524362206459045,0.0429404787719249,0.8530339598655701,0.632597029209137,0.7613843083381653,0.1652268320322036,0.6040782332420349,0.6368882060050964,0.775008499622345,0.0541697815060615,0.8882055282592773
0.6813859343528748,0.6001747846603394,-0.0237082727253437,0.9996145367622375,0.6810289621353149,0.5916346907615662,-0.0178123116493225,0.9995465874671936,0.6802386045455933,0.5910157561302185,-0.0178307462483644,0.9994974732398988,0.6793146729469299,0.5905123353004456,-0.0178133081644773,0.99958074092865,0.6812706589698792,0.5925045609474182,-0.0345876365900039,0.999598503112793,0.6807544827461243,0.5925440192222595,-0.0346256308257579,0.9996121525764464,0.6801310181617737,0.5926375389099121,-0.0346371158957481,0.9996558427810668,0.6712706685066223,0.5897161364555359,0.0116397263482213,0.99897438287735,0.6730775833129883,0.593410849571228,-0.0625044107437133,0.9995202422142028,0.6769699454307556,0.6065656542778015,-0.0113591644912958,0.9987802505493164,0.6775228381156921,0.6075366139411926,-0.0330153666436672,0.9989749193191528,0.6503398418426514,0.618989884853363,0.0673942416906356,0.999469518661499,0.6600334048271179,0.6294841170310974,-0.1069702953100204,0.9999008774757384,0.6564543843269348,0.6779105067253113,0.0859914869070053,0.1786578297615051,0.6696595549583435,0.6953903436660767,-0.1202770248055458,0.9750553965568542,0.6690678000450134,0.7218658328056335,0.0540953241288661,0.2635920643806457,0.6933150887489319,0.7418710589408875,-0.0983103439211845,0.9395151138305664,0.6733546853065491,0.7305539846420288,0.0587613843381404,0.2746331989765167,0.6982715725898743,0.7551357746124268,-0.1205948665738105,0.9101815223693848,0.6749499440193176,0.7318719625473022,0.0379407219588756,0.2817815840244293,0.6997511386871338,0.7553019523620605,-0.1058492809534072,0.9075779318809508,0.6737824082374573,0.7309137582778931,0.0439622998237609,0.2900959253311157,0.6975437998771667,0.7493340373039246,-0.0936486795544624,0.8707945942878723,0.6031638383865356,0.682773232460022,0.053785216063261,0.9995742440223694,0.6070380806922913,0.6943714022636414,-0.0536131411790847,0.9998380541801452,0.6553343534469604,0.68830406665802,0.0929917320609092,0.2920155823230743,0.653245210647583,0.7051934599876404,-0.0509011521935462,0.9346582889556884,0.6277247071266174,0.7391176223754883,0.159348726272583,0.4521326422691345,0.6280855536460876,0.7524851560592651,0.0376259684562683,0.8814032673835754,0.6211288571357727,0.7430353760719299,0.1656651943922042,0.5153201818466187,0.6186015009880066,0.7513347268104553,0.0474114269018173,0.8448970913887024,0.6323344111442566,0.7621820569038391,0.171695202589035,0.5777078866958618,0.6323135495185852,0.7761755585670471,0.0600264705717563,0.8755718469619751
0.6857653260231018,0.6117534041404724,-0.0279290024191141,0.9996497631072998,0.6858717203140259,0.6025792956352234,-0.0224792305380105,0.9995883703231812,0.6852388978004456,0.6019595861434937,-0.0225242637097835,0.9995447397232056,0.6844608187675476,0.6013821959495544,-0.0225631203502416,0.9996196627616882,0.6857590079307556,0.6031345129013062,-0.0364038795232772,0.9996353983879088,0.6850966215133667,0.6028871536254883,-0.0364389456808567,0.9996482729911804,0.6843610405921936,0.6026661992073059,-0.0364695638418197,0.9996868968009948,0.6762705445289612,0.5987918376922607,0.0039014960639178,0.999071717262268,0.67656010389328,0.6017300486564636,-0.0627736896276474,0.9995642304420472,0.6812336444854736,0.6168518662452698,-0.013779167085886,0.9988973140716552,0.6812429428100586,0.6176455616950989,-0.0382307507097721,0.999072015285492,0.6546419858932495,0.6246355175971985,0.0595509484410285,0.9995187520980836,0.6610556244850159,0.6376593708992004,-0.118558831512928,0.99990975856781,0.6613729000091553,0.6861445903778076,0.0773673877120018,0.1741572767496109,0.6687765717506409,0.7093431353569031,-0.1376860439777374,0.9770889282226562,0.6737195253372192,0.7407865524291992,0.0397938303649425,0.2660140693187713,0.6919534802436829,0.7601906061172485,-0.1150722876191139,0.9450737237930298,0.6790526509284973,0.7435546517372131,0.0420718230307102,0.2781041264533996,0.6966236233711243,0.7728197574615479,-0.1377416402101516,0.9178648591041564,0.680688202381134,0.7461560964584351,0.0223779622465372,0.2854686379432678,0.697593629360199,0.7731472253799438,-0.1239969953894615,0.91538405418396,0.6783624887466431,0.7478496432304382,0.0300974734127521,0.2945099771022796,0.6964839100837708,0.7686359882354736,-0.1106293275952339,0.880855143070221,0.6064158082008362,0.6841328144073486,0.0549640581011772,0.9996070861816406,0.6093150973320007,0.6983257532119751,-0.0548260323703289,0.9998502731323242,0.6584376096725464,0.6969886422157288,0.0939514487981796,0.2730070948600769,0.6574580073356628,0.7115331888198853,-0.0538633503019809,0.9318113327026368,0.630214512348175,0.7396620512008667,0.1612150520086288,0.4296258985996246,0.630147397518158,0.7529638409614563,0.0391697995364666,0.8638880252838135,0.6231678128242493,0.7420547008514404,0.1676401495933532,0.4958008527755737,0.6209664940834045,0.7513830065727234,0.0495732203125953,0.8331279158592224,0.6346307396888733,0.7641556859016418,0.1806770712137222,0.5523925423622131,0.6383616328239441,0.7754303812980652,0.0649755671620369,0.8569666743278503
0.6899741888046265,0.6174554824829102,-0.0610689707100391,0.9996808767318726,0.6901305913925171,0.6084231734275818,-0.0550430677831172,0.9996249079704284,0.689538300037384,0.6077989935874939,-0.0550626553595066,0.9995862245559692,0.6888004541397095,0.607238233089447,-0.0550609342753887,0.9996538758277892,0.6899862289428711,0.6089334487915039,-0.0717449188232421,0.9996674060821532,0.6893328428268433,0.6086591482162476,-0.0717790126800537,0.999679446220398,0.6885972619056702,0.6084160804748535,-0.0717964023351669,0.9997132420539856,0.6804870367050171,0.6038848161697388,-0.0226760637015104,0.9991585612297058,0.6808226704597473,0.6069079637527466,-0.0971010997891426,0.999602198600769,0.6850448846817017,0.6227519512176514,-0.0471673756837844,0.999001443386078,0.6849075555801392,0.6233893632888794,-0.0693254023790359,0.9991577863693236,0.6584622263908386,0.6252554655075073,0.0359444171190261,0.9995623230934144,0.6628504395484924,0.6436789631843567,-0.1348598599433899,0.9999171495437622,0.6600216627120972,0.6894728541374207,0.0545741878449916,0.1714928150177002,0.66828453540802,0.713339626789093,-0.1517751663923263,0.978929042816162,0.6678453683853149,0.7497267723083496,0.0249214172363281,0.2685118019580841,0.686366856098175,0.770667552947998,-0.1298602968454361,0.9501045346260072,0.672012448310852,0.7541829943656921,0.0271136742085218,0.2824345529079437,0.6893459558486938,0.7835468053817749,-0.1527381837368011,0.924889862537384,0.6734798550605774,0.757076621055603,0.0062919063493609,0.2900802791118622,0.6917752623558044,0.7835106253623962,-0.1403665840625763,0.9225553274154664,0.6716642379760742,0.7581888437271118,0.0152705889195203,0.299946516752243,0.6902820467948914,0.7790392637252808,-0.1260090619325637,0.8901796340942383,0.6107702851295471,0.6840879321098328,0.0543256998062133,0.9996365904808044,0.6121979355812073,0.7007341384887695,-0.0541664399206638,0.9998602867126464,0.6615073084831238,0.7025123238563538,0.0942569449543953,0.2586922347545624,0.6603938341140747,0.7230562567710876,-0.0527479574084281,0.9284707903862,0.631817102432251,0.7401310205459595,0.1616385728120803,0.4111644923686981,0.630287766456604,0.7528682351112366,0.0431132242083549,0.8426541686058044,0.6249873042106628,0.7418187856674194,0.1692090183496475,0.4776602983474731,0.6231861710548401,0.7508671879768372,0.0574246868491172,0.8163114190101624,0.6351024508476257,0.7631806135177612,0.1853827089071273,0.5308425426483154,0.6378592848777771,0.7746456861495972,0.0838713496923446,0.8351989388465881
0.6928847432136536,0.6192802786827087,-0.0646852999925613,0.9997050762176514,0.6930906176567078,0.6111989617347717,-0.059333611279726,0.9996547102928162,0.6924750208854675,0.6106553077697754,-0.0593535080552101,0.9996214509010316,0.6917079091072083,0.6101810336112976,-0.0593523271381855,0.9996821284294128,0.6929293870925903,0.611871063709259,-0.0762859061360359,0.9996932148933412,0.6922456622123718,0.611775279045105,-0.0763177573680877,0.9997053742408752,0.6914625763893127,0.6116752624511719,-0.0763335525989532,0.9997336864471436,0.6836233735084534,0.6066095232963562,-0.0293145515024662,0.9992333650588988,0.6838509440422058,0.6099433302879333,-0.1044555604457855,0.9996324777603148,0.6878281235694885,0.6244021058082581,-0.0516324713826179,0.999086618423462,0.6876543760299683,0.6254457831382751,-0.0736437886953353,0.9992249608039856,0.6619974374771118,0.6195429563522339,0.0269941631704568,0.9995986819267272,0.6655042767524719,0.6464232802391052,-0.1391054540872573,0.9999228715896606,0.6563660502433777,0.6751462817192078,0.0503357499837875,0.1687471568584442,0.6683434247970581,0.7164976000785828,-0.154751107096672,0.9805949926376344,0.6583189368247986,0.7310025095939636,0.0288021676242351,0.2657803297042846,0.6824616193771362,0.7763952612876892,-0.1317773908376693,0.9546651244163512,0.6602912545204163,0.7345229387283325,0.0326386280357837,0.2806151509284973,0.6852609515190125,0.7861177921295166,-0.1545642465353012,0.9313951134681702,0.6607291102409363,0.7384130358695984,0.0115288067609071,0.2886093556880951,0.6876210570335388,0.785169243812561,-0.143031820654869,0.929230570793152,0.6595102548599243,0.7399365305900574,0.0194252543151378,0.299417108297348,0.686132550239563,0.7820391654968262,-0.1282276660203933,0.8989505767822266,0.6124686598777771,0.6861740946769714,0.0535982139408588,0.9996601343154908,0.6139907240867615,0.6991057991981506,-0.053504504263401,0.9998679757118224,0.6618297100067139,0.6993314027786255,0.0959933921694755,0.2444169521331787,0.6625000238418579,0.7247987389564514,-0.0479186661541461,0.9200315475463868,0.6335525512695312,0.7397969961166382,0.1667126268148422,0.3893428742885589,0.6331440806388855,0.7528192400932312,0.0531632751226425,0.8148993253707886,0.6275128126144409,0.7398489713668823,0.1744478791952133,0.4550332129001617,0.6262173056602478,0.7481411695480347,0.0657943934202194,0.79237300157547,0.6361189484596252,0.7615628242492676,0.1924745440483093,0.5048186779022217,0.6362569332122803,0.7744114995002747,0.0920029059052467,0.8077760934829712
0.6946045160293579,0.6195708513259888,-0.066428892314434,0.999725580215454,0.6948349475860596,0.6122071146965027,-0.0622140280902385,0.999682068824768,0.6942020654678345,0.6114143133163452,-0.0622449927031993,0.999653697013855,0.693407416343689,0.6105815172195435,-0.0622529424726963,0.9997078776359558,0.6947017908096313,0.6130953431129456,-0.0791068077087402,0.9997175931930542,0.6940507888793945,0.6129494905471802,-0.07914599776268,0.9997299909591676,0.6933215260505676,0.6127608418464661,-0.07916110008955,0.9997537732124328,0.6858815550804138,0.606192409992218,-0.035062026232481,0.9993021488189696,0.6863283514976501,0.6101572513580322,-0.1100752428174018,0.99966162443161,0.6898127794265747,0.6235557794570923,-0.0541683509945869,0.9991632103919984,0.6896905303001404,0.6246157288551331,-0.0761209577322006,0.9992852210998536,0.6640661954879761,0.6130071878433228,0.0199468079954385,0.9996290802955629,0.6674990057945251,0.6480135321617126,-0.1398734450340271,0.9999279975891112,0.654106855392456,0.6620600819587708,0.0586368925869464,0.1667246520519256,0.6681816577911377,0.7167004346847534,-0.1497365534305572,0.9822283387184144,0.6539693474769592,0.7133274078369141,0.0645598694682121,0.2585805356502533,0.6805413365364075,0.7764331698417664,-0.1226090043783187,0.9588505625724792,0.6560149788856506,0.7219762802124023,0.0730175971984863,0.2732231914997101,0.6839168071746826,0.7863434553146362,-0.1452288478612899,0.9374391436576844,0.657174289226532,0.7208780646324158,0.0517941452562809,0.2815408706665039,0.6861121654510498,0.7852864265441895,-0.1327615827322006,0.9354431629180908,0.6558468341827393,0.7213010191917419,0.0561825558543205,0.2932212650775909,0.6843855977058411,0.7819921970367432,-0.1189221516251564,0.90718275308609,0.614841878414154,0.6813696622848511,0.0496389120817184,0.9996755123138428,0.6162004470825195,0.6981729865074158,-0.0495833232998847,0.9998739957809448,0.6614475846290588,0.693400502204895,0.0957598015666008,0.2336294949054718,0.6617221832275391,0.7191593050956726,-0.0425062589347362,0.91231507062912,0.6356549859046936,0.7358055114746094,0.164395272731781,0.366956889629364,0.6328663229942322,0.7500392198562622,0.0572244673967361,0.7894408106803894,0.6300679445266724,0.7370184659957886,0.1719261109828949,0.4317667782306671,0.6264508366584778,0.7459261417388916,0.0688077434897422,0.7714520692825317,0.6381426453590393,0.7565779089927673,0.1898188441991806,0.4778839647769928,0.6360530853271484,0.7734836339950562,0.0950681716203689,0.7814561724662781
0.6959089636802673,0.6216576099395752,-0.0836587473750114,0.999747097492218,0.6960573792457581,0.6141018867492676,-0.0807143375277519,0.9997090101242064,0.6955026388168335,0.6131638288497925,-0.0807383060455322,0.999684512615204,0.6948229074478149,0.6122233867645264,-0.0807420909404754,0.9997327327728271,0.6958999633789062,0.6150657534599304,-0.0970830395817756,0.9997414350509644,0.6953188180923462,0.6148338317871094,-0.09711554646492,0.9997535347938538,0.6946529746055603,0.6145959496498108,-0.0971311777830123,0.9997735023498536,0.6878817081451416,0.6077130436897278,-0.0546677857637405,0.9993664026260376,0.6882351040840149,0.6122807264328003,-0.1273725628852844,0.999690055847168,0.6913712620735168,0.6244984269142151,-0.071308709681034,0.9992348551750184,0.6912359595298767,0.6257438659667969,-0.09259994328022,0.999341368675232,0.666088879108429,0.6082901358604431,0.0047447667457163,0.999658465385437,0.6686357259750366,0.6509542465209961,-0.1499155461788177,0.9999322295188904,0.65397709608078,0.6581157445907593,0.0616453103721141,0.1727364510297775,0.6687192320823669,0.7175238132476807,-0.1560016125440597,0.9835771918296814,0.654762327671051,0.7000510096549988,0.0867897197604179,0.2579047381877899,0.6797210574150085,0.7765270471572876,-0.1232664287090301,0.9623045921325684,0.6574169993400574,0.7023429870605469,0.0980894342064857,0.2711357176303863,0.6834000945091248,0.7864341139793396,-0.1419975608587265,0.9422709941864014,0.6588609218597412,0.7094581127166748,0.0775052979588508,0.2797807157039642,0.6854671835899353,0.7856842875480652,-0.132363274693489,0.9404183626174928,0.6575109958648682,0.7121841311454773,0.0793648138642311,0.2927092015743255,0.6835119128227234,0.782142698764801,-0.1199276000261306,0.9135684370994568,0.6152684092521667,0.6779932975769043,0.0473558716475963,0.9996942281723022,0.6168527603149414,0.6969504356384277,-0.0472902506589889,0.999880075454712,0.6589946746826172,0.687951922416687,0.0954704210162162,0.2300139814615249,0.6596841216087341,0.7186810374259949,-0.0353004820644855,0.8990235328674316,0.6372331976890564,0.7297473549842834,0.164574459195137,0.3478582501411438,0.634039044380188,0.745522141456604,0.0648534893989563,0.7571569085121155,0.6325912475585938,0.7328065037727356,0.1725081801414489,0.4105702042579651,0.6285573840141296,0.7412561774253845,0.0764470025897026,0.7419939041137695,0.6405200362205505,0.7506449222564697,0.1967775076627731,0.4543102383613586,0.6375262141227722,0.7702804803848267,0.1054630354046821,0.7507287263870239
0.6984514594078064,0.6216573119163513,-0.079628437757492,0.9997655749320984,0.6987980008125305,0.6140613555908203,-0.0751700699329376,0.9997321963310242,0.6982936263084412,0.6131921410560608,-0.0751998052000999,0.9997113347053528,0.6976624131202698,0.6123038530349731,-0.0752117484807968,0.9997544884681702,0.6986183524131775,0.6148073077201843,-0.0924013555049896,0.9997618794441224,0.6980561017990112,0.6144917607307434,-0.0924422740936279,0.9997738599777222,0.6974061727523804,0.6141476035118103,-0.0924622118473053,0.9997905492782592,0.6909412145614624,0.6071712970733643,-0.0449174381792545,0.999423086643219,0.6910635232925415,0.6110562086105347,-0.1212751790881156,0.9997148513793944,0.6937963366508484,0.6246899962425232,-0.066102460026741,0.9992987513542176,0.6935865879058838,0.6256599426269531,-0.088452473282814,0.9993931651115416,0.6686397194862366,0.6101552844047546,0.0138209359720349,0.9996852278709412,0.6701748371124268,0.6480981707572937,-0.1478138118982315,0.999936044216156,0.6565349698066711,0.6559186577796936,0.0609001256525516,0.1724064201116562,0.6692402958869934,0.7147330045700073,-0.1560565829277038,0.9848041534423828,0.6580923795700073,0.6989986896514893,0.0751793608069419,0.2538756728172302,0.6793880462646484,0.7737829089164734,-0.1226296424865722,0.9655408263206482,0.6607263088226318,0.7022814750671387,0.079527623951435,0.2674278616905212,0.6830226182937622,0.7846094369888306,-0.1417746245861053,0.946889102458954,0.6620352268218994,0.7077144384384155,0.0603425502777099,0.2762013375759125,0.6852627992630005,0.7841233015060425,-0.1322301030158996,0.9451637864112854,0.6603313684463501,0.7098938822746277,0.0664448291063308,0.2900027334690094,0.6833407282829285,0.7801014184951782,-0.1191223561763763,0.919796109199524,0.6172444820404053,0.677412748336792,0.0478676743805408,0.9997081160545348,0.6177637577056885,0.6953861117362976,-0.0477871932089328,0.999883234500885,0.6625127792358398,0.6976010799407959,0.095606118440628,0.2297769784927368,0.6628406643867493,0.728546679019928,-0.0428264066576957,0.8972796201705933,0.6336975693702698,0.7293484210968018,0.1630444526672363,0.3359583020210266,0.6333120465278625,0.7444343566894531,0.0621999353170394,0.7411864399909973,0.6277410387992859,0.729936420917511,0.1702223420143127,0.3943514823913574,0.6248757839202881,0.7385707497596741,0.0741214379668235,0.7256244421005249,0.6315158605575562,0.750078022480011,0.1923387944698333,0.4387121498584747,0.6284745931625366,0.7683589458465576,0.104430966079235,0.7359442710876465
0.7004982233047485,0.6197760701179504,-0.0695907920598983,0.9997838139533995,0.7008588314056396,0.6124299168586731,-0.0651869624853134,0.9997540712356568,0.7003193497657776,0.6116395592689514,-0.0652151405811309,0.9997364282608032,0.6996421217918396,0.6108037233352661,-0.0652216896414756,0.999774932861328,0.7006794810295105,0.6129512190818787,-0.0818957090377807,0.9997809529304504,0.7000986933708191,0.6125660538673401,-0.0819356143474578,0.999792754650116,0.6994415521621704,0.612159788608551,-0.0819523334503173,0.999806582927704,0.6926917433738708,0.6055623292922974,-0.0362892597913742,0.9994749426841736,0.6931505799293518,0.6090706586837769,-0.1104863956570625,0.9997378587722778,0.6959038972854614,0.6229536533355713,-0.0566146969795227,0.9993584752082824,0.6957780122756958,0.6236993074417114,-0.0783581733703613,0.999442219734192,0.6694087386131287,0.6140648722648621,0.0206660758703947,0.999711573123932,0.671874463558197,0.6458100080490112,-0.141116127371788,0.9999403953552246,0.6583265662193298,0.658122181892395,0.062209129333496,0.1723557412624359,0.6695818305015564,0.7122771143913269,-0.151096373796463,0.9859007000923156,0.6617298722267151,0.7059069871902466,0.0617377944290638,0.2530733942985534,0.6789519190788269,0.7723441123962402,-0.1204864159226417,0.9685077667236328,0.665195882320404,0.7086876630783081,0.0684610679745674,0.2669552564620971,0.6827107071876526,0.7837032079696655,-0.1399058252573013,0.9511247277259828,0.6665098667144775,0.7149454355239868,0.0475945994257926,0.2759738564491272,0.6849384307861328,0.7834181189537048,-0.1298476457595825,0.9495055079460144,0.6645445227622986,0.7166484594345093,0.0527466163039207,0.2905738651752472,0.6829590201377869,0.7791047692298889,-0.1165948361158371,0.9255014061927797,0.6179361939430237,0.6761988997459412,0.0481829531490802,0.999726176261902,0.6187896728515625,0.6944846510887146,-0.048094555735588,0.9998884201049804,0.6620590686798096,0.7015136480331421,0.0955412313342094,0.2278974503278732,0.6633893847465515,0.7303169369697571,-0.0480823293328285,0.8963766098022461,0.6306990385055542,0.729175329208374,0.1606671214103698,0.3255079984664917,0.6308441162109375,0.7424663305282593,0.0604609362781047,0.7246364951133728,0.6214790940284729,0.7270030379295349,0.1671725064516067,0.379642903804779,0.6231672167778015,0.7364628314971924,0.0723427310585975,0.7093641757965088,0.6253665685653687,0.7496611475944519,0.1905208975076675,0.4245297014713287,0.6248579621315002,0.7656295895576477,0.1044537797570228,0.7207711935043335
0.7022897601127625,0.6192870736122131,-0.0682564601302146,0.9998002052307128,0.7027842402458191,0.6118214130401611,-0.0621565841138362,0.99977308511734,0.7021985650062561,0.6111117601394653,-0.0621836967766284,0.9997583627700806,0.7014763355255127,0.6103699207305908,-0.0621956400573253,0.9997929930686952,0.7026390433311462,0.6121677756309509,-0.0804204121232032,0.9997970461845398,0.7019749283790588,0.6117573380470276,-0.0804544985294342,0.999808669090271,0.701256513595581,0.6112851500511169,-0.080475777387619,0.9998197555541992,0.6946448683738708,0.6052753329277039,-0.0273011103272438,0.9995205998420716,0.6946858763694763,0.6076317429542542,-0.1054185852408409,0.9997568130493164,0.6975160241127014,0.6227206587791443,-0.0550990030169487,0.9994128346443176,0.6974063515663147,0.6232582926750183,-0.0774212852120399,0.9994864463806152,0.6715335845947266,0.6203520894050598,0.0297191645950078,0.9997363686561584,0.6731609106063843,0.6429316401481628,-0.1391191035509109,0.9999440908432008,0.6645527482032776,0.6702274084091187,0.0598506517708301,0.1735039800405502,0.6703898310661316,0.7091777920722961,-0.1508856117725372,0.9868110418319702,0.6671897172927856,0.7272932529449463,0.0361739210784435,0.2594058811664581,0.6792600750923157,0.771247386932373,-0.1240781396627426,0.9711840748786926,0.670768141746521,0.7320443391799927,0.0395053438842296,0.2744601964950561,0.68315190076828,0.7825301885604858,-0.145505353808403,0.9549061059951782,0.6715678572654724,0.7363784909248352,0.0190384164452552,0.2839138209819793,0.685310959815979,0.7822766304016113,-0.1343006491661071,0.953374445438385,0.6695556044578552,0.736964225769043,0.026804469525814,0.2990203201770782,0.6833530068397522,0.778011679649353,-0.1202234849333763,0.9305379986763,0.6193211674690247,0.6764084696769714,0.0496361888945102,0.9997443556785583,0.6189730763435364,0.6929892301559448,-0.0495626293122768,0.9998927712440492,0.6632857918739319,0.7063711881637573,0.0951955169439315,0.225546583533287,0.6645743250846863,0.7275923490524292,-0.0548514313995838,0.8987686038017273,0.6275097727775574,0.728510856628418,0.1595816165208816,0.3221610486507416,0.6306580901145935,0.7399829030036926,0.0576478317379951,0.717227578163147,0.617838978767395,0.7217643857002258,0.1659499108791351,0.3726905882358551,0.6226142644882202,0.7310550808906555,0.0711964890360832,0.7012122869491577,0.6216665506362915,0.7499314546585083,0.1877863705158233,0.4189388453960418,0.6236371397972107,0.7576969861984253,0.1000148355960846,0.7138603329658508
0.7044077515602112,0.6183676719665527,-0.0656347721815109,0.9998143911361694,0.7050055861473083,0.61104816198349,-0.0600238926708698,0.9997900128364564,0.7043634057044983,0.6104636788368225,-0.0600507780909538,0.9997777938842772,0.703574538230896,0.6098316311836243,-0.0600593276321888,0.9998088479042052,0.7049238085746765,0.6112253069877625,-0.0776289403438568,0.999811589717865,0.7042731046676636,0.6107838153839111,-0.0776665657758712,0.9998231530189514,0.7035199999809265,0.6102774143218994,-0.0776866599917411,0.9998319149017334,0.6964663863182068,0.6046140789985657,-0.0265430714935064,0.999561607837677,0.6965248584747314,0.6063858270645142,-0.1043057888746261,0.9997745752334596,0.6991882920265198,0.622211754322052,-0.0524661540985107,0.9994608759880066,0.6990727782249451,0.6228881478309631,-0.0746603310108184,0.99952632188797,0.6727927327156067,0.6185271143913269,0.0310822147876024,0.9997581839561462,0.6743440628051758,0.6414669752120972,-0.137967050075531,0.9999477863311768,0.6665668487548828,0.6689415574073792,0.0604577772319316,0.1749909669160843,0.6713788509368896,0.707671046257019,-0.1519040316343307,0.9877822995185852,0.668641984462738,0.7225401997566223,0.0388461761176586,0.2619822323322296,0.6794635057449341,0.7698943018913269,-0.1248073950409889,0.9736759066581726,0.6719354391098022,0.7263631224632263,0.0427647903561592,0.2769152522087097,0.683262825012207,0.7817310094833374,-0.1462820172309875,0.9584535360336304,0.6728866100311279,0.7307665348052979,0.0226920507848262,0.2864860892295837,0.6854988932609558,0.7818112373352051,-0.1345420926809311,0.956998646259308,0.6709768772125244,0.7318421006202698,0.0298060569912195,0.3019932508468628,0.6836312413215637,0.777302622795105,-0.1206993088126182,0.9353307485580444,0.6206787824630737,0.6757256388664246,0.0503809563815593,0.9997593760490416,0.6199761033058167,0.6925758123397827,-0.0503088980913162,0.9998967051506042,0.6630796790122986,0.7108899354934692,0.0966090410947799,0.224078893661499,0.6644490361213684,0.7308999300003052,-0.0542105361819267,0.9018673300743104,0.6264523267745972,0.7282247543334961,0.1601478606462478,0.3156583309173584,0.6288488507270813,0.7395658493041992,0.0564897023141384,0.710460364818573,0.6176183819770813,0.7203115224838257,0.1663878411054611,0.3631943762302398,0.6217748522758484,0.7304413914680481,0.0703586265444755,0.6934162974357605,0.621469259262085,0.7488742470741272,0.187584102153778,0.4101725220680237,0.6233209371566772,0.7546268701553345,0.099321536719799,0.7075151801109314
0.7046679854393005,0.6173471808433533,-0.0641546621918678,0.9998254179954528,0.7052341103553772,0.6098887920379639,-0.0586027950048446,0.9998040795326232,0.7046555876731873,0.6091986298561096,-0.0586350336670875,0.9997945427894592,0.7039430737495422,0.608467698097229,-0.0586498975753784,0.999822199344635,0.7050870656967163,0.6101086735725403,-0.0764282494783401,0.9998235702514648,0.7044151425361633,0.6095939874649048,-0.0764704719185829,0.9998355507850648,0.7036742568016052,0.6090102791786194,-0.0764997899532318,0.9998419880867004,0.6970270872116089,0.6030943393707275,-0.0256188381463289,0.99959796667099,0.6970183253288269,0.6049624681472778,-0.1035962402820587,0.9997897148132324,0.6996899843215942,0.6208266615867615,-0.0506569072604179,0.999500811100006,0.6995421648025513,0.6215019226074219,-0.0732490867376327,0.9995586276054382,0.6741326451301575,0.6152088046073914,0.0312131699174642,0.9997765421867372,0.6752068400382996,0.640299916267395,-0.1368473321199417,0.999950647354126,0.6659289598464966,0.6653991937637329,0.0611742660403251,0.176497608423233,0.6727898120880127,0.7064213156700134,-0.1505309045314788,0.9885236024856568,0.6691113710403442,0.7206655144691467,0.043248888105154,0.261340856552124,0.6796707510948181,0.7672023177146912,-0.1232770159840583,0.975761890411377,0.6723147034645081,0.7208083868026733,0.0477792136371135,0.2761593461036682,0.6833979487419128,0.7809560298919678,-0.1442316025495529,0.9613921642303468,0.6736530065536499,0.7263700366020203,0.027908494696021,0.2858064472675323,0.6856467723846436,0.7812643051147461,-0.13288314640522,0.9600124955177308,0.6718206405639648,0.7283192873001099,0.0344272032380104,0.3015210628509521,0.6838704347610474,0.7762609124183655,-0.1192986816167831,0.9392625689506532,0.6211585998535156,0.6752777099609375,0.050242755562067,0.9997705817222596,0.6212751269340515,0.6912786364555359,-0.0501659959554672,0.9998997449874878,0.663202166557312,0.7090235352516174,0.0965854004025459,0.2224102616310119,0.6643120050430298,0.7328489422798157,-0.0516121052205562,0.902077317237854,0.6263822913169861,0.7277061343193054,0.1605520844459533,0.3077813982963562,0.6284157633781433,0.7365893721580505,0.0569520443677902,0.7025972008705139,0.6177719831466675,0.7195194363594055,0.1669004261493683,0.3536593914031982,0.6202617287635803,0.7270927429199219,0.0700988322496414,0.686489462852478,0.6218525171279907,0.7484846711158752,0.1887432634830474,0.4003362357616424,0.6206240057945251,0.7522602677345276,0.1027475893497467,0.7010495662689209
0.7051314115524292,0.6165604591369629,-0.0638578981161117,0.9998350739479064,0.7057380080223083,0.6089032888412476,-0.0582428053021431,0.9998157024383544,0.7051829695701599,0.608207106590271,-0.0582724958658218,0.999808669090271,0.7045024633407593,0.6074748039245605,-0.0582846999168396,0.999833345413208,0.705580472946167,0.6090543866157532,-0.0757610872387886,0.9998331665992736,0.7049126029014587,0.6084787249565125,-0.0758024603128433,0.9998456835746764,0.704182505607605,0.60782790184021,-0.0758291557431221,0.9998497366905212,0.6976853609085083,0.602155864238739,-0.0255340132862329,0.9996287822723388,0.6974870562553406,0.6037594079971313,-0.1032584384083747,0.9998021721839904,0.7002120614051819,0.6198663115501404,-0.0502249151468277,0.9995371699333192,0.7000125646591187,0.6205968260765076,-0.072658821940422,0.9995885491371156,0.6747958064079285,0.6161430478096008,0.0312016382813453,0.999793827533722,0.675813615322113,0.6391627788543701,-0.1366156488656997,0.9999534487724304,0.6698920130729675,0.6672911047935486,0.0585731342434883,0.1790098547935485,0.6737205386161804,0.705479621887207,-0.1516541987657547,0.9891443848609924,0.6739668250083923,0.7202274203300476,0.0364196300506591,0.2656587660312652,0.6797841787338257,0.765816867351532,-0.1266173124313354,0.977651596069336,0.6776866912841797,0.7227602005004883,0.0397800542414188,0.2804189324378967,0.683608889579773,0.7800586223602295,-0.1475363671779632,0.9639834761619568,0.6787493824958801,0.7271918654441833,0.0203864201903343,0.2902273833751678,0.6858183741569519,0.7804930210113525,-0.1357726007699966,0.962663471698761,0.6766338348388672,0.7285977005958557,0.0275841932743787,0.3060515522956848,0.6838895678520203,0.7752063274383545,-0.1224609464406967,0.9426279664039612,0.6225486397743225,0.6751226186752319,0.0502466559410095,0.9997825622558594,0.6216508150100708,0.6896743178367615,-0.0501697286963462,0.99990314245224,0.6639952063560486,0.708976149559021,0.0926757976412773,0.2203972786664962,0.6645887494087219,0.7311891317367554,-0.0548570416867733,0.9016743898391724,0.6266825795173645,0.7278954982757568,0.1583258211612701,0.3050323724746704,0.6282516121864319,0.7374960780143738,0.0548483058810234,0.6952477693557739,0.6179397702217102,0.7192625403404236,0.1650793701410293,0.3499544262886047,0.619730532169342,0.7254257798194885,0.0680650919675827,0.6808062791824341,0.6199402213096619,0.7474313378334045,0.1864289194345474,0.3961655795574188,0.621253252029419,0.7537932395935059,0.1001677885651588,0.694450855255127
0.7058687210083008,0.6153519153594971,-0.0646260529756546,0.9998462796211244,0.7062696814537048,0.6075948476791382,-0.0589857213199138,0.9998289346694946,0.705718457698822,0.6068755388259888,-0.0590152516961097,0.9998236298561096,0.7050477266311646,0.6061351299285889,-0.0590265356004238,0.9998456239700316,0.7060834169387817,0.6078059077262878,-0.076462797820568,0.99984472990036,0.7054243683815002,0.6072489023208618,-0.076505109667778,0.9998571276664734,0.7046534419059753,0.6066383123397827,-0.076533168554306,0.9998596906661988,0.698246419429779,0.6010563969612122,-0.0258942525833845,0.9996598958969116,0.6980170011520386,0.6028096079826355,-0.1035238206386566,0.9998165369033812,0.7011876702308655,0.618779718875885,-0.0506650693714618,0.9995731115341188,0.7010152339935303,0.6195250153541565,-0.0731763169169426,0.9996190071105956,0.6757703423500061,0.6147639751434326,0.0311954040080308,0.999809205532074,0.6765925288200378,0.6385459899902344,-0.1363170146942138,0.9999560117721558,0.6693636178970337,0.6653399467468262,0.0591728650033474,0.1804640144109726,0.6746610999107361,0.7053463459014893,-0.1516091376543045,0.9897032976150512,0.6731631755828857,0.7175357937812805,0.0369264520704746,0.2653936445713043,0.6806195378303528,0.7644373178482056,-0.1250705868005752,0.9792762994766236,0.6765280961990356,0.7173563838005066,0.0402575358748436,0.2794388830661773,0.6837619543075562,0.7786502838134766,-0.1457738429307937,0.966175138950348,0.6777623891830444,0.7216126918792725,0.0232324134558439,0.2891239821910858,0.685961902141571,0.7791516780853271,-0.1344179362058639,0.9648922681808472,0.6758484244346619,0.7236828804016113,0.0284695737063884,0.3050485551357269,0.6843090057373047,0.7736712694168091,-0.1209913119673729,0.9453791379928588,0.6231987476348877,0.674934446811676,0.0502556189894676,0.9997931122779846,0.6226012706756592,0.6890250444412231,-0.0501765422523021,0.999906599521637,0.6649686694145203,0.7074294090270996,0.0929442793130874,0.2198915481567382,0.6652588248252869,0.7301381230354309,-0.053670335561037,0.9016626477241516,0.6268892884254456,0.7276010513305664,0.1589900851249694,0.3044333159923553,0.6281198859214783,0.736287534236908,0.0547335781157016,0.6934499740600586,0.6173350214958191,0.7189632058143616,0.1657124608755111,0.3476657569408417,0.619563639163971,0.7246878743171692,0.0677734315395355,0.6792103052139282,0.6201902031898499,0.747355043888092,0.1864149123430252,0.3948809802532196,0.6214670538902283,0.753149688243866,0.09894510358572,0.6938105821609497
0.7056569457054138,0.6145365238189697,-0.0675693526864051,0.9998579621315002,0.7059035897254944,0.6067203283309937,-0.061886291950941,0.9998423457145692,0.7053524255752563,0.605976939201355,-0.0619113817811012,0.9998382925987244,0.7046782374382019,0.6052216291427612,-0.0619182102382183,0.999858021736145,0.7057378888130188,0.606995701789856,-0.0791684761643409,0.9998566508293152,0.7050943970680237,0.6064659357070923,-0.079208567738533,0.9998685121536256,0.7043702006340027,0.6058871150016785,-0.0792336761951446,0.9998700022697448,0.6979213953018188,0.6003021597862244,-0.0285358186811208,0.999689519405365,0.6978902816772461,0.6022340059280396,-0.1052105948328971,0.9998306632041932,0.700952410697937,0.6180990934371948,-0.0534164756536483,0.9996079802513124,0.7008046507835388,0.6188331842422485,-0.0757496207952499,0.9996487498283386,0.6759194731712341,0.6143103837966919,0.0297623928636312,0.9998241066932678,0.6772085428237915,0.6381497383117676,-0.1367726325988769,0.9999586939811708,0.669318437576294,0.6642783880233765,0.0592339076101779,0.1841048300266266,0.6758852005004883,0.7047706246376038,-0.1519058793783188,0.9903212785720824,0.6730661392211914,0.7167848348617554,0.0405151024460792,0.2692429423332214,0.6821865439414978,0.7638714909553528,-0.1250672489404678,0.98087477684021,0.6764493584632874,0.7163786292076111,0.0447889566421508,0.2825756967067718,0.6848084330558777,0.7783994078636169,-0.1458395272493362,0.9684419631958008,0.6776214838027954,0.7207656502723694,0.0260189492255449,0.2922426164150238,0.6867532134056091,0.7790286540985107,-0.1340534538030624,0.9672076106071472,0.6757497191429138,0.7231912612915039,0.031909130513668,0.3082746565341949,0.6854280829429626,0.7735043168067932,-0.1208073049783706,0.9484292268753052,0.6237186789512634,0.6748218536376953,0.0502534173429012,0.9998052716255188,0.6229135990142822,0.6884951591491699,-0.0501731075346469,0.9999110698699952,0.6649436950683594,0.7066579461097717,0.0930198282003402,0.2204665541648864,0.6657323837280273,0.7300124764442444,-0.0532412007451057,0.9024333357810974,0.6271989941596985,0.7273203730583191,0.1592369973659515,0.3042976260185241,0.6279813051223755,0.7362985014915466,0.0547804981470108,0.6925657391548157,0.6174110174179077,0.7190011739730835,0.1658871322870254,0.3453227281570434,0.6195432543754578,0.7249016761779785,0.0677607282996177,0.677595853805542,0.620405912399292,0.7471551895141602,0.186479389667511,0.3947086334228515,0.6217533946037292,0.7530737519264221,0.098371997475624,0.6944034695625305
0.7053390145301819,0.6139682531356812,-0.0648255795240402,0.9998690485954284,0.7054027318954468,0.6062437891960144,-0.0591324493288993,0.9998549818992616,0.7048500180244446,0.6055575013160706,-0.0591585859656333,0.9998520016670228,0.7041745781898499,0.6048749089241028,-0.0591620169579982,0.9998695850372314,0.7052243947982788,0.6065265536308289,-0.0764370411634445,0.9998679161071776,0.7045738101005554,0.6060421466827393,-0.0764781609177589,0.9998792409896852,0.7038490176200867,0.6055170893669128,-0.0765058025717735,0.9998798370361328,0.6974851489067078,0.6000041961669922,-0.026316862553358,0.9997168779373168,0.6974487900733948,0.6020776033401489,-0.1028701215982437,0.9998441934585572,0.7007330060005188,0.6176027059555054,-0.0507783330976963,0.9996406435966492,0.7005736231803894,0.6183653473854065,-0.073136918246746,0.9996770024299622,0.6756535172462463,0.6141532063484192,0.0311823114752769,0.9998379945755004,0.6774079203605652,0.6378875970840454,-0.1349473148584365,0.9999614357948304,0.6691096425056458,0.6637029647827148,0.059971410781145,0.1876458674669265,0.6763928532600403,0.7045038342475891,-0.1516972929239273,0.9908545017242432,0.6725510358810425,0.7136985659599304,0.0408806763589382,0.2718511819839477,0.683208703994751,0.7636043429374695,-0.1244945973157882,0.9822819828987122,0.6757761240005493,0.7127541899681091,0.0449965707957744,0.2837249040603637,0.6857298612594604,0.7782236933708191,-0.1452027857303619,0.9703797101974488,0.6769723892211914,0.7168821096420288,0.0271395463496446,0.2931998670101166,0.6876119375228882,0.779029905796051,-0.1339813023805618,0.9691734910011292,0.6752036213874817,0.7194061279296875,0.0321767143905162,0.3091699481010437,0.686449408531189,0.7734452486038208,-0.1204768344759941,0.9509519338607788,0.6238110065460205,0.6747569441795349,0.0501725077629089,0.9998160600662231,0.6234819293022156,0.6884095072746277,-0.0500850602984428,0.9999154210090636,0.6647269129753113,0.7061074376106262,0.0931703895330429,0.2196260541677475,0.6660057306289673,0.7296167612075806,-0.0525177083909511,0.9012476205825806,0.6279631853103638,0.7271298170089722,0.1599215865135193,0.3038846850395202,0.6292966604232788,0.7359498739242554,0.0550940260291099,0.6907802224159241,0.61769038438797,0.7193812131881714,0.1667676270008087,0.3431480824947357,0.6203059554100037,0.7254106402397156,0.0678806751966476,0.6762929558753967,0.6207324266433716,0.7465498447418213,0.1870279908180236,0.3939270973205566,0.6221733093261719,0.75272136926651,0.098256915807724,0.6942511796951294
0.70500248670578,0.6138137578964233,-0.058543249964714,0.9998776912689208,0.7049193978309631,0.6058911681175232,-0.0525679662823677,0.9998645782470704,0.7043823599815369,0.605103075504303,-0.052594494074583,0.9998629093170166,0.703732430934906,0.6043320894241333,-0.0526007339358329,0.999878704547882,0.7047089338302612,0.6062204837799072,-0.069704495370388,0.9998760223388672,0.7040523886680603,0.6056785583496094,-0.0697437673807144,0.999887228012085,0.7033290266990662,0.6050871014595032,-0.0697677135467529,0.9998865127563475,0.6970269083976746,0.5998479723930359,-0.020580219104886,0.999739110469818,0.6969345808029175,0.6015997529029846,-0.0963752716779708,0.9998533725738524,0.700541079044342,0.6173524856567383,-0.045037917792797,0.9996671080589294,0.7003832459449768,0.6182516813278198,-0.0671826228499412,0.9996986389160156,0.6752313375473022,0.6160993576049805,0.0355226509273052,0.9998502731323242,0.6774541735649109,0.6377390027046204,-0.1320637166500091,0.9999632835388184,0.6710503101348877,0.6696644425392151,0.0595529004931449,0.1861295402050018,0.6766347289085388,0.7042016983032227,-0.1509211659431457,0.9910473823547364,0.6742166876792908,0.7287330627441406,0.0346905998885631,0.2753643095493316,0.6836482882499695,0.763296365737915,-0.1247484982013702,0.9834477305412292,0.6799971461296082,0.7288658618927002,0.0382704362273216,0.288501501083374,0.6861416101455688,0.7779021859169006,-0.1462563127279281,0.971957802772522,0.6809597611427307,0.732800304889679,0.0182962417602539,0.2983015179634094,0.6878801584243774,0.7787808179855347,-0.1343430131673813,0.9707731604576112,0.6759587526321411,0.732800304889679,0.025398900732398,0.3144092261791229,0.686693549156189,0.7731142640113831,-0.1206971630454063,0.952880322933197,0.6241561770439148,0.6750805974006653,0.0504954531788826,0.9998258948326112,0.6233900189399719,0.6883125901222229,-0.0504007451236248,0.9999185800552368,0.6664772629737854,0.7062441110610962,0.0929480269551277,0.2170195579528808,0.6671354174613953,0.7289937734603882,-0.0545094385743141,0.9026184678077698,0.6280196905136108,0.727188766002655,0.1596791595220565,0.3068620264530182,0.6290928721427917,0.7357421517372131,0.0525246188044548,0.6932057738304138,0.6179572939872742,0.7193311452865601,0.1664633452892303,0.3442167341709137,0.6219168901443481,0.7265721559524536,0.0648411214351654,0.6784422993659973,0.6210799813270569,0.7466630339622498,0.1851785629987716,0.3966478407382965,0.6224260330200195,0.7528811097145081,0.0948504209518432,0.6967306137084961
0.7046054601669312,0.6133924126625061,-0.0525855682790279,0.9998852610588074,0.7044535875320435,0.6049960851669312,-0.0467853918671608,0.9998729228973388,0.7039130330085754,0.6040523052215576,-0.046811681240797,0.9998724460601808,0.7032573223114014,0.6031478047370911,-0.0468164645135402,0.999886691570282,0.7042453289031982,0.6054890155792236,-0.0638581588864326,0.9998831748962402,0.7036004662513733,0.604909360408783,-0.0638971924781799,0.9998942613601683,0.7028745412826538,0.6042683124542236,-0.0639214441180229,0.9998924136161804,0.6963760256767273,0.5991278886795044,-0.015827938914299,0.9997591376304626,0.6963878273963928,0.6008849740028381,-0.0914199128746986,0.9998618364334106,0.700093150138855,0.6170924305915833,-0.039481546729803,0.9996909499168396,0.6999834775924683,0.6177098751068115,-0.061558611690998,0.999718427658081,0.6750954389572144,0.6152028441429138,0.0386557355523109,0.999860942363739,0.677411675453186,0.6376829147338867,-0.1281529366970062,0.9999648332595824,0.6710010170936584,0.6709603667259216,0.0598535723984241,0.1833864599466323,0.6768455505371094,0.7040247321128845,-0.1476404219865799,0.9911616444587708,0.6750652194023132,0.726237416267395,0.0353344231843948,0.2743626832962036,0.6836614012718201,0.7631945013999939,-0.1244462504982948,0.9843675494194032,0.6794773936271667,0.7288066744804382,0.0389688573777675,0.2882190346717834,0.6861464977264404,0.7776939868927002,-0.1458723694086074,0.9730839729309082,0.680426836013794,0.7326480150222778,0.0191849004477262,0.2980404794216156,0.6878783106803894,0.778733491897583,-0.1340150386095047,0.9718928933143616,0.6762354969978333,0.7346605062484741,0.0262080784887075,0.3141714930534363,0.6866720914840698,0.772916853427887,-0.1203169375658035,0.954093337059021,0.6237558722496033,0.6759102940559387,0.0504948124289512,0.9998332262039183,0.6236547827720642,0.6883675456047058,-0.0503992959856987,0.999920666217804,0.6665772795677185,0.7072188854217529,0.092019110918045,0.2145187705755233,0.6676729917526245,0.728769063949585,-0.0552475899457931,0.9030356407165528,0.6281009316444397,0.7272276878356934,0.1579347103834152,0.3080660402774811,0.6290127635002136,0.7357506155967712,0.051102589815855,0.6928154230117798,0.6184285283088684,0.7194647192955017,0.1646361649036407,0.3437280654907226,0.6228634119033813,0.7272449135780334,0.0632603764533996,0.6786448955535889,0.622277021408081,0.7475417256355286,0.1823130249977111,0.3970675468444824,0.6226146817207336,0.752610445022583,0.0933295339345932,0.6964821815490723
0.7042800188064575,0.6114795207977295,-0.0530971176922321,0.9998935461044312,0.7040472030639648,0.6027563214302063,-0.0477278158068656,0.9998819828033448,0.7034991383552551,0.6017354726791382,-0.0477606505155563,0.9998822808265686,0.7028331756591797,0.6007815599441528,-0.0477746352553367,0.9998950958251952,0.7038475871086121,0.6035177707672119,-0.0651827231049537,0.9998912215232848,0.7032060027122498,0.6030214428901672,-0.0652240663766861,0.9999018907546996,0.7024828195571899,0.6024770140647888,-0.0652473196387291,0.9998993277549744,0.695907711982727,0.5977153778076172,-0.0166597757488489,0.9997789859771729,0.6959542632102966,0.5997982621192932,-0.0935971811413765,0.9998712539672852,0.6998491287231445,0.6155112981796265,-0.0397005714476108,0.9997144341468812,0.699782133102417,0.6160650849342346,-0.0624107755720615,0.9997383952140808,0.6749849319458008,0.6148272156715393,0.0379962064325809,0.9998713731765748,0.6772395372390747,0.6377230882644653,-0.1289581358432769,0.9999666810035706,0.670944333076477,0.670813262462616,0.0567997060716152,0.1833150535821914,0.6769291758537292,0.7039210796356201,-0.1482647061347961,0.9914367198944092,0.6750733852386475,0.7256051301956177,0.0324852243065834,0.2776050567626953,0.683699369430542,0.7630187273025513,-0.1254815012216568,0.9853754043579102,0.6791451573371887,0.7287587523460388,0.036579143255949,0.2920878827571869,0.6861863732337952,0.7776936888694763,-0.1474284529685974,0.974461317062378,0.6800521612167358,0.7326621413230896,0.0163186863064765,0.3019468784332275,0.6878950595855713,0.7788684368133545,-0.1348502039909362,0.9732816219329834,0.6765240430831909,0.7335613965988159,0.0233036410063505,0.3181058466434479,0.6866838335990906,0.773119330406189,-0.1212237328290939,0.955859899520874,0.6237604022026062,0.6759023666381836,0.0504926815629005,0.9998424649238586,0.6237037777900696,0.6882804036140442,-0.0503969863057136,0.9999240040779114,0.6661292314529419,0.7079566717147827,0.0920774862170219,0.213443249464035,0.667307436466217,0.7289375066757202,-0.0550526976585388,0.9039924144744872,0.6277326941490173,0.7272465825080872,0.1582728773355484,0.3106620907783508,0.6287927031517029,0.7361000776290894,0.0516447350382804,0.6928499937057495,0.6179319620132446,0.71658855676651,0.1649248450994491,0.3439099490642547,0.6218573451042175,0.7257789969444275,0.0636959969997406,0.6787471771240234,0.6204485297203064,0.7475743889808655,0.1828870773315429,0.3988422155380249,0.6212922930717468,0.7527022361755371,0.0937527790665626,0.6971277594566345
0.7041148543357849,0.6083135604858398,-0.0478514470160007,0.9998997449874878,0.7037851810455322,0.5994848608970642,-0.0423536077141761,0.9998888969421388,0.7032328248023987,0.5984031558036804,-0.0423835143446922,0.9998902678489684,0.7025625109672546,0.5974292755126953,-0.0423886775970459,0.9999017715454102,0.7035946249961853,0.6005092263221741,-0.059198047965765,0.9998971819877625,0.7029497027397156,0.6001924276351929,-0.0592393316328525,0.9999078512191772,0.7022276520729065,0.5998188257217407,-0.0592659041285514,0.999904215335846,0.6957560777664185,0.5951505303382874,-0.0131182335317134,0.9997960329055786,0.6956841945648193,0.597993016242981,-0.0876121446490287,0.9998785853385924,0.699760377407074,0.612425684928894,-0.0353925675153732,0.999732792377472,0.6997395157814026,0.6130873560905457,-0.0571980141103267,0.9997529983520508,0.6745299100875854,0.6163057684898376,0.0400283895432949,0.9998793005943298,0.6772641539573669,0.6380130052566528,-0.1254736930131912,0.9999674558639526,0.670953094959259,0.6722173094749451,0.0570338144898414,0.1783157438039779,0.6772885918617249,0.7038271427154541,-0.1454769223928451,0.9914190769195556,0.6752071380615234,0.728831946849823,0.0311957653611898,0.2732605636119842,0.6838403344154358,0.762927770614624,-0.1248663291335105,0.986049234867096,0.6798010468482971,0.7321099638938904,0.0353351607918739,0.2894423305988312,0.6863771677017212,0.7776167988777161,-0.1469985693693161,0.9752458930015564,0.6807789206504822,0.7360400557518005,0.0149783166125416,0.2993409633636474,0.6880228519439697,0.7788743376731873,-0.1344361156225204,0.9740480184555054,0.6783714890480042,0.737005352973938,0.0218697395175695,0.315517246723175,0.6867995858192444,0.7731096744537354,-0.1206652149558067,0.9566799402236938,0.6233788132667542,0.6767023205757141,0.0504442602396011,0.99984872341156,0.6235812306404114,0.6886875033378601,-0.0503402277827262,0.9999255537986756,0.6660345196723938,0.7096720933914185,0.0921804010868072,0.209929883480072,0.6669992804527283,0.7311691641807556,-0.0558954998850822,0.9042912721633912,0.6258799433708191,0.7273103594779968,0.1559243351221084,0.3113019168376922,0.6265090107917786,0.7364017963409424,0.0509389229118824,0.6888617277145386,0.6165820956230164,0.716200053691864,0.1622863709926605,0.342248260974884,0.6201305389404297,0.7243027687072754,0.0631678625941276,0.676783561706543,0.6188791394233704,0.7467330098152161,0.1803589463233947,0.3973464965820312,0.6186032891273499,0.7528353333473206,0.0941361635923385,0.6936512589454651
0.7034397721290588,0.6072840094566345,-0.0507202632725238,0.9999049305915833,0.7024996876716614,0.5982481241226196,-0.0451021306216716,0.9998943209648132,0.7019041180610657,0.5971828103065491,-0.0451301671564579,0.999896764755249,0.7011573910713196,0.5961753129959106,-0.0451354309916496,0.9999070167541504,0.7022940516471863,0.5992875695228577,-0.0619702562689781,0.9999017715454102,0.7016265392303467,0.598984956741333,-0.062009360641241,0.9999125599861144,0.7009066343307495,0.5986822843551636,-0.0620341934263706,0.9999075531959534,0.6941583752632141,0.5944059491157532,-0.0150999696925282,0.9998103380203248,0.6944214701652527,0.5973541736602783,-0.0898103192448616,0.999884068965912,0.6993032097816467,0.6115587949752808,-0.0379479527473449,0.99974924325943,0.6992740035057068,0.612228274345398,-0.0598028935492038,0.9997659921646118,0.6743382811546326,0.6170110702514648,0.0388645716011524,0.9998860955238342,0.6769357919692993,0.6379616856575012,-0.1265197247266769,0.9999682307243348,0.6716199517250061,0.674103856086731,0.0565394349396228,0.1762542426586151,0.6773207783699036,0.70344477891922,-0.1458911001682281,0.9916146397590636,0.6771656274795532,0.7344678044319153,0.0303376838564872,0.2733460366725921,0.6842604875564575,0.7628450989723206,-0.1251077055931091,0.9868201613426208,0.680533230304718,0.7376436591148376,0.034474529325962,0.2903240621089935,0.6868438720703125,0.7775377035140991,-0.1474732607603073,0.976215362548828,0.6812255382537842,0.74129718542099,0.0138243557885289,0.3003229200839996,0.6885775923728943,0.7788759469985962,-0.1343588978052139,0.9750030040740968,0.6786395311355591,0.7396611571311951,0.020918671041727,0.3165976703166961,0.6872946619987488,0.7731238007545471,-0.1207820102572441,0.9578065872192384,0.6232017278671265,0.6770163178443909,0.0503590740263462,0.9998522996902466,0.6233260035514832,0.6886680722236633,-0.0502520687878131,0.9999260902404784,0.665814220905304,0.7095794081687927,0.0914876610040664,0.2063503414392471,0.6667829155921936,0.7300625443458557,-0.055722489953041,0.904469072818756,0.6256295442581177,0.7267770767211914,0.1563716530799865,0.3094236254692077,0.6259549856185913,0.7365362048149109,0.0497679598629474,0.686392068862915,0.6153572201728821,0.7159713506698608,0.1629242748022079,0.3390205800533294,0.6186864376068115,0.7235845327377319,0.0617714151740074,0.6754105091094971,0.6194252371788025,0.7464994192123413,0.180615484714508,0.3937999010086059,0.6189215779304504,0.7517142295837402,0.0918180048465728,0.6906331181526184
0.7020695805549622,0.6063479781150818,-0.0523675642907619,0.999910831451416,0.7007136940956116,0.5970448851585388,-0.0459149032831192,0.9999008774757384,0.7001122832298279,0.5959870219230652,-0.0459390021860599,0.999903917312622,0.6994051337242126,0.5950261950492859,-0.0459393858909606,0.9999130964279176,0.7005349397659302,0.5981934070587158,-0.0625738054513931,0.9999077916145324,0.6998617053031921,0.5979278683662415,-0.0626133754849433,0.9999182820320128,0.6990604996681213,0.5976544618606567,-0.0626407414674758,0.9999126195907592,0.692610502243042,0.5938088297843933,-0.0161428693681955,0.9998250603675842,0.6929205060005188,0.5969387888908386,-0.0912945941090583,0.9998913407325744,0.6983028054237366,0.6106767654418945,-0.039102129638195,0.9997673630714417,0.698178231716156,0.6114359498023987,-0.0607826262712478,0.9997814297676086,0.6737378239631653,0.617051899433136,0.0383486971259117,0.9998930096626282,0.6768056750297546,0.637482225894928,-0.1273549795150756,0.999969482421875,0.6718725562095642,0.6734384298324585,0.0541389621794223,0.1767358481884002,0.6774851679801941,0.7028189301490784,-0.1480730473995208,0.99188494682312,0.6776220202445984,0.7303464412689209,0.0283484030514955,0.276516705751419,0.6853320598602295,0.7627701759338379,-0.1292751878499984,0.9875788688659668,0.6816126108169556,0.7337511777877808,0.0322345606982708,0.2934416234493255,0.6879941821098328,0.7775103449821472,-0.1522839814424514,0.9771994352340698,0.6823405027389526,0.7378997802734375,0.0122318984940648,0.3032944798469543,0.6895427107810974,0.7788283228874207,-0.1382420063018798,0.9759758114814758,0.6801270246505737,0.7365410327911377,0.0192485023289918,0.3194182813167572,0.6882590651512146,0.7730258107185364,-0.1247005313634872,0.959018349647522,0.6212741136550903,0.6755587458610535,0.0503887198865413,0.9998578429222108,0.6227157711982727,0.6890028715133667,-0.0502790361642837,0.9999281167984008,0.6655341386795044,0.7092877626419067,0.0916076377034187,0.2050298750400543,0.6667508482933044,0.7299631237983704,-0.0554233826696872,0.9059664607048036,0.6257070899009705,0.7270885109901428,0.1581514328718185,0.3109067678451538,0.6259479522705078,0.7377455830574036,0.0501464493572711,0.6892181634902954,0.6156144738197327,0.7174078226089478,0.1649219691753387,0.3391039669513702,0.6187477707862854,0.7281028032302856,0.0621787905693054,0.6781237721443176,0.6204406023025513,0.7475085854530334,0.1809717863798141,0.3948042392730713,0.6191878914833069,0.7521135807037354,0.091930516064167,0.6929820775985718
0.7009333372116089,0.6054360866546631,-0.0512353405356407,0.9999150633811952,0.6995301842689514,0.5958669781684875,-0.0450585260987281,0.9999056458473206,0.6989302039146423,0.5948290824890137,-0.045084424316883,0.9999093413352966,0.6982266902923584,0.5938941240310669,-0.0450863428413867,0.99991774559021,0.6992753148078918,0.5969482064247131,-0.0619547478854656,0.9999119639396667,0.6985695958137512,0.5966870784759521,-0.0619942173361778,0.9999222755432128,0.6977319121360779,0.596473753452301,-0.0620182231068611,0.9999158382415771,0.6912480592727661,0.5930249691009521,-0.014035316184163,0.9998366236686708,0.6914397478103638,0.5962602496147156,-0.0893311575055122,0.9998961687088012,0.6973121166229248,0.6099209785461426,-0.038028672337532,0.999782145023346,0.697050154209137,0.6107273101806641,-0.0599395148456096,0.9997932314872742,0.6719783544540405,0.6167309880256653,0.0408301204442977,0.9998981356620787,0.6759396195411682,0.6368038058280945,-0.1269537508487701,0.999970018863678,0.6713982224464417,0.6729956269264221,0.0543866567313671,0.1730296909809112,0.6774367690086365,0.7015676498413086,-0.1474656164646148,0.9919927716255188,0.6774521470069885,0.7293010950088501,0.0299257095903158,0.2752458453178406,0.6862743496894836,0.7605973482131958,-0.1282472014427185,0.988118588924408,0.6817390322685242,0.7325844764709473,0.0335085839033126,0.2932094037532806,0.688780665397644,0.7756116390228271,-0.1506490707397461,0.977795958518982,0.6825416684150696,0.7364446520805359,0.0134385433048009,0.3030017018318176,0.6903569102287292,0.7765254974365234,-0.1372877955436706,0.9765478372573853,0.6803743839263916,0.7366775274276733,0.0206913296133279,0.3191841840744018,0.6890469193458557,0.7709050178527832,-0.1238087639212608,0.9596111178398132,0.6190789937973022,0.6740344762802124,0.0508460402488708,0.9998596906661988,0.6213147640228271,0.6890780925750732,-0.0507350414991378,0.9999281167984008,0.6653023362159729,0.7039225697517395,0.0919043123722076,0.2004519999027252,0.6667237877845764,0.7235406041145325,-0.0551565960049629,0.9062720537185668,0.6259462833404541,0.7270830869674683,0.1582163423299789,0.3096993565559387,0.626163125038147,0.7377674579620361,0.0485742017626762,0.6902808547019958,0.6156684160232544,0.7186927795410156,0.1649390757083892,0.3384172320365906,0.6193310618400574,0.7297061085700989,0.0602618493139743,0.6796787977218628,0.6228802800178528,0.7477487921714783,0.1796800047159195,0.3934667706489563,0.6242395639419556,0.7551650404930115,0.0864050239324569,0.6931626796722412
