x_0,y_0,z_0,visibility_0,x_1,y_1,z_1,visibility_1,x_2,y_2,z_2,visibility_2,x_3,y_3,z_3,visibility_3,x_4,y_4,z_4,visibility_4,x_5,y_5,z_5,visibility_5,x_6,y_6,z_6,visibility_6,x_7,y_7,z_7,visibility_7,x_8,y_8,z_8,visibility_8,x_9,y_9,z_9,visibility_9,x_10,y_10,z_10,visibility_10,x_11,y_11,z_11,visibility_11,x_12,y_12,z_12,visibility_12,x_13,y_13,z_13,visibility_13,x_14,y_14,z_14,visibility_14,x_15,y_15,z_15,visibility_15,x_16,y_16,z_16,visibility_16,x_17,y_17,z_17,visibility_17,x_18,y_18,z_18,visibility_18,x_19,y_19,z_19,visibility_19,x_20,y_20,z_20,visibility_20,x_21,y_21,z_21,visibility_21,x_22,y_22,z_22,visibility_22,x_23,y_23,z_23,visibility_23,x_24,y_24,z_24,visibility_24,x_25,y_25,z_25,visibility_25,x_26,y_26,z_26,visibility_26,x_27,y_27,z_27,visibility_27,x_28,y_28,z_28,visibility_28,x_29,y_29,z_29,visibility_29,x_30,y_30,z_30,visibility_30,x_31,y_31,z_31,visibility_31,x_32,y_32,z_32,visibility_32
-0.0133301094174385,-0.5387230515480042,-0.4677435457706451,0.9995718598365784,-0.0123977363109588,-0.5771211385726929,-0.4592300951480865,0.9989594221115112,-0.0122464671730995,-0.5776357054710388,-0.4587248265743255,0.9989929795265198,-0.0126218944787979,-0.5783246755599976,-0.4586934447288513,0.9989739656448364,-0.0435615256428718,-0.5742842555046082,-0.4589838981628418,0.9989711046218872,-0.0434628501534462,-0.574953556060791,-0.4599770307540893,0.9989225268363952,-0.0440523698925972,-0.5762470364570618,-0.4590364992618561,0.9989206790924072,0.0357589870691299,-0.5694146156311035,-0.3488788306713104,0.99745911359787,-0.1052173748612403,-0.5607917308807373,-0.3593146204948425,0.997840404510498,0.0097694098949432,-0.5168711543083191,-0.4248861372470855,0.998820960521698,-0.0325667038559913,-0.51346355676651,-0.4265013039112091,0.9990543723106384,0.1385957598686218,-0.4271408319473266,-0.2427974939346313,0.9997817873954772,-0.1756547391414642,-0.4091396629810333,-0.2593988478183746,0.9998383522033693,0.16944120824337,-0.2151326090097427,-0.202166274189949,0.951233208179474,-0.2079712450504303,-0.1842575818300247,-0.1884923726320266,0.9598717093467712,0.1809080690145492,-0.0157368760555982,-0.3014947175979614,0.9370096325874328,-0.1747196465730667,0.0445717349648475,-0.267208844423294,0.9368166923522948,0.1878907084465026,0.0559519082307815,-0.3372027575969696,0.889453649520874,-0.1615775376558303,0.1109465882182121,-0.2920707464218139,0.8920617699623108,0.1706057339906692,0.0576896741986274,-0.3621298968791961,0.8955613970756531,-0.1407451331615448,0.1075364351272583,-0.3243107795715332,0.898658812046051,0.1709675043821334,-0.0013140141963958,-0.3124826550483703,0.8734782934188843,-0.1557381302118301,0.056785449385643,-0.2817361652851105,0.8848826885223389,0.1059654280543327,-0.0070305922999978,0.00537248281762,0.99969482421875,-0.1062392145395279,0.006262294948101,-0.0036963603924959,0.9997400641441344,0.0784037485718727,0.3543204665184021,0.2216678857803344,0.8577243685722351,-0.066795215010643,0.326783537864685,0.2093703597784042,0.8857080936431885,0.1088242828845977,0.6115379929542542,0.4743816256523132,0.8653280735015869,-0.0340121164917945,0.6123521327972412,0.4634867012500763,0.867141604423523,0.1177995651960372,0.6456265449523926,0.4970184862613678,0.7064287066459656,-0.0289807915687561,0.6510505676269531,0.4853854775428772,0.6304844617843628,0.1386363804340362,0.7220836877822876,0.4062175154685974,0.8851877450942993,-0.0512940883636474,0.7422791719436646,0.3913341760635376,0.8709941506385803
-0.0132145164534449,-0.5450939536094666,-0.4676350653171539,0.9996089339256288,-0.0111784050241112,-0.5836700201034546,-0.4580387771129608,0.9990457892417908,-0.0109402406960725,-0.5841611623764038,-0.457539826631546,0.9990758299827576,-0.011239742860198,-0.5849142670631409,-0.4574741721153259,0.9990577101707458,-0.0426909923553466,-0.5815922617912292,-0.4580645263195038,0.999056041240692,-0.0425305627286434,-0.5823556184768677,-0.4590378701686859,0.9990147948265076,-0.0430694930255413,-0.5837736129760742,-0.4581166803836822,0.999013900756836,0.0380483791232109,-0.5729003548622131,-0.345801442861557,0.9976540803909302,-0.1048013046383857,-0.5688333511352539,-0.35720095038414,0.998025357723236,0.0098610548302531,-0.5217986106872559,-0.4247825145721435,0.9989274144172668,-0.0325668826699256,-0.5195056200027466,-0.4264713227748871,0.9991407990455629,0.1406909376382827,-0.4208782613277435,-0.2378861010074615,0.9997963905334472,-0.1756806224584579,-0.4094118177890777,-0.2634398937225342,0.9998503923416138,0.1712760180234909,-0.1906893253326416,-0.1943290084600448,0.9544867277145386,-0.2092327326536178,-0.1701202541589737,-0.2021813243627548,0.962828516960144,0.181494191288948,0.0233038738369941,-0.2849677503108978,0.9401231408119202,-0.1762314587831497,0.053346712142229,-0.2884414196014404,0.9407681226730348,0.1877084374427795,0.1021845787763595,-0.3164266943931579,0.8932191729545593,-0.1645047068595886,0.1237833201885223,-0.3204161822795868,0.8978887796401978,0.1691560000181198,0.1074119359254837,-0.343978613615036,0.8992341756820679,-0.1420744806528091,0.1182299107313156,-0.3492005169391632,0.9041242599487304,0.1710126101970672,0.0408580042421817,-0.2963638305664062,0.8777177333831787,-0.156916081905365,0.066086046397686,-0.301673948764801,0.8905022144317627,0.1072243452072143,-0.0046048020012676,0.0083969011902809,0.9997005462646484,-0.1075079888105392,0.0037823412567377,-0.0066699716262519,0.9997456073760986,0.0700563043355941,0.377227783203125,0.1532219797372818,0.8636256456375122,-0.0638029500842094,0.3295709788799286,0.1168872937560081,0.8910770416259766,0.0936424136161804,0.6488446593284607,0.4063858091831207,0.8683062791824341,-0.0407238155603408,0.6203758120536804,0.3635890781879425,0.8730534911155701,0.1024897545576095,0.686362624168396,0.4261856377124786,0.7050334811210632,-0.0376567281782627,0.6605872511863708,0.3830294609069824,0.6311895847320557,0.132189854979515,0.760745644569397,0.3293139338493347,0.88773512840271,-0.0494492873549461,0.7445050477981567,0.2786748707294464,0.8765659332275391
-0.01406314317137,-0.5491258502006531,-0.4637413620948791,0.9996449947357178,-0.0113872149959206,-0.5881698131561279,-0.4524460136890411,0.9991312623023988,-0.0111168371513485,-0.5886340737342834,-0.4519312679767608,0.9991575479507446,-0.0113970357924699,-0.5894227027893066,-0.451803058385849,0.999139964580536,-0.0431430414319038,-0.5857646465301514,-0.4527293145656585,0.999141275882721,-0.0429443567991256,-0.5865770578384399,-0.4536724984645843,0.9991054534912108,-0.0434550903737545,-0.5880353450775146,-0.4527747333049774,0.9991050362586976,0.0380402877926826,-0.5800583362579346,-0.3380462527275085,0.9978524446487428,-0.1058938577771186,-0.5756579041481018,-0.3500186204910278,0.9982094168663024,0.009229484014213,-0.5269308090209961,-0.4205656051635742,0.9990285634994508,-0.0337430499494075,-0.5244251489639282,-0.4224974513053894,0.9992227554321288,0.1418513804674148,-0.420970618724823,-0.222268745303154,0.9998086094856262,-0.1757443249225616,-0.4107937216758728,-0.2642950713634491,0.9998628497123718,0.1739813983440399,-0.1898843050003051,-0.1714028269052505,0.9569887518882751,-0.2099545001983642,-0.1647913157939911,-0.2081716209650039,0.9657798409461976,0.1827931553125381,0.0290953088551759,-0.254922479391098,0.9419135451316832,-0.176932618021965,0.0606361851096153,-0.2964695990085602,0.944554328918457,0.1876943856477737,0.1099501475691795,-0.2819694578647613,0.8945020437240601,-0.1655212342739105,0.1346026360988617,-0.3293509483337402,0.9033827781677246,0.1688189804553985,0.1161838397383689,-0.3114944398403168,0.9004703760147095,-0.1423607021570205,0.1285187005996704,-0.3554803729057312,0.9092148542404176,0.1715039908885955,0.047220155596733,-0.2664305567741394,0.8792732357978821,-0.1574566215276718,0.0738163664937019,-0.308450698852539,0.8957872986793518,0.1079368814826011,-0.0032369205728173,0.0132483728229999,0.999702215194702,-0.1082415953278541,0.0023758099414408,-0.0114884506911039,0.9997535943984984,0.0635680630803108,0.3939073085784912,0.1352369040250778,0.8706821203231812,-0.0615621171891689,0.3391814231872558,0.0738957300782203,0.8984434008598328,0.079544112086296,0.6755504012107849,0.3781353533267975,0.8733243346214294,-0.0468053594231605,0.6406206488609314,0.3023174405097961,0.8813188672065735,0.0883377268910408,0.7145417928695679,0.395951360464096,0.7114270925521851,-0.0450855605304241,0.682424783706665,0.3193394839763641,0.6405479311943054,0.1295571625232696,0.7834733724594116,0.2994023561477661,0.8915954828262329,-0.0492365434765815,0.7584812045097351,0.2088195383548736,0.8839318156242371
-0.0172772370278835,-0.5515889525413513,-0.4638459682464599,0.9996768236160278,-0.0131156723946332,-0.5907745361328125,-0.4523680806159973,0.9992059469223022,-0.0127904592081904,-0.591234564781189,-0.4518409967422485,0.9992290735244752,-0.013010075315833,-0.5920076370239258,-0.4517230689525604,0.9992119669914246,-0.0453831404447555,-0.5883727669715881,-0.4526754319667816,0.999216079711914,-0.045116864144802,-0.5892401933670044,-0.4536115527153015,0.9991854429244996,-0.0455797165632247,-0.5907072424888611,-0.4527113139629364,0.9991855621337892,0.0374405719339847,-0.5819357633590698,-0.3376328349113464,0.9980222582817078,-0.1088878065347671,-0.5781985521316528,-0.3497835099697113,0.9983720779418944,0.0061180437915027,-0.5291120409965515,-0.4207474887371063,0.999118447303772,-0.0376697890460491,-0.5267447829246521,-0.4227753579616546,0.9992957711219788,0.1418332904577255,-0.4198983609676361,-0.2230035662651062,0.9998186230659484,-0.1789475083351135,-0.4101136028766632,-0.2664222717285156,0.9998732209205629,0.1749920845031738,-0.1852784603834152,-0.1744638830423355,0.959413766860962,-0.2114268392324447,-0.1550356745719909,-0.2109754532575607,0.9682093858718872,0.1844176352024078,0.0390875898301601,-0.2591949105262756,0.943143367767334,-0.1776229441165924,0.0726735964417457,-0.2972559630870819,0.9475072026252748,0.1885006427764892,0.1205327287316322,-0.2866462469100952,0.8950005769729614,-0.1661921143531799,0.1475491523742675,-0.3283835053443908,0.9076108932495116,0.1688419729471206,0.1271778345108032,-0.3154996931552887,0.9009681344032288,-0.142706036567688,0.1410738229751587,-0.3547002673149109,0.913162350654602,0.1723278015851974,0.0578110814094543,-0.2704586088657379,0.8800356984138489,-0.1579818129539489,0.0860736817121505,-0.308961421251297,0.8997703790664673,0.1090995967388153,-0.0026519657112658,0.0147445499897003,0.9997029900550842,-0.1094053834676742,0.0017879487713798,-0.0129960877820849,0.9997597932815552,0.0634394064545631,0.4023019671440124,0.1160677745938301,0.877895712852478,-0.0561339929699897,0.3509796261787414,0.0483653843402862,0.9051529169082642,0.0813725739717483,0.6831916570663452,0.3541500568389892,0.8791223764419556,-0.0462982133030891,0.6571948528289795,0.2678851783275604,0.8892573118209839,0.0904572904109954,0.7221131324768066,0.3706012368202209,0.7193384766578674,-0.0444660820066928,0.6998533010482788,0.283548504114151,0.6489533185958862,0.1317041367292404,0.7866635322570801,0.2747653722763061,0.8957619071006775,-0.0472503527998924,0.7742665410041809,0.1713081449270248,0.8910976052284241
-0.0203022863715887,-0.5570150017738342,-0.4610058069229126,0.9997056126594543,-0.0151895256713032,-0.5964109897613525,-0.4478578269481659,0.9992735385894777,-0.0148253617808222,-0.596831202507019,-0.4472891390323639,0.9992937445640564,-0.0149937607347965,-0.597604513168335,-0.4472078382968902,0.9992772936820984,-0.0479310937225818,-0.5937120914459229,-0.4476462304592132,0.9992825984954834,-0.0476039536297321,-0.5946076512336731,-0.4485538899898529,0.9992565512657166,-0.0480331182479858,-0.5960571765899658,-0.4476750195026397,0.999257504940033,0.0372528284788131,-0.5871526002883911,-0.3327745199203491,0.9981761574745178,-0.1107096225023269,-0.5829071998596191,-0.3424746096134186,0.9985154271125792,0.0038929989095777,-0.5343291163444519,-0.418526291847229,0.9992006421089172,-0.0405036062002182,-0.531665027141571,-0.420121431350708,0.999362289905548,0.1424829065799713,-0.4200406074523926,-0.2208781540393829,0.9998303651809692,-0.1808404475450515,-0.4104364216327667,-0.2649376988410949,0.9998825788497924,0.1755854934453964,-0.1842439919710159,-0.1758589297533035,0.9618720412254332,-0.2122619599103927,-0.1540487408638,-0.2097754627466201,0.9703187346458436,0.1844075918197631,0.0377109684050083,-0.2621645331382751,0.9455612301826476,-0.1783096939325332,0.0716717094182968,-0.2961642444133758,0.9501515626907348,0.1880872398614883,0.1181439831852912,-0.2904104590415954,0.8981931209564209,-0.167010098695755,0.1455761343240738,-0.3265066146850586,0.9115471839904784,0.1667782068252563,0.1239273026585578,-0.3186173737049103,0.9039518237113952,-0.143367514014244,0.139085978269577,-0.3531509935855865,0.9168490767478944,0.1720489263534546,0.0559269152581691,-0.273182213306427,0.8834338188171387,-0.1585518717765808,0.0848915576934814,-0.3079240620136261,0.9034610390663148,0.1107402667403221,-0.00214200373739,0.0158032607287168,0.999710202217102,-0.1110528111457824,0.0012792497873306,-0.0140774650499224,0.9997701048851012,0.0639552474021911,0.4022706747055053,0.1155955791473388,0.8854596614837646,-0.0513688512146472,0.349591851234436,0.0249238088726997,0.9123575091362,0.0832105204463005,0.6774047613143921,0.3730456531047821,0.8852531909942627,-0.0453612133860588,0.652992308139801,0.2439324557781219,0.8972949981689453,0.0922473147511482,0.7160930633544922,0.3911547064781189,0.7252506017684937,-0.0441065765917301,0.6952225565910339,0.259346604347229,0.6589082479476929,0.133810818195343,0.786456286907196,0.294252336025238,0.9004016518592834,-0.0388189665973186,0.77249675989151,0.143379658460617,0.8987122774124146
-0.0213252119719982,-0.5577121376991272,-0.4601171612739563,0.999730110168457,-0.0156790688633918,-0.5972461700439453,-0.4464961290359497,0.9993293285369872,-0.0153020089492201,-0.5976600050926208,-0.4459075033664703,0.9993467926979064,-0.0154507858678698,-0.5984185338020325,-0.4458491504192352,0.9993306994438172,-0.048591211438179,-0.594452977180481,-0.4460389018058777,0.9993375539779664,-0.0482378043234348,-0.5953601002693176,-0.4469344019889831,0.999316155910492,-0.0486576743423938,-0.5967997312545776,-0.4460509419441223,0.9993185997009276,0.0373228304088115,-0.5882959961891174,-0.3317695558071136,0.9982994198799132,-0.1110678687691688,-0.5838236808776855,-0.3401281237602234,0.9986373782157898,0.0032150091137737,-0.5351166129112244,-0.4179725050926208,0.9992725253105164,-0.041418869048357,-0.5323449373245239,-0.419300764799118,0.9994209408760072,0.1435776352882385,-0.4199506044387817,-0.2211031913757324,0.9998400807380676,-0.1818802952766418,-0.4105162620544433,-0.2639816999435425,0.9998908638954164,0.1763802915811538,-0.182336539030075,-0.1762931644916534,0.9639572501182556,-0.2124295234680175,-0.1517329961061477,-0.208929643034935,0.9721285104751588,0.1859715580940246,0.0379425883293151,-0.2643855810165405,0.9470966458320618,-0.1784633994102478,0.0727312564849853,-0.2955240607261657,0.9524519443511964,0.1899629235267639,0.1175468191504478,-0.2939658463001251,0.9000573754310608,-0.1670843809843063,0.146489605307579,-0.3250788450241089,0.914936065673828,0.1674379706382751,0.1233230754733085,-0.3217348158359527,0.9056683778762816,-0.1435904651880264,0.1396782547235489,-0.352194607257843,0.920031726360321,0.1730544865131378,0.0560947097837924,-0.275511622428894,0.8853784203529358,-0.1586921215057373,0.0858597308397293,-0.3073506355285644,0.9065794348716736,0.111943818628788,-0.0019076243042945,0.016215406358242,0.9997111558914183,-0.1122559830546379,0.0010512258158996,-0.0145095726475119,0.9997751712799072,0.064824990928173,0.4030001759529114,0.1092786416411399,0.8929906487464905,-0.0458810552954673,0.3526082634925842,0.0173324216157197,0.9190712571144104,0.0853417888283729,0.6784621477127075,0.3670829534530639,0.8919206261634827,-0.0402265451848506,0.6576870083808899,0.2320372015237808,0.905052363872528,0.094819352030754,0.7176880836486816,0.3841354250907898,0.7317134737968445,-0.0390260554850101,0.7003800868988037,0.2466127276420593,0.6700765490531921,0.1378889083862304,0.790123462677002,0.2831291556358337,0.9053745269775392,-0.0282303374260664,0.778130054473877,0.1274153143167495,0.90600323677063
-0.0214310511946678,-0.5570309162139893,-0.4640089273452759,0.9997530579566956,-0.0156646147370338,-0.5970895290374756,-0.4502584636211395,0.9993827939033508,-0.0152891585603356,-0.5974955558776855,-0.4496345221996307,0.9993981719017028,-0.0154391983523964,-0.5982528924942017,-0.449612557888031,0.9993829727172852,-0.0485693477094173,-0.5942800045013428,-0.4493517577648163,0.999389946460724,-0.0482152067124843,-0.5951512455940247,-0.4502205848693847,0.9993719458580016,-0.048636220395565,-0.5965785384178162,-0.4493033587932586,0.999375581741333,0.038150567561388,-0.5877662897109985,-0.3358149528503418,0.998427152633667,-0.1110250875353813,-0.5831095576286316,-0.3414359986782074,0.998751163482666,0.0031898315064609,-0.5348381400108337,-0.4222567081451416,0.999338924884796,-0.0415136404335498,-0.5320800542831421,-0.4228551983833313,0.9994747638702391,0.1446175128221511,-0.4189088046550751,-0.2264270186424255,0.9998511075973512,-0.1824499368667602,-0.4106746613979339,-0.264579176902771,0.9998988509178162,0.1764725893735885,-0.1792406290769577,-0.1937008500099182,0.9660723209381104,-0.2129216194152832,-0.1513770073652267,-0.2093697637319564,0.9737273454666138,0.1862391680479049,0.042571548372507,-0.2809742391109466,0.9485672116279602,-0.1790788024663925,0.0750375390052795,-0.2977889478206634,0.9544041752815248,0.1908147186040878,0.12203910946846,-0.3093248009681701,0.9019620418548584,-0.1674408316612243,0.1495396047830581,-0.3261465430259704,0.9176645874977112,0.1676200926303863,0.128791332244873,-0.3373425006866455,0.9073648452758788,-0.1442913711071014,0.1432165801525116,-0.3538671433925628,0.9225510954856871,0.1731624454259872,0.0610454753041267,-0.2916713356971741,0.8872625827789307,-0.1593125015497207,0.0885255858302116,-0.3096266388893127,0.9089520573616028,0.1126889362931251,-0.0017943768762052,0.0161200612783432,0.9997150897979736,-0.112992949783802,0.000938486191444,-0.0144109269604086,0.9997787475585938,0.065161295235157,0.4020467698574066,0.1107285469770431,0.900532603263855,-0.0442451350390911,0.3569095134735107,0.0332134738564491,0.9252346754074096,0.0916854366660118,0.6769818663597107,0.3700211644172668,0.8988574743270874,-0.0330973267555236,0.6628836989402771,0.2554291784763336,0.9122794270515442,0.1017472147941589,0.7163876295089722,0.3869413733482361,0.7378756999969482,-0.030812568962574,0.7057397365570068,0.2709126472473144,0.6822048425674438,0.1400357037782669,0.7912419438362122,0.2825103998184204,0.910731852054596,-0.0199368465691804,0.7846464514732361,0.1528894156217575,0.912871241569519
-0.0212384294718503,-0.5562735199928284,-0.4707221984863281,0.999774694442749,-0.0148743530735373,-0.5966102480888367,-0.4572096467018127,0.9994345903396606,-0.0144788939505815,-0.5970063805580139,-0.4565577208995819,0.9994481801986694,-0.0146112609654665,-0.5977550745010376,-0.4565840363502502,0.999434232711792,-0.0478576347231864,-0.5939278602600098,-0.4558271169662475,0.9994410276412964,-0.0474830083549022,-0.5948277711868286,-0.4566842317581177,0.99942547082901,-0.0478905700147151,-0.5962613224983215,-0.4557125270366668,0.9994298219680786,0.0409861654043197,-0.5876238942146301,-0.3440147340297699,0.9985543489456176,-0.1094485595822334,-0.5825833082199097,-0.3463656008243561,0.9988595843315125,0.0035996490623801,-0.5342580080032349,-0.4295342266559601,0.9994001388549804,-0.0412586629390716,-0.5316327810287476,-0.4293736219406128,0.9995240569114684,0.1467057913541793,-0.4160290658473968,-0.2368080168962478,0.9998608827590942,-0.1824115812778473,-0.4106592833995819,-0.2666419148445129,0.9999062418937684,0.1766001880168914,-0.1745910346508026,-0.209406241774559,0.967850625514984,-0.2130344808101654,-0.1507719457149505,-0.209768071770668,0.9750829935073853,0.186592161655426,0.0488628931343555,-0.2952208518981933,0.949238419532776,-0.180472195148468,0.077744036912918,-0.297770619392395,0.9558571577072144,0.1917552053928375,0.127481147646904,-0.3242602944374084,0.9023705720901488,-0.1687425822019577,0.1523454487323761,-0.3253465294837951,0.9195190072059632,0.1682382971048355,0.1351482421159744,-0.3514995574951172,0.9076266288757324,-0.146853893995285,0.1468790620565414,-0.353313535451889,0.9242135286331176,0.1734341233968734,0.0673898383975029,-0.3055815100669861,0.8875644207000732,-0.1611173301935196,0.0915125235915184,-0.3096868991851806,0.9103573560714722,0.1130527481436729,-0.0016555227339267,0.0158991329371929,0.999722421169281,-0.1133483350276947,0.0008004482951946,-0.0142118437215685,0.999784767627716,0.0653552189469337,0.4030647873878479,0.1163099035620689,0.9076302647590636,-0.0437625795602798,0.3602970540523529,0.051455520093441,0.930972695350647,0.0952670723199844,0.6771484613418579,0.3742835521697998,0.90566086769104,-0.0275986511260271,0.6650090217590332,0.2793704569339752,0.9188284277915956,0.1057391166687011,0.7164726853370667,0.3912681043148041,0.7461064457893372,-0.0244971513748168,0.7077276706695557,0.2958700060844421,0.6939976215362549,0.1425821930170059,0.7907651662826538,0.2858884930610657,0.916146993637085,-0.0157726071774959,0.7875144481658936,0.1814916282892227,0.9190872311592102
-0.0219119172543287,-0.5558803677558899,-0.4748101830482483,0.9997930526733398,-0.0151231000199913,-0.5960875749588013,-0.4613968133926391,0.9994773268699646,-0.0147226378321647,-0.5964906811714172,-0.4607429802417755,0.9994895458221436,-0.0148442378267645,-0.5972363948822021,-0.4607835710048675,0.9994764924049376,-0.0481117479503154,-0.5934070348739624,-0.4594408571720123,0.999483585357666,-0.0477277562022209,-0.5942981839179993,-0.4602978825569153,0.9994708895683287,-0.0481272228062152,-0.5957261919975281,-0.4592907428741455,0.999476432800293,0.041483636945486,-0.5872445702552795,-0.3497073352336883,0.9986582398414612,-0.1092523336410522,-0.5821844935417175,-0.348555326461792,0.9989509582519532,0.0033670200500637,-0.5339016318321228,-0.4344386160373688,0.9994532465934752,-0.0415181778371334,-0.5312564373016357,-0.4333503246307373,0.9995671510696412,0.1483017951250076,-0.413966953754425,-0.2453330755233764,0.9998685121536256,-0.1825676709413528,-0.4106492400169372,-0.2671380639076233,0.9999128580093384,0.1771012991666793,-0.1717550456523895,-0.2240876406431198,0.9692237377166748,-0.2133512943983078,-0.149930715560913,-0.2095708400011062,0.9762426614761353,0.1866312175989151,0.0528955571353435,-0.3103973865509033,0.9481524229049684,-0.1838956475257873,0.0813505575060844,-0.297991394996643,0.9570904970169068,0.1919733583927154,0.130946084856987,-0.3398077487945556,0.8997818827629089,-0.1725734919309616,0.156517282128334,-0.3249560892581939,0.9209863543510436,0.1683177351951599,0.1387187987565994,-0.3659505844116211,0.9048738479614258,-0.1520837545394897,0.1517624408006668,-0.3532712757587433,0.925488293170929,0.1734359264373779,0.0713323354721069,-0.3204682767391205,0.8842583894729614,-0.1650665700435638,0.0954857766628265,-0.310044527053833,0.9112334847450256,0.1135739609599113,-0.0015753343468531,0.0135979847982525,0.9997267723083496,-0.1138669922947883,0.0007213624776341,-0.0119846612215042,0.9997899532318116,0.0658265203237533,0.4023303389549255,0.1159518510103225,0.914331316947937,-0.0438321493566036,0.3612591028213501,0.0587351284921169,0.9360398054122924,0.0985137745738029,0.6762188076972961,0.3739602863788605,0.9120265245437622,-0.0241641514003276,0.6644401550292969,0.2885225117206573,0.9246630072593688,0.1088024005293846,0.7155570983886719,0.3905920386314392,0.7511960864067078,-0.0207206234335899,0.7069591283798218,0.3050884902477264,0.7036550045013428,0.1425322145223617,0.7911337614059448,0.2808900475502014,0.9210664629936218,-0.0168061312288045,0.7871093153953552,0.1897417306900024,0.9247377514839172
-0.022063922137022,-0.5536917448043823,-0.4826546907424927,0.999811053276062,-0.0150466887280344,-0.5940982699394226,-0.4700425863265991,0.999520778656006,-0.0146407326683402,-0.5945097208023071,-0.4693746268749237,0.9995315074920654,-0.0147596085444092,-0.5952152609825134,-0.4694511890411377,0.9995196461677552,-0.0480264015495777,-0.5920984745025635,-0.4680773019790649,0.9995266795158386,-0.0476414002478122,-0.5930038690567017,-0.4689222574234009,0.9995158314704896,-0.0480389930307865,-0.5944309830665588,-0.4678676128387451,0.999521791934967,0.0422678738832473,-0.585421621799469,-0.3591716289520263,0.9987673163414,-0.1088805273175239,-0.5819083452224731,-0.3572347164154053,0.9990413784980774,0.0031304219737648,-0.5317111611366272,-0.4421092867851257,0.9995034337043762,-0.0418109521269798,-0.5297345519065857,-0.4409626126289367,0.9996073246002196,0.1482495963573455,-0.4119848608970642,-0.2554278373718261,0.9998766779899596,-0.1841018050909042,-0.4110215008258819,-0.2699986696243286,0.9999191164970398,0.1757154762744903,-0.170649304986,-0.2333997786045074,0.9704018235206604,-0.2149118036031723,-0.1504072844982147,-0.2108216732740402,0.977285623550415,0.1865531355142593,0.0543001443147659,-0.3230472803115845,0.9473233222961426,-0.1892113238573074,0.0841512456536293,-0.2998384237289428,0.9582813382148744,0.1921074986457824,0.1315159201622009,-0.3532769978046417,0.8977943062782288,-0.1791882216930389,0.1594447493553161,-0.3257741928100586,0.9225429892539978,0.1688403636217117,0.1401252299547195,-0.3795238137245178,0.9028842449188232,-0.1601397693157196,0.1566043198108673,-0.3549838364124298,0.9268842935562134,0.173418715596199,0.0726723074913024,-0.33347088098526,0.8820506930351257,-0.1712137162685394,0.0990128517150878,-0.3122843205928802,0.9124019742012024,0.1138050928711891,-0.0014633077662438,0.0109935207292437,0.9997334480285645,-0.1140928268432617,0.0005968838231638,-0.0094224261119961,0.9997925162315368,0.0653641521930694,0.401283323764801,0.1184000894427299,0.9207547903060912,-0.0458255857229232,0.3627963066101074,0.098551757633686,0.9406366348266602,0.0980627164244651,0.6755655407905579,0.3756866455078125,0.9178181886672974,-0.023762235417962,0.6628416776657104,0.3579400479793548,0.9298125505447388,0.1081282421946525,0.7146053910255432,0.3930846750736236,0.7582367658615112,-0.0198602490127086,0.7050951719284058,0.377391368150711,0.7144007682800293,0.1380892693996429,0.7892483472824097,0.2853906452655792,0.9258117079734802,-0.0180013179779052,0.7861565947532654,0.2692160308361053,0.9295979738235474
-0.0209934040904045,-0.5535399317741394,-0.4830182790756225,0.9998279809951782,-0.0129585629329085,-0.593886137008667,-0.4707678556442261,0.9995622634887696,-0.0125397695228457,-0.5943024754524231,-0.4700920879840851,0.9995716214179992,-0.0126498583704233,-0.5950012803077698,-0.4701877534389496,0.9995610117912292,-0.0457258969545364,-0.592001736164093,-0.4688525199890136,0.999567210674286,-0.0453411266207695,-0.5929094552993774,-0.4696793258190155,0.9995578527450562,-0.0457231625914573,-0.5943275690078735,-0.4685952961444855,0.9995638728141784,0.0453517772257328,-0.5852948427200317,-0.360451340675354,0.99887353181839,-0.1056492328643798,-0.5829634666442871,-0.3584531247615814,0.9991249442100524,0.0040046577341854,-0.5315521359443665,-0.4424266815185547,0.9995500445365906,-0.0409531965851783,-0.5296351313591003,-0.4413298070430755,0.9996442198753356,0.1491836607456207,-0.4122314751148224,-0.2582035958766937,0.9998859167099,-0.1840170621871948,-0.4150696694850921,-0.2700013518333435,0.9999247789382936,0.1756220459938049,-0.1712703853845596,-0.2350779473781585,0.971596360206604,-0.2149208933115005,-0.1540723145008087,-0.2105934917926788,0.9783514738082886,0.1866723746061325,0.0519923530519008,-0.327327162027359,0.9471755623817444,-0.1924845874309539,0.0831344425678253,-0.2994005680084228,0.959889829158783,0.1928486227989196,0.1291393190622329,-0.3586914837360382,0.8970149755477905,-0.1846914887428283,0.1579196453094482,-0.3255614936351776,0.9250212907791138,0.1703918725252151,0.1376672983169555,-0.3849349021911621,0.9020909667015076,-0.1654637902975082,0.1551592797040939,-0.3546174764633178,0.9291886687278748,0.1736560612916946,0.0702410861849784,-0.3381285965442657,0.8812801241874695,-0.1750803589820861,0.0977290868759155,-0.3118894100189209,0.9147403836250304,0.1140570938587188,-0.0012431897921487,0.006820373237133,0.9997485876083374,-0.1143378317356109,0.0003571378765627,-0.0053052101284265,0.9997999668121338,0.0655359551310539,0.4011742770671844,0.1197506412863731,0.9271621108055116,-0.0517702996730804,0.3669716417789459,0.1416683346033096,0.9450215697288512,0.0980889052152633,0.6729397773742676,0.4013751447200775,0.9235334992408752,-0.0218354258686304,0.6617289185523987,0.4211813807487488,0.93466317653656,0.1081177219748497,0.7114734053611755,0.4229060113430023,0.766995906829834,-0.0169476475566625,0.7037584781646729,0.4433590173721313,0.7257331013679504,0.1348524838685989,0.7882521748542786,0.3171864151954651,0.93068528175354,-0.0186980254948139,0.7864435315132141,0.3443157374858856,0.9342555403709412
-0.0201098248362541,-0.5533880591392517,-0.4829919636249542,0.9998438358306884,-0.0114695588126778,-0.5936881899833679,-0.4710513055324554,0.999601662158966,-0.0110429218038916,-0.5941069722175598,-0.4703755974769592,0.9996097087860109,-0.0111509095877408,-0.5948057770729065,-0.4704653620719909,0.9996002316474916,-0.0440564528107643,-0.5918288230895996,-0.4692254066467285,0.9996055960655212,-0.0436839275062084,-0.5927362442016602,-0.4700289070606231,0.999597430229187,-0.0440726391971111,-0.5941478610038757,-0.4689445495605469,0.9996032118797302,0.0470517463982105,-0.5852252244949341,-0.3609143197536468,0.9989750385284424,-0.1037759780883789,-0.5839003920555115,-0.359387069940567,0.999203324317932,0.0046375389210879,-0.5314140915870667,-0.4422290623188019,0.9995931386947632,-0.0403097793459892,-0.5295431613922119,-0.441263198852539,0.9996781945228576,0.1494597941637039,-0.4136651456356048,-0.258561909198761,0.9998950362205504,-0.1839075684547424,-0.4191662669181824,-0.2700820565223694,0.999930202960968,0.1750745773315429,-0.1744933426380157,-0.2322739362716674,0.9726434350013732,-0.2149263173341751,-0.1603496223688125,-0.2104245722293853,0.979207158088684,0.1865729391574859,0.0515305586159229,-0.3242771923542022,0.9474854469299316,-0.1963203400373459,0.0816462859511375,-0.2991867959499359,0.9609338641166688,0.1928527951240539,0.1288087964057922,-0.3555198013782501,0.8971279263496399,-0.1910218894481659,0.1569648832082748,-0.3251488804817199,0.9266148805618286,0.1707060039043426,0.1361255049705505,-0.3820886313915252,0.9022638201713562,-0.1719936281442642,0.153946653008461,-0.3544015288352966,0.9306998252868652,0.1736465692520141,0.0695549696683883,-0.3352544009685516,0.8815867304801941,-0.1795465052127838,0.0974176749587059,-0.3116017878055572,0.916231334209442,0.1142672821879386,-0.0009175643208436,0.0058349259197711,0.9997639060020448,-0.1145421490073204,1.897144898066472e-06,-0.0043218871578574,0.999807596206665,0.0648682042956352,0.4008209407329559,0.115458533167839,0.9326429963111876,-0.0596122257411479,0.3668771684169769,0.1495293825864792,0.948910355567932,0.093257762491703,0.6624230742454529,0.4240376055240631,0.9279228448867798,-0.0222594663500785,0.6575238704681396,0.4398619532585144,0.9389055967330932,0.1023844480514526,0.6998019814491272,0.449161171913147,0.7745364308357239,-0.0171652138233184,0.6987400650978088,0.4635239541530609,0.7362058162689209,0.1288673132658004,0.781684160232544,0.3504713177680969,0.9345731139183044,-0.0189606212079525,0.7851763963699341,0.3679308891296386,0.9382883310317992
-0.0117363017052412,-0.5501687526702881,-0.4869309067726135,0.9998584389686584,-0.0020172172226011,-0.5908465385437012,-0.4756136834621429,0.9996381998062134,-0.0015807098243385,-0.5912617444992065,-0.4749287068843841,0.9996451139450072,-0.0017036604695022,-0.5919496417045593,-0.4750188291072845,0.9996365904808044,-0.0345968008041381,-0.589768648147583,-0.4743027687072754,0.9996414184570312,-0.034240435808897,-0.590672492980957,-0.47505584359169,0.9996341466903688,-0.0346353091299533,-0.5920687317848206,-0.4739727079868316,0.9996395707130432,0.0547019131481647,-0.5846811532974243,-0.3641376495361328,0.9990688562393188,-0.0969147384166717,-0.5838374495506287,-0.3653483390808105,0.9992761015892028,0.0113222207874059,-0.5294076800346375,-0.4451389610767364,0.9996323585510254,-0.033846840262413,-0.5281047224998474,-0.4448711276054382,0.9997092485427856,0.1518771350383758,-0.4146178066730499,-0.2604231536388397,0.9999038577079772,-0.1823653876781463,-0.42152801156044,-0.273280918598175,0.999935507774353,0.1750873327255249,-0.1783809810876846,-0.2310866266489029,0.973886251449585,-0.2137408554553985,-0.1653728634119033,-0.2134130150079727,0.980130672454834,0.1882950812578201,0.0511599518358707,-0.3220345973968506,0.9490306973457336,-0.1979475617408752,0.0810393542051315,-0.301418125629425,0.9619734883308412,0.1965203136205673,0.127762109041214,-0.3530511558055877,0.8993853330612183,-0.1942781209945678,0.1565649658441543,-0.3268549144268036,0.9281864166259766,0.1760309934616089,0.1345502734184265,-0.379823088645935,0.90448397397995,-0.1744517385959625,0.1564216315746307,-0.3576889336109161,0.9321979880332948,0.1760154813528061,0.0685281977057457,-0.3330748379230499,0.8842308521270752,-0.1812685281038284,0.0972674489021301,-0.314619779586792,0.9177609086036682,0.1143175885081291,-0.0007588763255625,0.0058628884144127,0.9997783899307252,-0.1145877987146377,-0.0001811772526707,-0.0043469099327921,0.9998148083686828,0.064003050327301,0.400583267211914,0.1169194653630256,0.9371913075447084,-0.0622910782694816,0.366354376077652,0.1542182862758636,0.9524076581001282,0.0898833274841308,0.6521579623222351,0.441836267709732,0.93128764629364,-0.0228766053915023,0.6502015590667725,0.4450522065162658,0.9425368309020996,0.099086195230484,0.6890020966529846,0.4675563275814056,0.7814743518829346,-0.0173632018268108,0.6908854246139526,0.4686726927757263,0.7456788420677185,0.1287207007408142,0.771068811416626,0.3718749582767486,0.9378732442855836,-0.0188637692481279,0.7800714373588562,0.3732895255088806,0.941773235797882
-0.00134120171424,-0.5442275404930115,-0.4921352565288543,0.9998709559440612,0.0077501498162746,-0.5854645371437073,-0.4808227121829986,0.9996694326400756,0.0081560406833887,-0.5858557224273682,-0.4801159799098968,0.999675154685974,0.0080384965986013,-0.5865465998649597,-0.4802281260490417,0.9996675252914428,-0.0247629303485155,-0.5848556756973267,-0.4800948798656463,0.9996715784072876,-0.024398660287261,-0.5857552289962769,-0.4808159470558166,0.9996650815010072,-0.0247936993837356,-0.5871085524559021,-0.4797759354114532,0.9996703267097472,0.0620144344866275,-0.5821736454963684,-0.3673627376556396,0.9991480112075806,-0.0890805646777153,-0.5826222896575928,-0.3716538846492767,0.9993367195129396,0.0204758234322071,-0.524768590927124,-0.4493654668331146,0.9996666312217712,-0.0245991647243499,-0.523597002029419,-0.4499927163124084,0.9997364282608032,0.1561120450496673,-0.4144821763038635,-0.2642880082130432,0.9999115467071532,-0.1789643913507461,-0.4215123355388641,-0.2804559171199798,0.9999392032623292,0.1751738339662552,-0.1786888390779495,-0.2373344600200653,0.9748975038528442,-0.2137410640716552,-0.1678346395492553,-0.2262464016675949,0.9808910489082336,0.1888435035943985,0.0511924140155315,-0.3249714076519012,0.9502826929092408,-0.2005687355995178,0.0815274193882942,-0.3104181289672851,0.9622595310211182,0.1981781274080276,0.128750279545784,-0.3569955825805664,0.9012588262557985,-0.1981991082429886,0.1574801504611969,-0.3348731994628906,0.9284468293190002,0.1776628494262695,0.137917160987854,-0.3837925791740417,0.9062812328338624,-0.1760105639696121,0.1599772721529007,-0.3655973970890045,0.9323813915252686,0.1766610890626907,0.0695118904113769,-0.3362060487270355,0.8864133358001709,-0.1833488941192627,0.0989656224846839,-0.3236294090747833,0.9177707433700562,0.1143373921513557,-0.0006811948842369,0.0058839851990342,0.9997912645339966,-0.1146064475178718,-0.0002701197518035,-0.0043649715371429,0.9998193979263306,0.0638046339154243,0.3996918499469757,0.1177279278635978,0.940897524356842,-0.0621918998658657,0.3658366501331329,0.1601065099239349,0.9545474648475648,0.0898289456963539,0.6334483027458191,0.4669628143310547,0.9329516291618348,-0.023145331069827,0.6409845352172852,0.4640982151031494,0.9445064067840576,0.0991373509168624,0.668762743473053,0.4954510033130646,0.7848880887031555,-0.0177396442741155,0.6806166172027588,0.4900221526622772,0.7479842305183411,0.1282588988542556,0.7554556727409363,0.4032969772815704,0.9398865699768066,-0.0187948942184448,0.7717654705047607,0.3973238468170166,0.943524956703186
0.0103490008041262,-0.5207052826881409,-0.5079110264778137,0.9998813271522522,0.0178172904998064,-0.5634450912475586,-0.4975606501102447,0.9996951818466188,0.0181933958083391,-0.5638267397880554,-0.4968282282352447,0.999699592590332,0.0180820357054471,-0.5645492076873779,-0.4969256818294525,0.9996931552886964,-0.0144852893427014,-0.562883198261261,-0.4986673593521118,0.9996957182884216,-0.0141040887683629,-0.5637827515602112,-0.4993182420730591,0.999689757823944,-0.0145321413874626,-0.5651223659515381,-0.4983556866645813,0.9996949434280396,0.0663956627249717,-0.5701159834861755,-0.3799324333667755,0.9992144703865052,-0.0838697403669357,-0.5708768963813782,-0.3928218483924866,0.9993847608566284,0.0302156060934066,-0.5055409669876099,-0.4623928070068359,0.9996968507766724,-0.014681133441627,-0.5038725733757019,-0.4654448330402374,0.9997604489326476,0.15811188519001,-0.4140901565551758,-0.2701205611228943,0.999919056892395,-0.175798162817955,-0.418717086315155,-0.2983708381652832,0.999941885471344,0.1767885833978653,-0.1788163632154464,-0.2403829991817474,0.9762336611747742,-0.211779847741127,-0.166982352733612,-0.2440530359745025,0.9815338253974916,0.1951353698968887,0.0537877008318901,-0.3270754814147949,0.9524793028831482,-0.201208084821701,0.0843481868505477,-0.322458803653717,0.9620761871337892,0.2085766792297363,0.1331619173288345,-0.3592563271522522,0.9049002528190612,-0.1996466666460037,0.1598037183284759,-0.3465200662612915,0.9280702471733092,0.1869093179702758,0.1454857140779495,-0.3878320157527923,0.9098480939865112,-0.1774495244026184,0.1638549715280532,-0.3771088123321533,0.9320722818374634,0.1832035332918167,0.0737075135111808,-0.3390369415283203,0.8906317353248596,-0.1841480880975723,0.1027492359280586,-0.3354985117912292,0.9170389771461488,0.1143406555056572,-0.000654787174426,0.0083308154717087,0.9998006820678712,-0.1146090999245643,-0.0003062823088839,-0.0067252987064421,0.9998164176940918,0.0636872798204422,0.3993862569332123,0.1161944046616554,0.9436519742012024,-0.0620943047106266,0.3636364936828613,0.1527304947376251,0.9563892483711244,0.0845849961042404,0.6218777894973755,0.4720311760902405,0.931495189666748,-0.0287943072617054,0.6316828727722168,0.4479037225246429,0.9456132054328918,0.0939009636640548,0.6562706828117371,0.5018243789672852,0.7831506133079529,-0.0236051436513662,0.6711872220039368,0.4731234014034271,0.7456931471824646,0.1263458132743835,0.7444260716438293,0.416098028421402,0.9397328495979308,-0.0184268802404403,0.7637481689453125,0.3793336153030395,0.9441692233085632
0.0185501184314489,-0.4906963109970093,-0.5378432273864746,0.999890387058258,0.0247240345925092,-0.5349301099777222,-0.5255168080329895,0.9997192025184632,0.0250547751784324,-0.5353196859359741,-0.5247539281845093,0.9997223019599916,0.0249727722257375,-0.5360860228538513,-0.5248615741729736,0.9997172355651855,-0.0080600949004292,-0.5350184440612793,-0.5288013815879822,0.999717652797699,-0.0076255011372268,-0.5359618663787842,-0.5293159484863281,0.999711811542511,-0.0080670611932873,-0.5372897386550903,-0.5284507274627686,0.9997172355651855,0.0687417313456535,-0.543430507183075,-0.4006692767143249,0.999276638031006,-0.0829102918505668,-0.5461294651031494,-0.4218751490116119,0.999427080154419,0.0368290059268474,-0.4757488071918487,-0.4897168278694153,0.999724805355072,-0.0087668877094984,-0.4740677177906036,-0.4953584671020508,0.9997826218605042,0.1584629565477371,-0.4007168710231781,-0.2845331132411957,0.9999265670776368,-0.1753923445940017,-0.4027066230773926,-0.3263008594512939,0.999944508075714,0.1842732429504394,-0.1688446253538131,-0.2604292035102844,0.9778333902359008,-0.2119828313589096,-0.1542456299066543,-0.2724124789237976,0.9825422763824464,0.2080227136611938,0.0656733289361,-0.3474361896514892,0.9551954865455629,-0.2021737545728683,0.091272585093975,-0.3534384965896606,0.963272988796234,0.2255277633666992,0.1451692134141922,-0.3810136914253235,0.9098877906799316,-0.2006220519542694,0.1630883961915969,-0.3805818557739258,0.930270254611969,0.2003815323114395,0.1580650061368942,-0.4134770631790161,0.9145970940589904,-0.1772994548082351,0.1662840396165847,-0.4095654487609863,0.9341872930526732,0.1953505128622055,0.0860299170017242,-0.3614275157451629,0.8961307406425476,-0.184731587767601,0.1090435907244682,-0.3661474883556366,0.9191121459007264,0.1144352853298187,-0.0006625614478252,0.0119068892672657,0.9998159408569336,-0.114693284034729,-0.0003044582845177,-0.0101273022592067,0.999820351600647,0.0650466009974479,0.3993352651596069,0.1025022193789482,0.945619821548462,-0.0603046156466007,0.3623776435852051,0.1360651552677154,0.9563010334968568,0.079414464533329,0.5780456066131592,0.4961907565593719,0.9193903207778932,-0.0301674306392669,0.5877234935760498,0.4687249958515167,0.935608208179474,0.0881979763507843,0.6082858443260193,0.5319147109985352,0.7614145278930664,-0.0247268863022327,0.623914897441864,0.5008546113967896,0.7183499932289124,0.1185611560940742,0.709694504737854,0.4608731269836426,0.9318065643310548,-0.0121994139626622,0.7224059104919434,0.4264398515224457,0.934200882911682
0.0206012371927499,-0.4761513471603393,-0.5558584928512573,0.9998987317085266,0.0277477316558361,-0.5194376111030579,-0.5411899089813232,0.9997398853302002,0.0280856769531965,-0.519798755645752,-0.5404512286186218,0.9997419714927672,0.028033984825015,-0.5205844640731812,-0.5404707193374634,0.9997378587722778,-0.0054309759289026,-0.5200991630554199,-0.5450937747955322,0.9997363090515136,-0.0050214910879731,-0.5210244059562683,-0.5457680821418762,0.999730944633484,-0.0054629952646791,-0.5223631262779236,-0.5448260307312012,0.9997364282608032,0.0715452805161476,-0.522506833076477,-0.4144333899021148,0.9993298649787904,-0.0821220502257347,-0.5294071435928345,-0.4383649826049804,0.9994627237319946,0.038473043590784,-0.4588549137115478,-0.5079402327537537,0.9997500777244568,-0.0074755209498107,-0.4582799077033996,-0.5139408111572266,0.9998024702072144,0.1589652001857757,-0.3778507113456726,-0.297752320766449,0.999933123588562,-0.1755513846874237,-0.3816027045249939,-0.3444799184799194,0.9999461770057678,0.1917480528354644,-0.1493722796440124,-0.2764471471309662,0.9795583486557008,-0.2113896012306213,-0.1385210752487182,-0.2890222072601318,0.9833698868751526,0.2313025444746017,0.0857370421290397,-0.3632670044898987,0.9584177732467652,-0.1985170245170593,0.1052384153008461,-0.3674172759056091,0.9637133479118348,0.2539919316768646,0.1661414802074432,-0.395352154970169,0.91595858335495,-0.1955537647008896,0.1779217571020126,-0.3957905173301697,0.9308114647865297,0.2272059172391891,0.1802170872688293,-0.4289492964744568,0.9204128384590148,-0.1689590662717819,0.1795977801084518,-0.4252961277961731,0.9348726868629456,0.2193763852119445,0.1072378680109977,-0.3774934411048889,0.902941644191742,-0.1797230243682861,0.1232195571064949,-0.3800054490566253,0.9198302626609802,0.1153187006711959,-0.0010183295235037,0.0147955920547246,0.9998297691345216,-0.1155639663338661,6.532238330692053e-05,-0.0129058305174112,0.999827802181244,0.0661056861281395,0.394337922334671,0.0730440691113472,0.9475723505020142,-0.0546668171882629,0.362562894821167,0.0365154109895229,0.9561970829963684,0.0620864406228065,0.5386484265327454,0.4823388457298279,0.9048055410385132,-0.0328030474483966,0.5357710719108582,0.4542030692100525,0.9174667000770568,0.069113440811634,0.5678741931915283,0.5160946846008301,0.7327482104301453,-0.0282977689057588,0.5675234198570251,0.4813820123672485,0.6855803728103638,0.0973342880606651,0.6777534484863281,0.447189450263977,0.9189954996109008,-0.0123832039535045,0.661401093006134,0.4103157818317413,0.9176408052444458
0.0195898134261369,-0.450436532497406,-0.5786348581314087,0.9999067783355712,0.0277461670339107,-0.4933729767799377,-0.5626797676086426,0.999759316444397,0.0281093604862689,-0.4937895834445953,-0.5619222521781921,0.9997604489326476,0.0280718561261892,-0.4945508539676666,-0.5618822574615479,0.999756395816803,-0.0057082618586719,-0.4941129982471466,-0.5663034319877625,0.9997551441192628,-0.0053167259320616,-0.4949429333209991,-0.5670907497406006,0.9997504353523254,-0.0057497983798384,-0.4963079690933227,-0.5661495923995972,0.9997559189796448,0.0740513131022453,-0.4942361712455749,-0.4360250234603882,0.9993767738342284,-0.0814947485923767,-0.5036195516586304,-0.4583384692668915,0.9995003938674928,0.0379556156694889,-0.432171493768692,-0.5314462184906006,0.9997726678848268,-0.0081042014062404,-0.4321806132793426,-0.5368335843086243,0.999820590019226,0.1600169986486435,-0.3422457277774811,-0.3174868524074554,0.999938189983368,-0.1754469722509384,-0.3491759002208709,-0.3639843761920929,0.9999471306800842,0.1932607591152191,-0.1108101531863212,-0.3027970790863037,0.9809452295303344,-0.1972043365240097,-0.0991135090589523,-0.3106420040130615,0.9838297367095948,0.2377479374408722,0.1129549890756607,-0.3841072022914886,0.9607650637626648,-0.1740285456180572,0.1339626908302307,-0.3921561241149902,0.9638915061950684,0.2636072933673858,0.192803755402565,-0.4157630503177643,0.9204633235931396,-0.1675397306680679,0.2055840045213699,-0.4233596622943878,0.9309862852096558,0.2359402775764465,0.2046679556369781,-0.447391539812088,0.9247698187828064,-0.1392369568347931,0.2047643810510635,-0.4507204592227936,0.9352385401725768,0.2263078391551971,0.1334147900342941,-0.3975914418697357,0.908113956451416,-0.1538719683885574,0.1507432758808136,-0.4038623571395874,0.9202033281326294,0.1162776574492454,-0.0016278839902952,0.0155297042801976,0.9998421669006348,-0.1165039017796516,0.0007021083147265,-0.0136197386309504,0.9998378157615662,0.0743275508284568,0.3692416250705719,0.0309152733534574,0.945886731147766,-0.0364931002259254,0.3610206246376037,-0.0389725156128406,0.9524551033973694,0.0648896843194961,0.4836131036281585,0.4745174944400787,0.8744326829910278,-0.0327448397874832,0.4926154613494873,0.4172521233558655,0.8847807049751282,0.0722330212593078,0.5117431879043579,0.5090920329093933,0.6925355195999146,-0.0287675950676202,0.5224818587303162,0.462368756532669,0.6480157375335693,0.0997356250882148,0.6292574405670166,0.4359651207923889,0.8909183740615845,-0.0169300101697444,0.6192154884338379,0.394244521856308,0.8894233107566833
0.0215006936341524,-0.3932421803474426,-0.6165642142295837,0.9999130964279176,0.0302499271929264,-0.4368802607059479,-0.6040846705436707,0.9997749924659728,0.030591333284974,-0.4374741613864898,-0.6032787561416626,0.9997751116752625,0.030558967962861,-0.4380794465541839,-0.603335976600647,0.999770164489746,-0.0030272677540779,-0.4379516541957855,-0.6078499555587769,0.9997687935829164,-0.0026705558411777,-0.4387417733669281,-0.6087305545806885,0.999764323234558,-0.0030519135762006,-0.4401218295097351,-0.6076701283454895,0.999768853187561,0.0768724605441093,-0.4460152685642242,-0.4810168743133545,0.9994186162948608,-0.0780118256807327,-0.4573818743228912,-0.5031500458717346,0.9995278120040894,0.0393910482525825,-0.378557413816452,-0.5689207911491394,0.9997918605804444,-0.0062467823736369,-0.3791815638542175,-0.5746078491210938,0.9998359084129332,0.1617532968521118,-0.3119057714939117,-0.350963830947876,0.9999430179595948,-0.1733375787734985,-0.3199567794799804,-0.3968139886856079,0.9999476671218872,0.1925792098045349,-0.0813679173588752,-0.3310828804969787,0.9820878505706788,-0.1793097406625747,-0.0770076662302017,-0.3350156843662262,0.9834085702896118,0.2524133920669555,0.144545242190361,-0.4008589386940002,0.9626764059066772,-0.1574233919382095,0.161711648106575,-0.409300297498703,0.963699996471405,0.2900744378566742,0.2238898575305938,-0.4299536645412445,0.9243434071540833,-0.1502236872911453,0.2344690263271331,-0.4392276406288147,0.931282877922058,0.2654244899749756,0.2381774634122848,-0.4628982245922088,0.9285409450531006,-0.1205261573195457,0.2354917973279953,-0.4701865613460541,0.9358960390090942,0.2443076223134994,0.1661935597658157,-0.414788156747818,0.9128934741020204,-0.1366330683231353,0.1795186102390289,-0.422404408454895,0.9213539361953736,0.1165995746850967,-0.0020218251738697,0.0154487304389476,0.9998533725738524,-0.116829052567482,0.0011036387877538,-0.0135477678850293,0.9998443126678468,0.0975397899746894,0.342149406671524,0.0206483341753482,0.9406364560127258,-0.0214931908994913,0.358672559261322,-0.0105510354042053,0.9416247606277466,0.0795170068740844,0.4381820559501648,0.4716851413249969,0.8342536091804504,-0.0291029941290617,0.4592072069644928,0.4172702729701996,0.8401143550872803,0.0854783132672309,0.4630958139896393,0.5029541850090027,0.6526747941970825,-0.0270912144333124,0.4855436980724334,0.4606963992118835,0.611009955406189,0.1053065657615661,0.5816020369529724,0.441482663154602,0.8529859185218811,-0.0183281693607568,0.5819823145866394,0.4157543480396271,0.8502797484397888
0.0227231793105602,-0.3567663133144378,-0.632072925567627,0.9999207854270936,0.0317765213549137,-0.4011542499065399,-0.6184608340263367,0.9997946619987488,0.0320603437721729,-0.4015713632106781,-0.6175877451896667,0.9997940063476562,0.0321066565811634,-0.4023358523845672,-0.6174846291542053,0.9997889995574952,-0.0018372383201494,-0.4018895626068115,-0.6225752830505371,0.9997887015342712,-0.0013911202549934,-0.4028719067573547,-0.6234087347984314,0.9997846484184264,-0.0017763457726687,-0.404188871383667,-0.6225368976593018,0.999788761138916,0.0784206986427307,-0.4140760898590088,-0.4904735684394836,0.9994682669639589,-0.0772085338830947,-0.4259303510189056,-0.5150033831596375,0.9995694756507874,0.0401428639888763,-0.3436756432056427,-0.5829141139984131,0.9998117089271544,-0.0055832494981586,-0.3443214297294616,-0.5892536044120789,0.9998517036437988,0.1628651767969131,-0.2920195758342743,-0.3542174696922302,0.9999478459358216,-0.1700916737318039,-0.2992114424705505,-0.4229840934276581,0.9999508857727052,0.2018731236457824,-0.0613726489245891,-0.3425906300544739,0.9832049608230592,-0.1726136356592178,-0.0505513697862625,-0.3979640603065491,0.984365165233612,0.2727465331554413,0.1654793918132782,-0.3988489508628845,0.9647412896156312,-0.1365013420581817,0.1938234567642212,-0.4744453430175781,0.9655391573905944,0.3151756823062897,0.2410078048706054,-0.4252227246761322,0.9284799695014954,-0.1264044642448425,0.2649936974048614,-0.5118907690048218,0.934733510017395,0.2845277190208435,0.2539625465869903,-0.4579640626907348,0.9324737191200256,-0.0817016884684562,0.2623345255851745,-0.5346391201019287,0.9391789436340332,0.2630845904350281,0.1872391253709793,-0.4123294055461883,0.9175346493721008,-0.109838455915451,0.2118625193834304,-0.4856045246124267,0.925083577632904,0.1167846322059631,-0.0027248775586485,0.0184657555073499,0.9998658895492554,-0.1170325800776481,0.0018163169734179,-0.0164769496768713,0.999854564666748,0.1134470626711845,0.3058226108551025,-0.0913570672273635,0.9303339123725892,-0.0139282708987593,0.3512006103992462,-0.1361781060695648,0.9326305985450744,0.0771443769335746,0.3687431514263153,0.324183315038681,0.7741633057594299,-0.0300424061715602,0.3873884081840515,0.2929592430591583,0.7783721089363098,0.0822610184550285,0.3890382945537567,0.363271951675415,0.6053184270858765,-0.0303426105529069,0.4058298766613006,0.3375775814056396,0.5648804903030396,0.1004416048526763,0.4964431226253509,0.3354797065258026,0.8000341653823853,-0.0219235345721244,0.5001609325408936,0.3278922438621521,0.7940829396247864
0.0295392144471406,-0.3092924356460571,-0.6807595491409302,0.999928653240204,0.0348396115005016,-0.3549642562866211,-0.6624818444252014,0.9998151063919068,0.03505714610219,-0.3555058538913727,-0.6613722443580627,0.9998144507408142,0.0352414473891258,-0.3562759459018707,-0.6614736318588257,0.9998099207878112,0.0005509237525984,-0.3543017506599426,-0.6688665747642517,0.999809741973877,0.0012401110725477,-0.3553135097026825,-0.6696125268936157,0.9998060464859008,0.0009195387247018,-0.3564958274364471,-0.6688243746757507,0.9998096823692322,0.0777303129434585,-0.3633151650428772,-0.5213138461112976,0.9995209574699402,-0.0776134133338928,-0.3680051863193512,-0.5556669235229492,0.9996121525764464,0.044752798974514,-0.2940965890884399,-0.6285136342048645,0.9998304843902588,-0.0015312995528802,-0.2926153242588043,-0.6387437582015991,0.9998664855957032,0.1626883596181869,-0.2453896552324295,-0.3904440104961395,0.9999529123306274,-0.1701974868774414,-0.2468108981847763,-0.4589914083480835,0.999954342842102,0.2024401724338531,-0.007541730068624,-0.400905579328537,0.984782099723816,-0.1667169779539108,0.0065272557549178,-0.4370011687278747,0.9853763580322266,0.2835815846920013,0.2161678373813629,-0.4577190577983856,0.9679802060127258,-0.1228923946619033,0.2450249791145324,-0.5156159996986389,0.9673275351524352,0.3284573554992676,0.2838442623615265,-0.4876181781291961,0.9349191784858704,-0.1121459826827049,0.3125785887241363,-0.5604851841926575,0.938261866569519,0.2949030101299286,0.2939768731594085,-0.5246307849884033,0.9385364651679992,-0.061302226036787,0.3006545007228851,-0.584827184677124,0.9425193071365356,0.2729191482067108,0.2361674755811691,-0.471874475479126,0.9247309565544128,-0.0937064364552497,0.2598792612552643,-0.5300012826919556,0.9286671876907348,0.1170031875371933,-0.0045609902590513,0.0183350704610347,0.9998788237571716,-0.1172836199402809,0.0036688321270048,-0.0163953974843025,0.99986732006073,0.139595553278923,0.3119990229606628,-0.078667014837265,0.9294970631599426,-0.002470948267728,0.3650654852390289,-0.1392408609390258,0.9298508167266846,0.0787080451846122,0.2924652397632599,0.3303506672382355,0.7100297808647156,-0.0015657985350117,0.3039488494396209,0.2996824085712433,0.7071747183799744,0.0826341956853866,0.300012856721878,0.3701912462711334,0.5530294179916382,-7.76850210968405e-05,0.3079708516597748,0.3462287485599518,0.5140523910522461,0.0980265736579895,0.3961066901683807,0.3476431667804718,0.7386106252670288,0.0108042312785983,0.3893963992595672,0.3347505629062652,0.7266848087310791
0.0395444929599761,-0.2341319918632507,-0.7138749361038208,0.999935746192932,0.0383690558373928,-0.2826276421546936,-0.6940418481826782,0.9998335838317872,0.0386060252785682,-0.283373087644577,-0.6929640173912048,0.9998329877853394,0.0387703627347946,-0.2841565310955047,-0.6931033134460449,0.9998289346694946,0.0034336762037128,-0.2788557708263397,-0.700566828250885,0.9998287558555604,0.0043511907570064,-0.2799479365348816,-0.701405942440033,0.9998254179954528,0.0042021516710519,-0.2810552716255188,-0.7002022862434387,0.9998286962509156,0.0771299675107002,-0.2948281764984131,-0.5444837212562561,0.99956876039505,-0.0785709023475647,-0.2857658565044403,-0.5774811506271362,0.9996508359909058,0.055363044142723,-0.2177698612213134,-0.6583160758018494,0.999847412109375,0.0082047767937183,-0.2124818712472915,-0.6684970855712891,0.9998798370361328,0.1625791937112808,-0.1825493276119232,-0.4073894917964935,0.9999575018882751,-0.1669908463954925,-0.1672566533088684,-0.463762879371643,0.9999565482139589,0.2018084824085235,0.073513314127922,-0.4344719052314758,0.9862710237503052,-0.1485582590103149,0.1006600633263588,-0.4558448791503906,0.986575722694397,0.2913194000720978,0.2929390966892242,-0.4825341403484344,0.9710745215415956,-0.096379816532135,0.320032924413681,-0.5282108187675476,0.9695932269096376,0.3409028053283691,0.3554989397525787,-0.5093250274658203,0.9411634206771852,-0.0863206163048744,0.3837645053863525,-0.5710552334785461,0.942543923854828,0.3013117015361786,0.3738783001899719,-0.5485577583312988,0.9444481134414672,-0.037925612181425,0.3672237396240234,-0.5997025966644287,0.9465649724006652,0.2799615263938904,0.3160483539104461,-0.4947197437286377,0.931939423084259,-0.0676313415169715,0.332267016172409,-0.5439091324806213,0.9336106777191162,0.1170317158102989,-0.0059703621082007,0.0181925632059574,0.9998906254768372,-0.1173241510987281,0.0050945621915161,-0.0160454027354717,0.9998797178268432,0.1477829217910766,0.3218055665493011,-0.1180779486894607,0.9346612691879272,0.020579008385539,0.3925484120845794,-0.1891770809888839,0.9335653781890868,0.0947460606694221,0.2473734021186828,0.2678986191749573,0.6590532064437866,0.0217746365815401,0.2828490138053894,0.2072977721691131,0.6539842486381531,0.0979036465287208,0.2454719692468643,0.3063280284404754,0.5119723677635193,0.0232821479439735,0.2783721685409546,0.2509148120880127,0.489395797252655,0.1041735112667083,0.335256963968277,0.3206967711448669,0.7018481492996216,0.0360204987227916,0.3269915282726288,0.2981493473052978,0.707659125328064
0.0369253419339656,-0.2172952592372894,-0.6981405019760132,0.9999420642852784,0.0370040610432624,-0.2641968131065368,-0.6817103624343872,0.9998500347137452,0.037253513932228,-0.2649493813514709,-0.6806967854499817,0.9998494386672974,0.0373908281326293,-0.2656416296958923,-0.6806416511535645,0.9998457431793212,0.0024519299622625,-0.2605631351470947,-0.6880306601524353,0.9998457431793212,0.0033398773521184,-0.2615239918231964,-0.6889064908027649,0.9998427033424376,0.003191860159859,-0.2626107633113861,-0.6878733038902283,0.999845564365387,0.0755089819431305,-0.2760685086250305,-0.5460540056228638,0.9996110796928406,-0.0785819143056869,-0.2715436816215515,-0.577382504940033,0.9996853470802308,0.0533490031957626,-0.2019314765930175,-0.6469053030014038,0.999862551689148,0.0073529533110558,-0.197867289185524,-0.6565467715263367,0.999891757965088,0.1625000387430191,-0.1794321238994598,-0.4195086061954498,0.9999611973762512,-0.1640486419200897,-0.1554250419139862,-0.4728906750679016,0.9999571442604064,0.2054831236600875,0.0612563304603099,-0.4553689062595367,0.987478733062744,-0.1319671273231506,0.1027256399393081,-0.4755366742610931,0.9872666001319884,0.310413658618927,0.2789575755596161,-0.5024328231811523,0.973357617855072,-0.0776948034763336,0.3089056313037872,-0.5433518886566162,0.9711592197418212,0.3661829829216003,0.3364009857177734,-0.531391441822052,0.9457738399505616,-0.0688219144940376,0.3714714646339416,-0.585372269153595,0.945504069328308,0.3229618370532989,0.3550644516944885,-0.5639559626579285,0.9488956928253174,-0.0207439847290515,0.3502341508865356,-0.6072785258293152,0.94943505525589,0.2991268634796142,0.3017548322677612,-0.513074517250061,0.937336564064026,-0.049306645989418,0.3183160126209259,-0.5566117763519287,0.9368752837181092,0.1166705787181854,-0.0073902020230889,0.0176155194640159,0.9999008178710938,-0.117075577378273,0.0065539288334548,-0.0152633907273411,0.9998903274536132,0.1377929300069809,0.3238697350025177,-0.1535502821207046,0.9313380122184752,0.0119728241115808,0.3875814080238342,-0.2280704379081726,0.9339038729667664,0.0611053109169006,0.2688291072845459,0.2232924997806549,0.6043016910552979,0.0100667523220181,0.2786212861537933,0.1634900867938995,0.6013268828392029,0.0609457269310951,0.2699728012084961,0.2628713548183441,0.4673578441143036,0.0060126134194433,0.274733692407608,0.2089925706386566,0.4529567658901214,0.0468618907034397,0.3617403507232666,0.2757259309291839,0.649039089679718,0.015824744477868,0.339882344007492,0.2650048434734344,0.6622334122657776
0.037839401513338,-0.1988669782876968,-0.6981337070465088,0.9999474883079528,0.0404142029583454,-0.2444394081830978,-0.6852597594261169,0.9998645782470704,0.0406468585133552,-0.2449940294027328,-0.6843475103378296,0.999863862991333,0.0408210307359695,-0.2456256002187729,-0.6841802000999451,0.9998604655265808,0.0066984519362449,-0.2411868572235107,-0.6910882592201233,0.99986070394516,0.0075787943787872,-0.2419909238815307,-0.6920442581176758,0.9998579025268556,0.007500106934458,-0.2430988252162933,-0.6911851167678833,0.999860405921936,0.080576978623867,-0.256766140460968,-0.5583716630935669,0.9996487498283386,-0.0702349096536636,-0.2565039098262787,-0.5850916504859924,0.9997157454490662,0.0550151839852333,-0.1844695508480072,-0.6486563086509705,0.9998760223388672,0.0102210668846964,-0.181876540184021,-0.6568277478218079,0.999902367591858,0.1726307719945907,-0.1693663895130157,-0.4263026416301727,0.99996155500412,-0.1560067683458328,-0.1477883011102676,-0.4805999994277954,0.9999510645866394,0.232779860496521,0.0618383027613163,-0.4582642614841461,0.9883663058280944,-0.1244070678949356,0.1131999269127845,-0.482595682144165,0.9878008961677552,0.3343465030193329,0.2754970490932464,-0.5053797364234924,0.974366307258606,-0.0605744831264019,0.3091095983982086,-0.5443919897079468,0.9726673364639282,0.3891010582447052,0.3239708840847015,-0.5401661992073059,0.9474328756332396,-0.0470576845109462,0.3651759922504425,-0.5879670977592468,0.9479473829269408,0.3472918570041656,0.337376207113266,-0.5668281316757202,0.9508307576179504,0.0038369263056665,0.3392814099788666,-0.6024768948554993,0.9518492817878724,0.3242364823818207,0.2943494617938995,-0.5166835784912109,0.939763844013214,-0.0317188762128353,0.3146816194057464,-0.5548630356788635,0.9394521713256836,0.116622693836689,-0.0073642088100314,0.0162256471812725,0.999909520149231,-0.1170520633459091,0.0065293135121464,-0.0138240866363048,0.99989914894104,0.1464877128601074,0.3157720863819122,-0.1656626313924789,0.9235699772834778,-0.026639612391591,0.3511915206909179,-0.1724996715784073,0.9283679127693176,0.0172562599182128,0.2982365190982818,0.182779386639595,0.571033775806427,-0.0418099574744701,0.3049798905849457,0.1845376044511795,0.5656083822250366,0.0112301660701632,0.3042595386505127,0.2203033119440078,0.4385876059532165,-0.0452287569642066,0.3099587559700012,0.2250292748212814,0.4232141375541687,-0.0078896079212427,0.3993538320064544,0.2102664709091186,0.6203487515449524,-0.0357028320431709,0.3781445324420929,0.2472998648881912,0.6292853355407715
0.038817711174488,-0.1635504364967346,-0.7015289068222046,0.9999524354934692,0.0419871881604194,-0.2092458307743072,-0.6902907490730286,0.999877631664276,0.042261641472578,-0.2099530845880508,-0.6893444061279297,0.9998767971992492,0.0424252599477767,-0.210522323846817,-0.689261257648468,0.999873697757721,0.0095998337492346,-0.2056335359811782,-0.695711076259613,0.999874234199524,0.0105553418397903,-0.2063305824995041,-0.6966220736503601,0.9998716115951538,0.0104860244318842,-0.2074497789144516,-0.6956984996795654,0.9998737573623656,0.0814947336912155,-0.228438600897789,-0.567188560962677,0.9996827244758606,-0.0631803572177887,-0.2266044318675995,-0.5906751751899719,0.9997435212135316,0.0561252757906913,-0.1525232642889022,-0.6527741551399231,0.999888241291046,0.013019410893321,-0.1492886245250702,-0.6605111956596375,0.9999120235443116,0.1774699240922927,-0.1474492251873016,-0.432365208864212,0.9999645352363586,-0.144305944442749,-0.1292150765657425,-0.4867742955684662,0.9999496936798096,0.2399721145629882,0.0823369100689888,-0.4707821905612945,0.9892882704734802,-0.1011834815144538,0.1377157717943191,-0.4897825717926025,0.9880011677742004,0.3532085716724396,0.2918625473976135,-0.5133429765701294,0.9760111570358276,-0.033748485147953,0.3420682847499847,-0.5463814735412598,0.973719835281372,0.4091567099094391,0.3364206254482269,-0.5474968552589417,0.9506276845932008,-0.0226668715476989,0.4012984335422516,-0.5899339318275452,0.9496662616729736,0.3659830093383789,0.3498551547527313,-0.5739221572875977,0.9539897441864014,0.0309755206108093,0.3747566938400268,-0.6041088700294495,0.9535015821456908,0.3430726826190948,0.3113394975662231,-0.5243122577667236,0.943528950214386,-0.0042390711605548,0.3493002355098724,-0.557364821434021,0.9410429000854492,0.116004429757595,-0.0057313283905386,0.0161144752055406,0.9999180436134338,-0.1165063604712486,0.0048674419522285,-0.0136454468593001,0.9999082684516908,0.1414947658777237,0.34445920586586,-0.1207726299762725,0.9151511788368224,-0.0306687876582145,0.3481612205505371,-0.1504496932029724,0.9269874095916748,0.0097450967878103,0.3078946471214294,0.2456182539463043,0.5281976461410522,-0.0941610485315322,0.2935374975204468,0.216762825846672,0.5413370132446289,0.0037966908421367,0.3105743825435638,0.2827321887016296,0.4025690257549286,-0.1035355627536773,0.2956567406654358,0.2584732174873352,0.4021766781806946,-0.0155020682141184,0.4185398817062378,0.2190928012132644,0.5796114206314087,-0.113625980913639,0.3789291977882385,0.2602168023586273,0.6117076873779297
0.0380895994603633,-0.1659054905176162,-0.6901196241378784,0.9999570846557616,0.0414387062191963,-0.2119471132755279,-0.6791754364967346,0.9998896718025208,0.041727278381586,-0.213003322482109,-0.6781870722770691,0.9998887181282043,0.0418811328709125,-0.2134742885828018,-0.6781670451164246,0.9998858571052552,0.0093620233237743,-0.2069471776485443,-0.6846300959587097,0.9998866319656372,0.0103449067100882,-0.2075725495815277,-0.6855775117874146,0.9998842477798462,0.0103397369384765,-0.2085959315299987,-0.6844915747642517,0.9998860359191896,0.0813022553920745,-0.2368261069059372,-0.55854731798172,0.9997137784957886,-0.0615866221487522,-0.2268947213888168,-0.580616295337677,0.9997687935829164,0.0560263283550739,-0.1578113138675689,-0.6425692439079285,0.9998993873596193,0.0136299673467874,-0.1519851088523864,-0.6501451730728149,0.9999207854270936,0.1784664392471313,-0.1633771806955337,-0.432608813047409,0.9999679327011108,-0.1385818421840667,-0.1368132978677749,-0.4800975024700165,0.999953269958496,0.2505033016204834,0.0605206005275249,-0.4769850671291351,0.9901062846183776,-0.0841195061802864,0.1248040869832038,-0.4836634993553161,0.9884245991706848,0.3736148476600647,0.2755395174026489,-0.5213422179222107,0.9773215651512146,-0.0151004986837506,0.3624837696552276,-0.5519071817398071,0.9741190671920776,0.4281288385391235,0.3200145959854126,-0.5547770857810974,0.9532518982887268,-0.0042537474073469,0.438383013010025,-0.5971047282218933,0.9501380324363708,0.3864259719848633,0.3350056409835815,-0.5825802087783813,0.9565836191177368,0.0481602624058723,0.4110689759254455,-0.6132978796958923,0.9539440870285034,0.3633621633052826,0.2956662178039551,-0.5320073962211609,0.9464511275291444,0.016069546341896,0.3721391260623932,-0.5646662712097168,0.9410002827644348,0.1158525124192237,-0.0056877098977565,0.0077968738041818,0.999925136566162,-0.1164596676826477,0.0047748684883117,-0.0049561359919607,0.9999155402183532,0.1382870078086853,0.3455910682678222,-0.1757519990205764,0.9080540537834167,-0.0343131348490715,0.3411885201931,-0.1570271104574203,0.9233434796333312,0.0035563784185796,0.23577481508255,0.2461773157119751,0.4823626577854156,-0.1426637172698974,0.2254289984703064,0.2090746760368347,0.4993825852870941,-0.0026927643921226,0.2263356894254684,0.2902102172374725,0.3640387952327728,-0.1566020250320434,0.215652197599411,0.2544388473033905,0.3726783990859985,-0.0316483117640018,0.3125055432319641,0.2596779763698578,0.5298663973808289,-0.1609706580638885,0.2706538736820221,0.2689717411994934,0.5723692774772644
0.0400565564632415,-0.0778248757123947,-0.7064603567123413,0.9999590516090392,0.0426581650972366,-0.1236531883478164,-0.6966508030891418,0.9998962879180908,0.0430455729365348,-0.1250838041305542,-0.6957743167877197,0.9998931288719176,0.043192371726036,-0.1255488991737365,-0.6956824660301208,0.9998885989189148,0.0121218049898743,-0.1192750185728073,-0.7016088962554932,0.9998949766159058,0.0132675999775528,-0.1197678446769714,-0.7027108669281006,0.9998925924301147,0.0132832042872905,-0.1204783171415329,-0.7018227577209473,0.99989116191864,0.0821150541305542,-0.1420458555221557,-0.583049476146698,0.9997312426567078,-0.0539731755852699,-0.1324386149644851,-0.5952144265174866,0.9997859001159668,0.0588705092668533,-0.065969131886959,-0.6625757217407227,0.9999083280563354,0.0183471906930208,-0.0596911087632179,-0.6684850454330444,0.9999277591705322,0.1804617196321487,-0.0878571271896362,-0.4541308283805847,0.9999708533287048,-0.1222069561481475,-0.0579757876694202,-0.4947587847709656,0.999951422214508,0.2577145993709564,0.1241156011819839,-0.495126336812973,0.9903588891029358,-0.0904488041996955,0.1959056109189987,-0.5039336085319519,0.9874479174613952,0.4025691151618957,0.3210119903087616,-0.5484301447868347,0.9771095514297484,0.0196643620729446,0.4206464290618896,-0.5479443669319153,0.97175395488739,0.4533863067626953,0.3503617942333221,-0.5894820094108582,0.9518955945968628,0.0475372374057769,0.4899369478225708,-0.5917041897773743,0.9455298781394958,0.419382631778717,0.35931196808815,-0.6097477078437805,0.9561617970466614,0.107918657362461,0.4569112360477447,-0.6120618581771851,0.9498714208602904,0.3936148285865783,0.3372788727283478,-0.559366762638092,0.9463321566581726,0.0575443692505359,0.4271795153617859,-0.5617386698722839,0.9351796507835388,0.1128058955073356,-0.0041883951053023,0.0014584413729608,0.9999308586120604,-0.1137279272079467,0.0029260336887091,0.0018300552619621,0.9999210834503174,0.1358948498964309,0.3642963767051697,-0.0354836918413639,0.8650514483451843,-0.0309397839009761,0.3129597902297973,0.0998399555683136,0.8793987035751343,-0.0134040862321853,0.2346585690975189,0.4524389803409576,0.4381150603294372,-0.1374861150979995,0.2353476732969284,0.4649645090103149,0.4580678045749664,-0.0205088518559932,0.2226914316415786,0.5040308237075806,0.3281557261943817,-0.1479251384735107,0.2338074445724487,0.5072816014289856,0.3401371240615845,-0.0341723412275314,0.339611291885376,0.5192897915840149,0.4814478158950805,-0.1497129499912262,0.3394367694854736,0.5374817848205566,0.5332090258598328
0.0580961480736732,-0.033311802893877,-0.709550678730011,0.9999555349349976,0.0609819255769252,-0.0794506967067718,-0.700279712677002,0.9998974204063416,0.0615398213267326,-0.0808450579643249,-0.6994564533233643,0.9998912215232848,0.0615858100354671,-0.0812355875968933,-0.6993737816810608,0.9998846054077148,0.0314528197050094,-0.0751650780439376,-0.7057940363883972,0.999898374080658,0.0326523296535015,-0.0754861012101173,-0.7070169448852539,0.9998961091041564,0.0326087698340415,-0.0762868970632553,-0.7061684131622314,0.9998899102211,0.0989011004567146,-0.1014177128672599,-0.5872347354888916,0.9997409582138062,-0.036503866314888,-0.094740442931652,-0.6012889742851257,0.9997966885566713,0.0769808515906333,-0.0229772794991731,-0.665170431137085,0.999914824962616,0.0367520116269588,-0.0177733972668647,-0.6718571186065674,0.99993234872818,0.2040144950151443,-0.0597795099020004,-0.4541152417659759,0.9999731183052064,-0.1141357570886612,-0.0181651413440704,-0.4960163533687591,0.9999465346336364,0.2830424904823303,0.1519671380519867,-0.4865301251411438,0.9902451634407043,-0.0814473628997802,0.2467476278543472,-0.5026081204414368,0.9852123260498048,0.4237585067749023,0.3470142185688019,-0.5456284880638123,0.9749484062194824,0.0552957579493522,0.4728321135044098,-0.5428252816200256,0.9673444032669068,0.4746499061584472,0.3758536875247955,-0.584801197052002,0.9465786814689636,0.0894514545798301,0.53798508644104,-0.5882489085197449,0.9382819533348083,0.439357042312622,0.3855802118778229,-0.6067700982093811,0.9525644779205322,0.1481568962335586,0.505251407623291,-0.6098119020462036,0.9433568716049194,0.414858877658844,0.3642553985118866,-0.5571557283401489,0.9433574080467224,0.0949726998805999,0.4784585535526275,-0.5569664239883423,0.9270538687705994,0.1125068366527557,-0.0038560070097446,-0.0006718367221765,0.9999361634254456,-0.1135060116648674,0.0024765983689576,0.0039858180098235,0.9999266862869264,0.1335179954767227,0.3627669215202331,0.0017672840040177,0.8291450142860413,-0.031295008957386,0.2993995249271393,0.1566567718982696,0.8265199661254883,0.0298351105302572,0.202404499053955,0.4976788461208343,0.397709459066391,-0.117927961051464,0.2287866175174713,0.5302542448043823,0.4210529923439026,0.0284219495952129,0.1902358680963516,0.5498249530792236,0.2960163354873657,-0.1259156763553619,0.2298057526350021,0.571942925453186,0.3108845055103302,0.0355709977447986,0.3000038862228393,0.5664733052253723,0.4386394619941711,-0.1233028545975685,0.3393937945365906,0.5929597616195679,0.5007734894752502
0.0719594061374664,0.0387874692678451,-0.7001764178276062,0.9999589323997498,0.0762461572885513,-0.0054767383262515,-0.6914380192756653,0.9999061822891236,0.0769771113991737,-0.0068084802478551,-0.6907092332839966,0.9998998641967772,0.0770007669925689,-0.0072351950220763,-0.6906166076660156,0.999893605709076,0.0476520881056785,0.0007148862932808,-0.6969811916351318,0.9999075531959534,0.0487970188260078,0.0006556327571161,-0.6982754468917847,0.9999053478240968,0.0487009659409523,0.0001026484242174,-0.6972578167915344,0.9998989105224608,0.1119002029299736,-0.0343179553747177,-0.5828536152839661,0.9997633695602416,-0.0216494631022214,-0.0207095146179199,-0.5989384055137634,0.9998152852058412,0.0896302089095115,0.044484369456768,-0.6552909016609192,0.9999229311943054,0.0497913062572479,0.0511413887143135,-0.6622287631034851,0.9999387264251708,0.2088795453310012,-0.0176941361278295,-0.450002521276474,0.999975562095642,-0.1010355651378631,0.038838792592287,-0.4917170107364654,0.9999496340751648,0.2926347851753235,0.1917174607515335,-0.5014442205429077,0.9900358319282532,-0.0395316965878009,0.2948750257492065,-0.4922865033149719,0.9838493466377258,0.4347477555274963,0.405287504196167,-0.5786376595497131,0.9749382138252258,0.0900996401906013,0.4879448413848877,-0.5371735095977783,0.9678970575332642,0.4859748482704162,0.4316008985042572,-0.6227024793624878,0.946469783782959,0.1201511621475219,0.5407418012619019,-0.5854500532150269,0.9393593072891236,0.4475467503070831,0.4471093118190765,-0.6435050368309021,0.953155755996704,0.1731415838003158,0.5037010908126831,-0.6090070605278015,0.9442768096923828,0.4236630201339721,0.4255191683769226,-0.5916574597358704,0.9445136189460754,0.1258376985788345,0.4895206987857818,-0.5529972314834595,0.9275910258293152,0.1111946031451225,-0.0039017819799482,-0.0032058518845587,0.999941885471344,-0.1122234687209129,0.0024902280420064,0.0064892130903899,0.9999331831932068,0.1203270331025123,0.3199674785137176,0.0362763032317161,0.7961379885673523,-0.0497356653213501,0.2788763046264648,0.2105415165424347,0.7874716520309448,0.0302190352231264,0.1381989270448684,0.4454422295093536,0.3699947893619537,-0.1669551879167556,0.1826692819595337,0.6007285118103027,0.3925787806510925,0.0292594935745,0.1218410953879356,0.4898023307323456,0.2689853012561798,-0.1800045222043991,0.1790054738521576,0.6435454487800598,0.2875886261463165,0.0356306694447994,0.203343465924263,0.4937184154987335,0.4121164083480835,-0.1734194159507751,0.2788128852844238,0.6674084663391113,0.4824047684669494
0.0877415761351585,0.1246355324983596,-0.6726153492927551,0.9999616742134094,0.0937174633145332,0.0851898193359375,-0.6728952527046204,0.9999138712882996,0.0944981053471565,0.0839609578251838,-0.6724366545677185,0.9999074339866638,0.0945267304778099,0.0834385901689529,-0.6723192930221558,0.9999013543128968,0.0645657926797866,0.0923058241605758,-0.6786521673202515,0.999915599822998,0.0657685846090316,0.092344544827938,-0.6802200675010681,0.9999135136604308,0.0656907483935356,0.0918433293700218,-0.6790966391563416,0.9999066591262816,0.1301033049821853,0.048188030719757,-0.5738694667816162,0.999784290790558,-0.0045198667794466,0.0648128688335418,-0.5930730104446411,0.9998321533203124,0.1064889505505561,0.1238746047019958,-0.6318815350532532,0.9999303221702576,0.0659293606877327,0.1317062675952911,-0.6390551924705505,0.9999444484710692,0.2222425639629364,0.0328042954206466,-0.4426884651184082,0.9999777674674988,-0.0909281894564628,0.0970751941204071,-0.4895989000797272,0.99995094537735,0.3040795922279358,0.2464608252048492,-0.4846648871898651,0.9902844429016112,-0.0381899289786815,0.3541141748428345,-0.4910852611064911,0.9841477870941162,0.4406896829605102,0.4598599076271057,-0.556075394153595,0.9763226509094238,0.1075741276144981,0.5398447513580322,-0.5319381356239319,0.9699143171310424,0.4918939769268036,0.4856128394603729,-0.5931454300880432,0.9492642879486084,0.1449646800756454,0.5877285599708557,-0.5785559415817261,0.9431046843528748,0.4520795047283172,0.4994851350784302,-0.6175171732902527,0.9556437730789183,0.1981851011514663,0.5431773662567139,-0.6019248366355896,0.9474663734436036,0.4292542934417724,0.4787461161613464,-0.5673940181732178,0.9476627707481384,0.1446153074502945,0.5372927784919739,-0.5509806871414185,0.9314839839935304,0.1111603006720542,-0.0048429500311613,-0.0032336637377738,0.9999473690986632,-0.1121959909796714,0.0032814641017466,0.0065638958476483,0.9999392032623292,0.1208258718252182,0.3520939946174621,0.0134873138740658,0.789849579334259,-0.0485596470534801,0.3251170516014099,0.1623088717460632,0.7801082730293274,0.0197180546820163,0.2011054456233978,0.4231045544147491,0.3573929965496063,-0.1681442111730575,0.2281122207641601,0.5410018563270569,0.3828105032444,0.0167751256376504,0.192032903432846,0.4670249223709106,0.2471945732831955,-0.1829806715250015,0.2285884618759155,0.5843846797943115,0.277240127325058,0.0264963060617446,0.2831970155239105,0.4697049260139465,0.4000786244869232,-0.1736733466386795,0.3136125802993774,0.6120819449424744,0.4866147935390472
0.0980805829167366,0.1777390986680984,-0.5977424383163452,0.9999624490737916,0.1074930801987648,0.1459438651800155,-0.6034039855003357,0.9999193549156188,0.1083245575428009,0.1449135988950729,-0.6030256152153015,0.9999119639396667,0.1082250103354454,0.1444316208362579,-0.6029160022735596,0.9999067187309264,0.0784812197089195,0.1540237814188003,-0.6102396249771118,0.9999216198921204,0.0797435194253921,0.1540700048208236,-0.6114729642868042,0.9999192357063292,0.0795680955052375,0.1533874124288559,-0.6104786396026611,0.9999115467071532,0.1445612907409668,0.1058586463332176,-0.5370655059814453,0.9998024106025696,0.0114649320021271,0.1220292448997497,-0.5580295920372009,0.9998459815979004,0.1162774935364723,0.1709559559822082,-0.5615333914756775,0.9999367594718932,0.075943499803543,0.178735002875328,-0.57049959897995,0.9999493956565856,0.2329078167676925,0.0582866072654724,-0.4295011162757873,0.9999796748161316,-0.0839996039867401,0.1109422147274017,-0.4547203183174133,0.9999516010284424,0.3103770315647125,0.2713327705860138,-0.4575325548648834,0.9901914596557616,-0.0536661110818386,0.352819561958313,-0.4435147047042846,0.9839586019515992,0.4316625893115997,0.4736380875110626,-0.5040919184684753,0.9775372743606568,0.0752198174595832,0.5401239991188049,-0.5047500133514404,0.971600353717804,0.4813885688781738,0.5019534826278687,-0.5522664189338684,0.9520878195762634,0.1063267365097999,0.5859273076057434,-0.565880537033081,0.9467703104019164,0.4426453709602356,0.5111955404281616,-0.5734260678291321,0.9579455256462096,0.1603556722402572,0.5472384095191956,-0.5856896638870239,0.950394868850708,0.4212107360363006,0.4908148944377899,-0.5196972489356995,0.9504271149635316,0.1099031269550323,0.5402666926383972,-0.5242949724197388,0.93504136800766,0.1116842702031135,-0.0048613417893648,-0.0028844033367931,0.999952495098114,-0.1126679629087448,0.0032840678468346,0.0061923060566186,0.9999450445175172,0.1182941496372222,0.378456711769104,0.0101944934576749,0.7875525951385498,-0.0530703738331794,0.3422766625881195,0.1228116154670715,0.7783652544021606,-0.0098711717873811,0.2243628203868866,0.3982217013835907,0.3378382623195648,-0.2108238935470581,0.2405501306056976,0.4903851151466369,0.3680046498775482,-0.015962453559041,0.2180160582065582,0.4428829252719879,0.2275477647781372,-0.2298481315374374,0.2375377714633941,0.5322796106338501,0.2663853764533996,-0.0183204356580972,0.3128533065319061,0.4555436968803406,0.3847107589244842,-0.2302846610546112,0.3313890695571899,0.5744896531105042,0.4799222946166992
0.1165177747607231,0.213568165898323,-0.4428667724132538,0.9999599456787108,0.1347149014472961,0.198074609041214,-0.460092693567276,0.9999110698699952,0.1358935683965683,0.1970357000827789,-0.4599311053752899,0.9999014735221864,0.1354847550392151,0.1970408111810684,-0.4596382975578308,0.9998850226402284,0.1075268313288688,0.2094640284776687,-0.4699301421642303,0.999920666217804,0.1085037663578987,0.2098568826913833,-0.4713504314422607,0.9999212622642516,0.1083921417593956,0.20903941988945,-0.4706296920776367,0.9999058246612548,0.1732578575611114,0.1466781347990036,-0.4520282745361328,0.99980890750885,0.0520406030118465,0.1693879067897796,-0.481363296508789,0.9998571276664734,0.1318279653787613,0.1916426420211792,-0.4246009886264801,0.9999417662620544,0.0948524847626686,0.2015110701322555,-0.4367947280406952,0.9999532103538512,0.2500499486923218,0.0520745180547237,-0.4190104603767395,0.9999812245368958,-0.0501564666628837,0.1354968398809433,-0.4337716996669769,0.9999553561210632,0.3283914625644684,0.2532569468021393,-0.4771865904331207,0.9893858432769777,-0.0573354996740818,0.3573809266090393,-0.4537765085697174,0.9849783182144164,0.4321173131465912,0.4609837830066681,-0.558850109577179,0.9785110950469972,0.0715362578630447,0.5372647643089294,-0.5502856373786926,0.9741746187210084,0.4765461683273315,0.4983420968055725,-0.6212542653083801,0.9546893835067748,0.1043715327978134,0.5789170861244202,-0.6285127401351929,0.951682150363922,0.4381890892982483,0.5055290460586548,-0.6336522698402405,0.9597305655479432,0.1672792732715606,0.5382222533226013,-0.6378732919692993,0.9547849893569946,0.4206639528274536,0.4789066016674042,-0.5775521993637085,0.9525609016418456,0.1069079414010047,0.534827470779419,-0.5691999793052673,0.9406591057777404,0.1115980818867683,-0.0052461633458733,-0.0053730024956166,0.9999571442604064,-0.1125754863023758,0.003689895151183,0.0087988274171948,0.9999504685401917,0.1032017692923545,0.39962038397789,0.0041378578171133,0.7914777398109436,-0.0530796758830547,0.3428694009780884,0.1256697475910186,0.7820918560028076,-0.0277053844183683,0.2352911084890365,0.3959250748157501,0.3239803612232208,-0.231116697192192,0.2191387116909027,0.48613241314888,0.3741759955883026,-0.0329135954380035,0.2294006943702697,0.4409374296665191,0.2111162394285202,-0.2529389262199402,0.2097513824701309,0.5266309380531311,0.2628276944160461,-0.0470237992703914,0.3259258866310119,0.4677081108093261,0.3749623596668243,-0.258628249168396,0.303174763917923,0.5911548733711243,0.4805235862731933
0.1130740717053413,0.1976478844881057,-0.431288331747055,0.9999549388885498,0.1334424465894699,0.1847921460866928,-0.448136955499649,0.999898076057434,0.1346121430397033,0.1837517619132995,-0.4479220807552337,0.9998870491981506,0.1341715306043625,0.1837819069623947,-0.447514533996582,0.999851644039154,0.106431096792221,0.1936417520046234,-0.4585254490375519,0.9999171495437622,0.107241965830326,0.1940129697322845,-0.459884911775589,0.9999217987060548,0.1071098148822784,0.1930197328329086,-0.4593551754951477,0.999898076057434,0.1733481436967849,0.1343716382980346,-0.4400441646575928,0.999805986881256,0.0517461076378822,0.1458885818719864,-0.4742513000965118,0.9998663067817688,0.1273832023143768,0.1757230907678604,-0.4132028520107269,0.999944806098938,0.0905239954590797,0.1822518408298492,-0.4267714321613312,0.9999556541442872,0.2483609020709991,0.0451544597744941,-0.41334930062294,0.999979555606842,-0.0529836378991603,0.1082223132252693,-0.4314476549625397,0.999957799911499,0.3216556310653686,0.2501050233840942,-0.4952273070812225,0.9844720959663392,-0.0605885684490203,0.3370919227600097,-0.4698657691478729,0.9857285022735596,0.4299463927745819,0.4462107419967651,-0.5988539457321167,0.97534841299057,0.0574660003185272,0.5091496109962463,-0.558732271194458,0.9762212634086608,0.4629625380039215,0.4833240211009979,-0.6677989959716797,0.9521941542625428,0.0868345573544502,0.5504329800605774,-0.6359832882881165,0.9557508826255798,0.4155332446098327,0.4852241277694702,-0.6811319589614868,0.9563512206077576,0.1467018276453018,0.5113452672958374,-0.6421342492103577,0.9582764506340028,0.4142611026763916,0.4618872404098511,-0.6186155676841736,0.949174702167511,0.091796338558197,0.5064855217933655,-0.575741708278656,0.9450900554656982,0.1115816310048103,-0.0045571494847536,-0.0053675291128456,0.9999611377716064,-0.112556092441082,0.0029892881866544,0.0087643079459667,0.9999552369117736,0.0973140075802803,0.401710033416748,-0.0032080695964396,0.7916922569274902,-0.09146249294281,0.3426188230514526,0.1172413676977157,0.7891243696212769,-0.0217475667595863,0.2315791100263595,0.3937173783779144,0.3059659004211426,-0.2896550297737121,0.1971704661846161,0.4713473916053772,0.385334312915802,-0.0259871687740087,0.2223412841558456,0.438409149646759,0.1957804262638092,-0.3151366114616394,0.1848102957010269,0.5124795436859131,0.2635226845741272,-0.036882996559143,0.3179584145545959,0.4704931378364563,0.3590989708900451,-0.3322366774082184,0.2597488164901733,0.5723837018013,0.4816311001777649
0.1066672652959823,0.2082199901342392,-0.3338185548782348,0.99994695186615,0.125151976943016,0.2060767412185669,-0.3573980331420898,0.9998819828033448,0.12631256878376,0.2051801085472107,-0.3573929071426391,0.9998717308044434,0.1258705556392669,0.2050842642784118,-0.3573229312896728,0.999812126159668,0.0976126044988632,0.2125377506017685,-0.3688322603702545,0.9999067783355712,0.0982866212725639,0.2131227403879165,-0.3705905675888061,0.99991774559021,0.0981521233916282,0.2120145112276077,-0.369949460029602,0.9998778700828552,0.1640770435333252,0.1429645270109176,-0.3788398802280426,0.9998019933700562,0.0379645228385925,0.1466744542121887,-0.4204362034797668,0.9998696446418762,0.1210896149277687,0.175536423921585,-0.3253169357776642,0.9999468326568604,0.0833672806620597,0.1791912168264389,-0.3401212096214294,0.9999571442604064,0.241736352443695,0.0411912612617015,-0.3695190250873565,0.9999788403511048,-0.0639817491173744,0.0861256867647171,-0.3880658149719238,0.9999585747718812,0.3137158155441284,0.244309514760971,-0.4793195128440857,0.979738473892212,-0.0769219696521759,0.3321036398410797,-0.4554351568222046,0.9846001863479614,0.3706340193748474,0.4232965111732483,-0.5787887573242188,0.9746664762496948,0.0535063818097114,0.4949506819248199,-0.5514785051345825,0.977481722831726,0.3923491835594177,0.4625654816627502,-0.6505072712898254,0.9520580172538756,0.0826351940631866,0.5380876064300537,-0.6300008296966553,0.9588326811790466,0.3325332105159759,0.4711187481880188,-0.6626908779144287,0.9552682042121888,0.1363258808851242,0.4987599849700928,-0.6362996101379395,0.9606531858444214,0.3472674787044525,0.4400631785392761,-0.5969479084014893,0.9477291703224182,0.0901549831032753,0.4924371242523193,-0.5680404305458069,0.9482000470161438,0.1114243119955062,0.0010810079984366,-0.0055713611654937,0.9999648332595824,-0.1123842149972915,-0.0025693725328892,0.0088203502818942,0.9999595880508424,0.0933655351400375,0.3957126140594482,-0.0086292373016476,0.7669059038162231,-0.1140159368515014,0.3002968728542328,0.1203442737460136,0.7638434767723083,-0.0207627490162849,0.2365821003913879,0.3688970804214477,0.2848523557186126,-0.2908518314361572,0.1997511684894561,0.448246568441391,0.3808075189590454,-0.0248137544840574,0.2283215820789337,0.4123152792453766,0.1830383539199829,-0.3151664435863495,0.1931802779436111,0.4810934066772461,0.2614665925502777,-0.0282435435801744,0.3248659670352936,0.460134893655777,0.3382780849933624,-0.3346677124500274,0.2603350281715393,0.5638653039932251,0.4662842452526092
0.1187485754489898,0.1649332791566848,-0.3499163091182709,0.9999496936798096,0.1389410346746444,0.1573246717453003,-0.3722867369651794,0.9998880624771118,0.1402138024568557,0.1563916951417923,-0.3721789717674255,0.999878227710724,0.1396592259407043,0.1562770754098892,-0.3720748722553253,0.999817192554474,0.1116998568177223,0.1641729176044464,-0.3838807940483093,0.9999128580093384,0.112263523042202,0.1646146327257156,-0.3856973648071289,0.9999239444732666,0.1122288256883621,0.163471832871437,-0.3848772644996643,0.9998846650123596,0.1734236180782318,0.0969289317727088,-0.3814034759998321,0.999815821647644,0.047609869390726,0.1033020690083503,-0.4236461818218231,0.9998812079429626,0.1295521706342697,0.1363442987203598,-0.3375112116336822,0.999951422214508,0.0927512943744659,0.140712022781372,-0.3522944450378418,0.9999610781669616,0.2399056851863861,0.0173834431916475,-0.3622370064258575,0.999980330467224,-0.0643268153071403,0.0627722740173339,-0.383156806230545,0.999962329864502,0.3130767345428467,0.2279813885688781,-0.4766229093074798,0.9765776991844176,-0.0784593150019645,0.3087156414985657,-0.4535450935363769,0.9853302836418152,0.3389949798583984,0.388703316450119,-0.5840263962745667,0.9753894209861756,0.0475871078670024,0.4761279821395874,-0.5570014715194702,0.9793962836265564,0.3626721799373626,0.4341156780719757,-0.6637091636657715,0.9541128277778624,0.0767623409628868,0.5151169300079346,-0.6402109861373901,0.9624708890914916,0.3012184202671051,0.4239326119422912,-0.6710357666015625,0.9567111134529114,0.1354554742574691,0.4624013900756836,-0.6456151008605957,0.9639653563499452,0.3150935173034668,0.4014992415904999,-0.6013752818107605,0.9491484761238098,0.0834711566567421,0.4665880501270294,-0.5732570886611938,0.9525286555290222,0.1110663563013076,0.0020158560946583,-0.0055531999096274,0.9999682903289796,-0.1120563372969627,-0.003413054626435,0.008716819807887,0.9999635815620422,0.1084063425660133,0.3929880857467651,-0.010792339220643,0.7545891404151917,-0.1036263257265091,0.2773465812206268,0.1171610429883003,0.7463254928588867,-0.0213703606277704,0.218881145119667,0.3591302335262298,0.2661973834037781,-0.3053691685199737,0.157903179526329,0.4169836938381195,0.3681687414646148,-0.0283479280769824,0.2065351158380508,0.401459276676178,0.1688616126775741,-0.3354195952415466,0.1481578201055526,0.4481832683086395,0.2537124156951904,-0.0389666743576526,0.3038488626480102,0.4521823823451996,0.3216558396816253,-0.3491743803024292,0.212430328130722,0.5362017154693604,0.4506554305553436
0.1130064949393272,0.136159673333168,-0.358034074306488,0.9999525547027588,0.1306875348091125,0.1124249845743179,-0.3876994550228119,0.9998956322669984,0.1318322718143463,0.1114624962210655,-0.3875925540924072,0.999886155128479,0.1313836872577667,0.1112535148859024,-0.3874469101428985,0.9998248219490052,0.103012666106224,0.1190802827477455,-0.3983324766159057,0.999919295310974,0.1036404520273208,0.1192903220653534,-0.4001204371452331,0.9999300241470336,0.1035636961460113,0.1182604953646659,-0.3990458250045776,0.9998919367790222,0.1671492457389831,0.08321163803339,-0.405110627412796,0.9998306035995485,0.0384790748357772,0.0992565378546714,-0.4432643353939056,0.9998918771743774,0.1253345608711242,0.1086412295699119,-0.3483586311340332,0.9999558925628662,0.08762688934803,0.1108797192573547,-0.3618713617324829,0.9999647736549376,0.2299752384424209,-0.0643161311745643,-0.363653689622879,0.9999818205833436,-0.0683973282575607,-0.0185334663838148,-0.3937050402164459,0.9999659061431884,0.2944495677947998,0.1087462231516838,-0.4957503378391266,0.9736080169677734,-0.0811055451631546,0.2147822231054306,-0.4692115187644958,0.9860640168190002,0.3023147881031036,0.2722617387771606,-0.6322283148765564,0.9753038883209229,0.0279013756662607,0.3717429041862488,-0.614158570766449,0.9810001254081726,0.3245489001274109,0.3205873370170593,-0.7157071828842163,0.955106556415558,0.0513062700629234,0.4208834767341614,-0.7015424370765686,0.9656569957733154,0.2648370862007141,0.312229722738266,-0.7192742228507996,0.9573889374732972,0.1145886108279228,0.3743408322334289,-0.7119024395942688,0.966926097869873,0.2786129415035248,0.2866827845573425,-0.6483536958694458,0.9491866827011108,0.0626384019851684,0.3680825531482696,-0.6316362023353577,0.9563764333724976,0.1106007993221283,0.0021236236207187,-0.0054494678042829,0.9999713897705078,-0.1115415915846824,-0.0034781135618686,0.0086517101153731,0.9999671578407288,0.1505025923252105,0.367373526096344,-0.0183224529027938,0.732749342918396,-0.1283067911863327,0.2442383915185928,0.1336922347545623,0.730633556842804,-0.0091134654358029,0.157182976603508,0.3048319816589355,0.2452462911605835,-0.3266424834728241,0.1042824909090995,0.3888581991195678,0.3417906165122986,-0.0201210547238588,0.1389995813369751,0.3429005444049835,0.1548238545656204,-0.3519439697265625,0.0918580517172813,0.4173601865768432,0.2393616884946823,-0.0327286794781684,0.2331286072731018,0.392841637134552,0.2985248863697052,-0.3645260632038116,0.1507055312395095,0.5116864442825317,0.4195963740348816
0.130719393491745,0.1219039633870124,-0.3372009992599487,0.9999408721923828,0.1483337879180908,0.1105412021279335,-0.3657909035682678,0.9998789429664612,0.1495968997478485,0.109522059559822,-0.3656632900238037,0.999867618083954,0.1488102078437805,0.1093573272228241,-0.365517795085907,0.9997673034667968,0.123667687177658,0.1185827702283859,-0.3782410025596618,0.9999136924743652,0.1241032257676124,0.119000531733036,-0.3799179196357727,0.999928653240204,0.1238239482045173,0.1177606210112571,-0.3788376450538635,0.999882698059082,0.1797828525304794,0.0571159720420837,-0.3934252560138702,0.9998164772987366,0.0608225464820861,0.0699161067605018,-0.4381158351898193,0.9998983144760132,0.1396573036909103,0.0944469422101974,-0.3296909630298614,0.9999567270278932,0.1054050773382186,0.0980748757719993,-0.3450895845890045,0.9999669790267944,0.2369104027748108,-0.0704143792390823,-0.3639878630638122,0.9999805092811584,-0.059258684515953,-0.022550169378519,-0.3921607434749603,0.999968945980072,0.2937518954277038,0.1139683350920677,-0.4763018786907196,0.9556307792663574,-0.089325726032257,0.2151370346546173,-0.4677275717258453,0.9869434833526612,0.3180741369724273,0.2725892066955566,-0.6114429235458374,0.9674858450889589,0.0211965907365083,0.3798793256282806,-0.608238697052002,0.9826041460037231,0.3468292951583862,0.3152699470520019,-0.688363790512085,0.9479203820228576,0.045504692941904,0.4282519519329071,-0.687972903251648,0.968660831451416,0.2938728332519531,0.3079394996166229,-0.696941077709198,0.9502416253089904,0.1080730855464935,0.383567750453949,-0.6981815099716187,0.9697533845901488,0.2982662320137024,0.2862061560153961,-0.6282224655151367,0.9410969614982604,0.0551484897732734,0.3767451345920563,-0.6240108013153076,0.960111141204834,0.1106734126806259,0.0022213326301425,-0.0053734644316136,0.9999741911888124,-0.1116103306412696,-0.003552284091711,0.0085271541029214,0.9999703764915466,0.1501781344413757,0.3670789301395416,-0.0021084889303892,0.7266216278076172,-0.1342731565237045,0.2550491392612457,0.1337159126996994,0.720112681388855,-0.0441921092569828,0.1628472506999969,0.3149019181728363,0.2266111969947815,-0.3036321103572845,0.105922095477581,0.4073366224765777,0.3141970336437225,-0.0605996064841747,0.1460765749216079,0.3552601039409637,0.1425073891878128,-0.3246261179447174,0.0932788327336311,0.4358761012554168,0.2221938669681549,-0.0870687961578369,0.2458934187889099,0.416425883769989,0.2802169620990753,-0.3274182379245758,0.1581416875123977,0.5443118810653687,0.3862983286380768
0.1337676495313644,0.1134082078933715,-0.3008869588375091,0.9998722672462464,0.1518392860889434,0.1042639911174774,-0.3286680281162262,0.9997597336769104,0.1530300825834274,0.1032895594835281,-0.3283587098121643,0.999752640724182,0.1522354036569595,0.1031911000609397,-0.3283016085624695,0.9994669556617736,0.1279486566781997,0.1130266785621643,-0.3388130366802215,0.9998531341552734,0.128290444612503,0.1134586334228515,-0.3404858708381653,0.9998974204063416,0.1279892772436142,0.1121616587042808,-0.3394642174243927,0.999801516532898,0.1828016936779022,0.0451832637190818,-0.3617770969867706,0.9996820092201232,0.0660479888319969,0.0568974614143371,-0.4003729522228241,0.9998857975006104,0.1423419117927551,0.0886311456561088,-0.2953594923019409,0.9999450445175172,0.1086641773581504,0.0920131653547287,-0.3085464537143707,0.9999632239341736,0.2430237233638763,-0.0746430233120918,-0.3362995982170105,0.9999779462814332,-0.0562106370925903,-0.0210036225616931,-0.3632130324840545,0.9999713897705078,0.2926211357116699,0.1209699437022209,-0.4303209483623504,0.9282702207565308,-0.0888872593641281,0.2219504565000534,-0.4394357204437256,0.9869443774223328,0.3220539391040802,0.2820352017879486,-0.5999661684036255,0.9543419480323792,0.0126874754205346,0.3901731371879577,-0.606540858745575,0.9837294816970824,0.3530521690845489,0.3270769417285919,-0.6820237636566162,0.9361290335655212,0.0332864113152027,0.4391628205776214,-0.6800767183303833,0.9709912538528442,0.3019603490829468,0.3220279514789581,-0.6905776262283325,0.9389782547950744,0.0927076190710067,0.3966215252876282,-0.6922659873962402,0.9718775749206544,0.3036721646785736,0.2967155575752258,-0.6203219294548035,0.9296222925186156,0.0447055734694004,0.3881123065948486,-0.618950366973877,0.9629275798797609,0.1107199266552925,0.003533351002261,-0.0038257930427789,0.9999767541885376,-0.1116604059934616,-0.0047079059295356,0.0067989630624651,0.9999732971191406,0.1466267853975296,0.3674378395080566,-0.0048229279927909,0.7201411128044128,-0.1304322034120559,0.2642528116703033,0.1292411088943481,0.7130519151687622,-0.0432096868753433,0.1770277619361877,0.3241164982318878,0.2094187140464782,-0.3093231618404388,0.1241050511598587,0.4078963696956634,0.2933680713176727,-0.0548938326537609,0.1628025770187378,0.3646623492240906,0.1324298679828643,-0.3332521617412567,0.1127461865544319,0.4384374022483825,0.2100547105073928,-0.0793589502573013,0.2598056495189667,0.4135639071464538,0.2652008831501007,-0.3428859114646911,0.1796186566352844,0.5396977066993713,0.3631481528282165
0.1352027803659439,0.1141275390982627,-0.3179036676883697,0.9998229742050172,0.1510015279054641,0.1066125407814979,-0.3418410420417785,0.9996978044509888,0.1521125137805938,0.1056917458772659,-0.3414091169834137,0.99968421459198,0.1513370275497436,0.1055518388748169,-0.3412993550300598,0.9993492364883424,0.1266087144613266,0.1156457364559173,-0.3523051142692566,0.9998188614845276,0.1269287765026092,0.1160442754626274,-0.3538728058338165,0.9998718500137328,0.1265747547149658,0.114660732448101,-0.3529846966266632,0.9997544884681702,0.1795266419649124,0.0416139438748359,-0.3605555295944214,0.9995871186256408,0.0596903823316097,0.0558253899216651,-0.4025055766105652,0.9998701810836792,0.1435698568820953,0.0849679112434387,-0.3078750371932983,0.9999301433563232,0.1089091002941131,0.0899616405367851,-0.3220387399196625,0.9999568462371826,0.2458252161741256,-0.0701508447527885,-0.3287487924098968,0.9999751448631288,-0.059017252177,-0.0176699999719858,-0.3537853956222534,0.9999730587005616,0.292148232460022,0.1367706209421157,-0.4007112085819244,0.9109647274017334,-0.0937558561563491,0.2254064828157425,-0.4123515784740448,0.9861823320388794,0.3273445665836334,0.2944914996623993,-0.5488212704658508,0.9509829878807068,0.0016084000235423,0.3964340090751648,-0.5422074198722839,0.984697699546814,0.3594919145107269,0.3383595645427704,-0.6239937543869019,0.9326379299163818,0.0216153748333454,0.4450243711471557,-0.6122287511825562,0.9729267358779908,0.3096585571765899,0.3364272713661194,-0.6424373388290405,0.9359766244888306,0.080130748450756,0.403977483510971,-0.6225177049636841,0.9736366868019104,0.3095145523548126,0.3099863827228546,-0.5694509148597717,0.9273067712783812,0.0330172255635261,0.3949081599712372,-0.5552501678466797,0.9653550386428832,0.1109094694256782,0.0040360433049499,-0.0031813241075724,0.9999790191650392,-0.1118638888001442,-0.0051991930231451,0.0060255639255046,0.9999759197235109,0.1455264091491699,0.3239037096500397,0.019374307245016,0.7051563858985901,-0.1428788602352142,0.2519403398036957,0.1291627436876297,0.6976109147071838,-0.0353171154856681,0.1033699288964271,0.3599760830402374,0.1927941739559173,-0.3299434781074524,0.088328368961811,0.4081892371177673,0.2745040953159332,-0.0453337728977203,0.086008183658123,0.4012025892734527,0.1229635030031204,-0.355321317911148,0.076445497572422,0.4405401647090912,0.1976945400238037,-0.0766975209116935,0.1602888107299804,0.4525211453437805,0.2494920194149017,-0.3672871887683868,0.1307624131441116,0.5385518074035645,0.3418817520141601
0.1573395282030105,0.121404692530632,-0.3237090706825256,0.9997646808624268,0.1724638938903808,0.1106611564755439,-0.3426568508148193,0.9996375441551208,0.1735772937536239,0.1097333207726478,-0.3421109914779663,0.9996145963668824,0.1727343797683715,0.109604075551033,-0.3419801592826843,0.999253511428833,0.1491662263870239,0.1218119487166404,-0.3549179136753082,0.9997868537902832,0.1495851427316665,0.1221345737576484,-0.3563107252120971,0.9998465180397034,0.1491932719945907,0.120656318962574,-0.3553817868232727,0.9997162222862244,0.1907412707805633,0.039223089814186,-0.3458611965179443,0.9995158910751344,0.0730638802051544,0.0620265193283557,-0.3950307369232178,0.9998546838760376,0.1626893877983093,0.0882307142019271,-0.3089392483234405,0.9999154806137084,0.128594622015953,0.0970065221190452,-0.3252263963222503,0.9999486804008484,0.2576330006122589,-0.0686813965439796,-0.3049928545951843,0.999973714351654,-0.0553615391254425,-0.0074844802729785,-0.3421438038349151,0.999974489212036,0.2934834063053131,0.1566374748945236,-0.3491487801074981,0.8993645310401917,-0.0897269397974014,0.2484785616397857,-0.3854027390480041,0.9858998656272888,0.3301518559455871,0.3188623785972595,-0.4724079370498657,0.950016438961029,0.0028150044381618,0.4012626111507416,-0.4974905550479889,0.98576420545578,0.3627262413501739,0.3741365075111389,-0.5346455574035645,0.9317311644554138,0.0236219074577093,0.4495740830898285,-0.5615407228469849,0.9749220013618468,0.3137247264385223,0.3718524575233459,-0.5574834942817688,0.935182511806488,0.0793659538030624,0.4125387668609619,-0.5721274614334106,0.9754740595817566,0.3122869431972503,0.335328072309494,-0.4915716052055359,0.927295744419098,0.0341737829148769,0.4004006087779999,-0.5106280446052551,0.9678378701210022,0.1120122149586677,0.0043435120023787,-0.0009861725848168,0.9999811053276062,-0.1129951402544975,-0.0054857833310961,0.0037981576751917,0.9999783039093018,0.1429106444120407,0.3322752118110657,0.013928179629147,0.7053892612457275,-0.1415629237890243,0.2598052322864532,0.108192354440689,0.6935923099517822,-0.0324804559350013,0.1112854406237602,0.3662248849868774,0.1792869716882705,-0.3143216371536255,0.062626339495182,0.4016539454460144,0.2572170495986938,-0.0409810803830623,0.0941307321190834,0.4091612994670868,0.1155332997441291,-0.3395110070705414,0.048245757818222,0.4357845485210418,0.1885083019733429,-0.0685739144682884,0.1783815622329712,0.4629808366298675,0.2387892454862594,-0.3545173704624176,0.1109631136059761,0.5325778126716614,0.3239644765853882
