x_0,y_0,z_0,visibility_0,x_1,y_1,z_1,visibility_1,x_2,y_2,z_2,visibility_2,x_3,y_3,z_3,visibility_3,x_4,y_4,z_4,visibility_4,x_5,y_5,z_5,visibility_5,x_6,y_6,z_6,visibility_6,x_7,y_7,z_7,visibility_7,x_8,y_8,z_8,visibility_8,x_9,y_9,z_9,visibility_9,x_10,y_10,z_10,visibility_10,x_11,y_11,z_11,visibility_11,x_12,y_12,z_12,visibility_12,x_13,y_13,z_13,visibility_13,x_14,y_14,z_14,visibility_14,x_15,y_15,z_15,visibility_15,x_16,y_16,z_16,visibility_16,x_17,y_17,z_17,visibility_17,x_18,y_18,z_18,visibility_18,x_19,y_19,z_19,visibility_19,x_20,y_20,z_20,visibility_20,x_21,y_21,z_21,visibility_21,x_22,y_22,z_22,visibility_22,x_23,y_23,z_23,visibility_23,x_24,y_24,z_24,visibility_24,x_25,y_25,z_25,visibility_25,x_26,y_26,z_26,visibility_26,x_27,y_27,z_27,visibility_27,x_28,y_28,z_28,visibility_28,x_29,y_29,z_29,visibility_29,x_30,y_30,z_30,visibility_30,x_31,y_31,z_31,visibility_31,x_32,y_32,z_32,visibility_32
0.5862148404121399,0.2899869978427887,-0.120127759873867,0.9999932646751404,0.5828231573104858,0.2799467742443084,-0.1160756349563598,0.9999911189079284,0.5817494988441467,0.2794226706027984,-0.1162207871675491,0.9999879598617554,0.5807100534439087,0.2789393961429596,-0.1161659434437751,0.9999907612800598,0.5827760100364685,0.2807260155677795,-0.1354625821113586,0.9999961256980896,0.5817042589187622,0.280826985836029,-0.1355915516614914,0.999996781349182,0.580520749092102,0.2809784114360809,-0.1356531232595443,0.9999979138374328,0.5718312859535217,0.2817751467227936,-0.0852484256029129,0.9999901056289672,0.5716529488563538,0.2841861844062805,-0.1729781478643417,0.9999947547912598,0.5824800729751587,0.3002639412879944,-0.1041720062494278,0.9999857544898988,0.5822591185569763,0.3008008897304535,-0.1304543018341064,0.9999921917915344,0.5537214279174805,0.3322808444499969,-0.0136672789230942,0.9999827146530152,0.5652665495872498,0.3561016023159027,-0.1976264268159866,0.9999975562095642,0.5496978163719177,0.4215553998947143,0.0409819111227989,0.0119674578309059,0.5724648833274841,0.443905621767044,-0.1961957067251205,0.9964852333068848,0.5648702383041382,0.4898523986339569,0.034298401325941,0.0073649869300425,0.5824224948883057,0.5083422064781189,-0.1523712128400802,0.9754180312156676,0.5665410757064819,0.4944765567779541,0.0361317656934261,0.0117622092366218,0.5814646482467651,0.5259596109390259,-0.1690348237752914,0.9259706139564514,0.5690694451332092,0.4937712550163269,0.0171906296163797,0.0122934198006987,0.5830865502357483,0.523879885673523,-0.1680740416049957,0.920235276222229,0.5694047212600708,0.4904043674468994,0.0263817571103572,0.0130149433389306,0.5833492279052734,0.5170043110847473,-0.1511064916849136,0.8387845158576965,0.557674765586853,0.4797418117523193,0.0607622079551219,0.999994933605194,0.5641244649887085,0.4920992851257324,-0.060843177139759,0.9999982118606568,0.5594547390937805,0.5638455152511597,0.1970989555120468,0.4326918125152588,0.5637849569320679,0.5754867792129517,0.0800391808152198,0.8705918788909912,0.5530938506126404,0.641728401184082,0.3275967538356781,0.6715300679206848,0.5549076199531555,0.6607667803764343,0.2032874971628189,0.9318642020225524,0.5474395155906677,0.6568133234977722,0.3385786116123199,0.7342324256896973,0.5474604964256287,0.6756466031074524,0.2139474302530288,0.7972977757453918,0.5733673572540283,0.6553609371185303,0.3233483731746673,0.6564044952392578,0.5758641362190247,0.6779011487960815,0.1833632886409759,0.8281808495521545
0.586167573928833,0.2893672883510589,-0.1200746297836303,0.9999934434890748,0.5827163457870483,0.2793869972229004,-0.116367720067501,0.9999913573265076,0.5816329717636108,0.2788763344287872,-0.1165131255984306,0.9999882578849792,0.5805873274803162,0.2784043848514557,-0.1164600402116775,0.999990940093994,0.58269202709198,0.2802563905715942,-0.1354008018970489,0.9999962449073792,0.5816227793693542,0.280405193567276,-0.1355313956737518,0.9999969005584716,0.5804501175880432,0.2806020677089691,-0.1355963051319122,0.9999979734420776,0.5717735886573792,0.2814512550830841,-0.0862751454114914,0.9999904036521912,0.571620523929596,0.2839269936084747,-0.1724565476179123,0.9999949932098388,0.5824323296546936,0.2997947633266449,-0.1043230220675468,0.999986171722412,0.5822463631629944,0.3003823459148407,-0.1301467716693878,0.9999924898147584,0.553688108921051,0.3322537541389465,-0.014533657580614,0.9999824166297911,0.5650919079780579,0.3558779954910278,-0.1964177340269088,0.999997615814209,0.5496921539306641,0.417849987745285,0.0421718023717403,0.0125854862853884,0.5724737048149109,0.4438849985599518,-0.1941685974597931,0.9967089891433716,0.565036416053772,0.4884052872657776,0.0392477139830589,0.0073867659084498,0.58280348777771,0.5083717107772827,-0.149912804365158,0.9771486520767212,0.5666487812995911,0.4943278431892395,0.041633665561676,0.0119216907769441,0.581691563129425,0.5258210301399231,-0.1664114594459533,0.9311672449111938,0.5692598223686218,0.4933366477489471,0.0226014833897352,0.0124472510069608,0.5831882953643799,0.5238152742385864,-0.1652696281671524,0.9257687330245972,0.5701368451118469,0.4935331046581268,0.0314187854528427,0.0132533553987741,0.5835392475128174,0.5170050263404846,-0.148581176996231,0.8495992422103882,0.5576109290122986,0.4795502126216888,0.0603119097650051,0.9999951124191284,0.5641247034072876,0.4920468330383301,-0.0603960193693637,0.9999982714653016,0.5593768954277039,0.5638494491577148,0.195552259683609,0.4655818939208984,0.5639113783836365,0.5754987001419067,0.080075554549694,0.8822535276412964,0.5529594421386719,0.6414945721626282,0.3267596662044525,0.6970922350883484,0.554955244064331,0.6607920527458191,0.2038116306066513,0.938059628009796,0.5473527908325195,0.6565359830856323,0.3379131257534027,0.7538794279098511,0.5474774837493896,0.6756445169448853,0.2146525382995605,0.8135384917259216,0.5733311176300049,0.6553126573562622,0.3233731687068939,0.6813274621963501,0.57578045129776,0.677844226360321,0.1848343759775161,0.8427461385726929
0.5860636830329895,0.2892608642578125,-0.120602935552597,0.9999936819076538,0.5826359391212463,0.2792131602764129,-0.1170597746968269,0.9999917149543762,0.5815638899803162,0.278698205947876,-0.1172047331929206,0.9999886751174928,0.5805334448814392,0.2782168686389923,-0.1171506568789482,0.999991238117218,0.5825866460800171,0.2800846695899963,-0.1359095573425293,0.9999964237213136,0.5815083384513855,0.2802295088768005,-0.1360404342412948,0.9999970197677612,0.5803312063217163,0.280418336391449,-0.1361049711704254,0.9999980926513672,0.5717616677284241,0.2812295258045196,-0.0872167870402336,0.999990701675415,0.5715063810348511,0.2836353778839111,-0.1725728064775467,0.9999952912330629,0.5823281407356262,0.2996478974819183,-0.1048959493637085,0.9999866485595704,0.5821762681007385,0.3002392053604126,-0.1304842829704284,0.999992847442627,0.5537049770355225,0.3322272598743438,-0.0152072021737694,0.9999823570251464,0.5649699568748474,0.3557758629322052,-0.1960506737232208,0.9999976754188538,0.5497061014175415,0.4152889549732208,0.042107980698347,0.0129530737176537,0.5724828839302063,0.4438360333442688,-0.1938505619764328,0.996910035610199,0.565075159072876,0.4877128899097442,0.0389517061412334,0.0072981053963303,0.5831786394119263,0.5083832144737244,-0.150503784418106,0.9786900281906128,0.5667644143104553,0.4942603707313537,0.0413327142596244,0.0118665443733334,0.5819525122642517,0.5257307887077332,-0.167150542140007,0.9357640147209167,0.5694040656089783,0.4929414093494415,0.0224031712859869,0.0123817948624491,0.5833532810211182,0.5237991809844971,-0.1659584939479828,0.9306656718254088,0.5702236890792847,0.4879931509494781,0.0311758127063512,0.0132361920550465,0.5837877988815308,0.5170215964317322,-0.1491715013980865,0.8591071963310242,0.5575774908065796,0.4791532754898071,0.0599753335118293,0.9999952912330629,0.5641118288040161,0.4917620718479156,-0.060061227530241,0.9999983906745912,0.5591837763786316,0.5638521313667297,0.1936536431312561,0.4901145398616791,0.5641708374023438,0.575480043888092,0.0791872441768646,0.8923949599266052,0.5528781414031982,0.6414037942886353,0.3239302039146423,0.7177683115005493,0.5550872087478638,0.6606396436691284,0.2017784267663955,0.9434526562690736,0.5472863912582397,0.656374990940094,0.3349571228027344,0.7697031497955322,0.547581136226654,0.6753097176551819,0.21247498691082,0.8271984457969666,0.5732346177101135,0.6552920341491699,0.320244699716568,0.701693594455719,0.5757766366004944,0.6772406101226807,0.1825705468654632,0.8553187847137451
0.5858810544013977,0.2892240285873413,-0.116233117878437,0.9999938011169434,0.5824836492538452,0.279134064912796,-0.112885944545269,0.9999918341636658,0.5814273357391357,0.2786113321781158,-0.1130284741520881,0.9999887943267822,0.5804131627082825,0.2781170308589935,-0.1129732280969619,0.9999912977218628,0.5824127793312073,0.2800089418888092,-0.13133405148983,0.9999964833259584,0.5813290476799011,0.2801458537578583,-0.1314670890569687,0.999997079372406,0.5801483392715454,0.2803175151348114,-0.1315292716026306,0.999998152256012,0.5716676115989685,0.2810536623001098,-0.0840977504849433,0.9999908208847046,0.5713034868240356,0.2833758890628814,-0.1676267087459564,0.9999954700469972,0.582126796245575,0.2995868921279907,-0.1009323373436927,0.9999868273735046,0.5820162296295166,0.3001595437526703,-0.1260012835264206,0.9999930262565612,0.5537155270576477,0.3322179913520813,-0.0141087071970105,0.9999821186065674,0.5648759603500366,0.3557715117931366,-0.1908708959817886,0.9999977350234984,0.5496761798858643,0.4145073890686035,0.0418816208839416,0.0134120713919401,0.5724954605102539,0.4436521232128143,-0.1879909336566925,0.9970850944519044,0.5651537775993347,0.4887992143630981,0.0378245711326599,0.0072756693698465,0.5834711790084839,0.5083211660385132,-0.1442316621541977,0.980058491230011,0.5669739842414856,0.4939324855804443,0.0400908589363098,0.0118984961882233,0.5821763277053833,0.5253666639328003,-0.160401850938797,0.9398863315582277,0.5694957971572876,0.492749810218811,0.021515816450119,0.0124016655609011,0.5836004614830017,0.523630678653717,-0.1589676290750503,0.9350461959838868,0.5701577067375183,0.4880493581295013,0.0302104093134403,0.013299137353897,0.584090530872345,0.516982913017273,-0.1427980214357376,0.8676716685295105,0.5576198101043701,0.4791293144226074,0.0591267459094524,0.9999954104423524,0.5641230344772339,0.4917144775390625,-0.059216383844614,0.9999984502792358,0.5591809153556824,0.5638742446899414,0.1901625990867614,0.5118982791900635,0.5642921328544617,0.5755086541175842,0.0783319026231765,0.9015016555786132,0.5527997612953186,0.6407667398452759,0.3189180493354797,0.7361364364624023,0.5550920963287354,0.6602351665496826,0.1989205181598663,0.9483290314674376,0.5471884608268738,0.655726432800293,0.3298566043376922,0.7835071086883545,0.5475820302963257,0.6748312711715698,0.2094737589359283,0.8394229412078857,0.5730339288711548,0.6551129221916199,0.3154393136501312,0.7200609445571899,0.5756757855415344,0.6772576570510864,0.1799777001142501,0.8667990565299988
0.5857805013656616,0.2892124950885772,-0.1172637194395065,0.9999939799308776,0.5824261903762817,0.2791139483451843,-0.1136311516165733,0.9999920129776,0.5813787579536438,0.2785897850990295,-0.1137744113802909,0.9999890327453612,0.5803748965263367,0.2780901491641998,-0.1137202605605125,0.9999914765357972,0.5823403596878052,0.2799786627292633,-0.1325175464153289,0.9999966025352478,0.5812531113624573,0.2801067531108856,-0.1326482445001602,0.9999971985816956,0.5800718069076538,0.2802655398845672,-0.1327116042375564,0.9999982118606568,0.5716410279273987,0.2809681892395019,-0.08378916233778,0.9999909996986388,0.5711910724639893,0.2832030951976776,-0.1692838966846466,0.9999956488609314,0.5820028185844421,0.2995570302009582,-0.1015585511922836,0.9999871253967284,0.5819140672683716,0.3001143932342529,-0.1271985918283462,0.9999932050704956,0.5537139177322388,0.3322080969810486,-0.0124763464555144,0.9999819397926332,0.5648368000984192,0.355763167142868,-0.1937859803438186,0.9999977350234984,0.5500556826591492,0.4136939644813537,0.041620697826147,0.0137796886265277,0.5724993944168091,0.4430490732192993,-0.1924497783184051,0.9972333312034608,0.5651992559432983,0.4882415235042572,0.032916136085987,0.0071920002810657,0.583766758441925,0.5083149075508118,-0.1496523022651672,0.9809309244155884,0.5669960379600525,0.4937509000301361,0.0344774797558784,0.0118064349517226,0.5823350548744202,0.5250324606895447,-0.166312888264656,0.942409336566925,0.5695599913597107,0.4926385879516601,0.0161745008081197,0.012295676395297,0.5837457776069641,0.5235148072242737,-0.1649520993232727,0.9376655220985411,0.5700053572654724,0.4860343635082245,0.0252183489501476,0.0132088437676429,0.5843207240104675,0.5169826149940491,-0.1482516825199127,0.8726244568824768,0.5576164126396179,0.4788534045219421,0.0594168752431869,0.9999955296516418,0.564127504825592,0.4913912117481231,-0.0595045797526836,0.9999985098838806,0.5590972304344177,0.5638098120689392,0.1916567981243133,0.5283586978912354,0.5645596981048584,0.5753722786903381,0.0754006430506706,0.909579336643219,0.5527253746986389,0.6403251886367798,0.321229338645935,0.750870406627655,0.5551131963729858,0.6601517796516418,0.1945866793394088,0.9525391459465028,0.5471247434616089,0.655441403388977,0.3320885896682739,0.7949680685997009,0.54759281873703,0.6747795343399048,0.204809233546257,0.8493936657905579,0.5730596780776978,0.6548774838447571,0.3165146708488464,0.7340395450592041,0.5756889581680298,0.6772226095199585,0.1729711890220642,0.8763026595115662
0.5857446193695068,0.2891751229763031,-0.1177169308066368,0.9999940991401672,0.5823882222175598,0.2790810167789459,-0.1139210313558578,0.9999921917915344,0.5813397169113159,0.2785600125789642,-0.1140637248754501,0.9999892711639404,0.5803327560424805,0.2780595421791076,-0.1140081733465194,0.9999915957450868,0.5823179483413696,0.2799401581287384,-0.1330524235963821,0.9999966621398926,0.5812389254570007,0.2800653576850891,-0.1331831514835357,0.9999972581863404,0.5800656676292419,0.2802211046218872,-0.1332470774650573,0.9999982714653016,0.5716078877449036,0.2809078395366668,-0.0835715606808662,0.9999911189079284,0.5711868405342102,0.2831352353096008,-0.1701703369617462,0.9999958276748656,0.5819564461708069,0.2995354533195495,-0.1018530428409576,0.9999873638153076,0.5818878412246704,0.3000642359256744,-0.1278099715709686,0.99999338388443,0.5537141561508179,0.3321985006332397,-0.011648803949356,0.9999818205833436,0.5648415684700012,0.3556399047374725,-0.1952142715454101,0.9999977946281432,0.5499014258384705,0.4133777916431427,0.0409867092967033,0.014131368137896,0.572520911693573,0.4423910081386566,-0.1940352916717529,0.9973914623260498,0.5651746392250061,0.4890741407871246,0.0294112674891948,0.0071731624193489,0.5840100646018982,0.5081572532653809,-0.1505987644195556,0.9819854497909546,0.5670284628868103,0.4935652613639831,0.0308210235089063,0.0118276216089725,0.58256596326828,0.5243803858757019,-0.1672570556402206,0.9454807639122008,0.5694429874420166,0.4925313293933868,0.0124005563557147,0.0123085714876651,0.5839383006095886,0.5232223868370056,-0.1657090783119201,0.9409137964248656,0.5697484612464905,0.4867065548896789,0.0216199029237031,0.0132411811500787,0.5845634341239929,0.5169261693954468,-0.1490709483623504,0.8787985444068909,0.5575659871101379,0.4782475233078003,0.0598597936332225,0.9999956488609314,0.5641319751739502,0.4906879663467407,-0.0599444098770618,0.9999985694885254,0.5589578151702881,0.563731849193573,0.1920437216758728,0.543123185634613,0.5649136304855347,0.5751363039016724,0.071988508105278,0.9170624613761902,0.5527088642120361,0.6403607130050659,0.3185717463493347,0.7650229930877686,0.5552082657814026,0.6601564288139343,0.187217891216278,0.9564641714096068,0.5471388101577759,0.6554632186889648,0.3290348052978515,0.8063739538192749,0.5477157831192017,0.6747335195541382,0.1970250457525253,0.8593066334724426,0.5730603933334351,0.6548423171043396,0.3128628432750702,0.7477931380271912,0.5756953954696655,0.6771723031997681,0.1647062003612518,0.8853597640991211
0.5856789350509644,0.289184033870697,-0.11617261916399,0.999994158744812,0.5822381973266602,0.2790904343128204,-0.1125156432390213,0.9999922513961792,0.5811569690704346,0.2785694301128387,-0.1126582771539688,0.99998939037323,0.5801015496253967,0.2780671715736389,-0.1126030683517456,0.9999915957450868,0.5822117328643799,0.2799483835697174,-0.1312967240810394,0.9999966621398926,0.581136167049408,0.2800807952880859,-0.1314270198345184,0.9999973177909852,0.5799671411514282,0.2802423536777496,-0.1314912885427475,0.9999982714653016,0.5713425278663635,0.2809096872806549,-0.0830451101064682,0.999991238117218,0.5711297392845154,0.283172607421875,-0.1681088656187057,0.9999959468841552,0.5818494558334351,0.2995836436748504,-0.1006752476096153,0.9999874234199524,0.5818116664886475,0.3001060783863067,-0.1261793822050094,0.9999934434890748,0.5534917712211609,0.3323701322078705,-0.0116143701598048,0.99998140335083,0.5648728013038635,0.3562934696674347,-0.1931644529104232,0.9999977946281432,0.5498241782188416,0.4156230390071869,0.041308257728815,0.0146481962874531,0.5725594162940979,0.4424132108688354,-0.188396006822586,0.997529923915863,0.5650817155838013,0.4908090233802795,0.0330934450030326,0.0072697903960943,0.5843066573143005,0.5081599354743958,-0.1400135308504104,0.9829933643341064,0.5670745372772217,0.4935728311538696,0.0349419564008712,0.0120747135952115,0.5828399062156677,0.5241588950157166,-0.1557365804910659,0.948533833026886,0.5693253874778748,0.4948637187480926,0.0163388755172491,0.0125542441383004,0.5842071175575256,0.523151695728302,-0.1542970836162567,0.9441493153572084,0.5696999430656433,0.4877036213874817,0.0253352466970682,0.013553611934185,0.5848748683929443,0.5169426798820496,-0.1384371370077133,0.8851726651191711,0.5574758648872375,0.4782537519931793,0.0598509423434734,0.999995768070221,0.5641656517982483,0.4907619953155517,-0.0599355772137641,0.9999986290931702,0.5584143400192261,0.5639868378639221,0.1926982104778289,0.565534234046936,0.5651538372039795,0.5755961537361145,0.074587196111679,0.9243842959403992,0.5525813698768616,0.6406646370887756,0.3220183253288269,0.7820429801940918,0.5556880235671997,0.6600332856178284,0.1952686160802841,0.9602975845336914,0.5471391677856445,0.6554819941520691,0.3328613638877868,0.8197080492973328,0.5482041239738464,0.6745547652244568,0.2058438211679458,0.8699389696121216,0.5730360746383667,0.6545339226722717,0.3175210356712341,0.7644959688186646,0.5758148431777954,0.6766403317451477,0.1756491214036941,0.8945451378822327
0.5856389999389648,0.2892069816589355,-0.11381296813488,0.9999943375587464,0.5821727514266968,0.2791013717651367,-0.1101391017436981,0.9999924302101136,0.5810749530792236,0.2785795629024505,-0.1102800741791725,0.999989688396454,0.5799928903579712,0.2780765295028686,-0.1102240905165672,0.999991774559021,0.5821755528450012,0.2799720466136932,-0.1288101971149444,0.9999967217445374,0.5811071991920471,0.2801117897033691,-0.1289383769035339,0.99999737739563,0.5799463391304016,0.2802813351154327,-0.1290021538734436,0.9999983310699464,0.5712187886238098,0.2809387743473053,-0.0812221467494964,0.9999914169311525,0.5711281895637512,0.2832505106925964,-0.1657516807317733,0.9999961256980896,0.5817833542823792,0.299694150686264,-0.0985850617289543,0.9999876618385316,0.5817663669586182,0.3001912236213684,-0.1239352747797966,0.999993622303009,0.5534699559211731,0.3329420387744903,-0.0106718363240361,0.999981164932251,0.5652950406074524,0.357108861207962,-0.1910897344350814,0.999997854232788,0.549825131893158,0.4167563915252685,0.041450310498476,0.0150060271844267,0.5727105736732483,0.4424313306808471,-0.1843465268611908,0.9976606965065002,0.5650871992111206,0.4913041293621063,0.0346948876976966,0.0073103453032672,0.5845746397972107,0.5081194639205933,-0.1340956687927246,0.9840173721313475,0.5674002766609192,0.4934935867786407,0.0366914309561252,0.0122398920357227,0.5831482410430908,0.5238903760910034,-0.1493590772151947,0.9516368508338928,0.5693483948707581,0.4946553409099579,0.0180647484958171,0.0127199776470661,0.5845344662666321,0.5230010151863098,-0.148025095462799,0.9474586248397828,0.5697225332260132,0.4879356026649475,0.0269664414227008,0.0137765724211931,0.5851996541023254,0.5169288516044617,-0.1324919164180755,0.8917440176010132,0.557479977607727,0.4783796668052673,0.0598212406039238,0.9999958872795104,0.5645695328712463,0.4908886849880218,-0.059905681759119,0.9999986886978148,0.5583323836326599,0.5639902949333191,0.1930966675281524,0.5841402411460876,0.5654999613761902,0.57559734582901,0.0736286342144012,0.9309840202331544,0.5524904131889343,0.6406725645065308,0.3226547837257385,0.7971895933151245,0.555768609046936,0.6599653363227844,0.1926050186157226,0.96377432346344,0.5471360087394714,0.6554020643234253,0.3334923088550567,0.8316188454627991,0.5482627153396606,0.6745322942733765,0.2030664235353469,0.8796795010566711,0.5731198787689209,0.6543727517127991,0.3191075325012207,0.7796601057052612,0.5759422183036804,0.6764726042747498,0.1738872975111007,0.902978241443634
0.5855971574783325,0.2892112731933594,-0.1117655336856842,0.9999943375587464,0.582137942314148,0.2791134417057037,-0.1080152615904808,0.9999924302101136,0.5810384154319763,0.2785914540290832,-0.108155570924282,0.999989688396454,0.5799556374549866,0.2780867516994476,-0.1081017777323722,0.9999917149543762,0.5821511745452881,0.2799876630306244,-0.1267158687114715,0.9999967217445374,0.581089198589325,0.2801303565502167,-0.1268438547849655,0.99999737739563,0.5799349546432495,0.280302882194519,-0.1269081234931945,0.9999983310699464,0.5712118148803711,0.2809522449970245,-0.0793153196573257,0.9999914169311525,0.5711300373077393,0.2832623422145843,-0.1639673858880996,0.9999961853027344,0.5817210674285889,0.2997329831123352,-0.0966551452875137,0.9999876618385316,0.5817216038703918,0.3002132177352905,-0.1220404431223869,0.9999936819076538,0.5534468293190002,0.3337859213352203,-0.0095983138307929,0.9999805688858032,0.5657786726951599,0.35765340924263,-0.1894335895776748,0.999997854232788,0.5498262643814087,0.4180479943752289,0.0421577841043472,0.0151651510968804,0.5727992653846741,0.4423899948596954,-0.1825438141822815,0.9977658987045288,0.5649509429931641,0.4923725128173828,0.0355246663093566,0.0072391661815345,0.5848044157028198,0.507960319519043,-0.1323185861110687,0.9848303198814392,0.5674194693565369,0.4951651692390442,0.037622582167387,0.0122111607342958,0.5834352374076843,0.5237192511558533,-0.14750537276268,0.9541361927986144,0.5693805813789368,0.4953722953796386,0.018761046230793,0.0126834437251091,0.5848615765571594,0.5229191780090332,-0.1463122516870498,0.9501010179519652,0.569753110408783,0.4882499277591705,0.0277430396527051,0.0137812625616788,0.5855442881584167,0.5169192552566528,-0.1307748705148697,0.8969865441322327,0.5574809908866882,0.4788056015968323,0.0597614385187625,0.9999959468841552,0.5653364658355713,0.4911451041698456,-0.0598456673324108,0.9999986886978148,0.5581973195075989,0.5643916726112366,0.1932975649833679,0.5980435013771057,0.5657559037208557,0.5756275653839111,0.0735039412975311,0.9367734789848328,0.5523207783699036,0.6409149765968323,0.3231583833694458,0.8093141913414001,0.5558888912200928,0.6599773168563843,0.1923004984855651,0.9667774438858032,0.5470873117446899,0.6556460857391357,0.3340243101119995,0.8413230776786804,0.5483229160308838,0.674551248550415,0.2027489393949508,0.887840211391449,0.5730740427970886,0.6544174551963806,0.3201203942298889,0.7911674976348877,0.5760485529899597,0.6765989661216736,0.1740791350603103,0.909976840019226
0.5855472087860107,0.2892798483371734,-0.1088314279913902,0.9999945759773254,0.582101583480835,0.2792299687862396,-0.1048236861824989,0.9999927282333374,0.5810007452964783,0.278712660074234,-0.1049618497490882,0.999990165233612,0.5799179673194885,0.2782115638256073,-0.1049052327871322,0.9999920725822448,0.5821109414100647,0.2800950109958648,-0.1235419362783432,0.9999969005584716,0.5810509324073792,0.2802422046661377,-0.1236696615815162,0.9999974966049194,0.5798982977867126,0.2804203629493713,-0.1237299293279647,0.9999983906745912,0.5711778402328491,0.2811754047870636,-0.0757689028978347,0.999991774559021,0.5711055397987366,0.2834104597568512,-0.1604960262775421,0.9999963641166688,0.581680417060852,0.2998819649219513,-0.0936883315443992,0.9999881386756896,0.5816922783851624,0.3003232479095459,-0.1190955936908721,0.9999939203262328,0.5534778237342834,0.3351253569126129,-0.0062858858145773,0.9999806880950928,0.5663766860961914,0.3584358692169189,-0.1869503110647201,0.9999979138374328,0.5498479604721069,0.4195229709148407,0.0435585975646972,0.0157624799758195,0.5730778574943542,0.4423572123050689,-0.1809510588645935,0.9978850483894348,0.5647923350334167,0.4940792024135589,0.0353893190622329,0.0074449558742344,0.5852584838867188,0.5079426765441895,-0.1318399012088775,0.985649049282074,0.5673851370811462,0.4965433776378631,0.0371745154261589,0.0126067614182829,0.5839813351631165,0.5237075686454773,-0.1469725668430328,0.9566120505332948,0.5693607926368713,0.4960788190364837,0.0189986694604158,0.0130762681365013,0.585462749004364,0.5229268074035645,-0.1456806808710098,0.9527151584625244,0.5696868300437927,0.4888162612915039,0.0278011374175548,0.0142166307196021,0.5861994028091431,0.516971230506897,-0.1302418708801269,0.9021723866462708,0.5574848651885986,0.4789124727249145,0.0597746185958385,0.9999960660934448,0.5663443803787231,0.4912584722042084,-0.0598587803542614,0.9999987483024596,0.5582034587860107,0.5645619630813599,0.1931837946176529,0.6157611608505249,0.5669375061988831,0.5756716132164001,0.0696786195039749,0.9423151016235352,0.55208820104599,0.6417093276977539,0.3170557618141174,0.8228674530982971,0.5560542941093445,0.660381019115448,0.1828196048736572,0.9697065949440002,0.5468886494636536,0.6565068960189819,0.3272407352924347,0.8520128130912781,0.5484199523925781,0.6748458743095398,0.1926066726446151,0.8962634205818176,0.5731115341186523,0.6554705500602722,0.3127775490283966,0.8052937984466553,0.5761033296585083,0.6773409247398376,0.162779152393341,0.9173455834388732
0.585537314414978,0.2894817590713501,-0.110163427889347,0.9999947547912598,0.5821058750152588,0.2794480919837951,-0.1061707511544227,0.9999929666519164,0.5810137391090393,0.2789249420166015,-0.1063100770115852,0.9999905228614808,0.5799453258514404,0.2784113585948944,-0.1062522083520889,0.999992311000824,0.582095742225647,0.2802879214286804,-0.124595895409584,0.9999970197677612,0.5810193419456482,0.2804165482521057,-0.1247274801135063,0.999997615814209,0.5798407196998596,0.2805657982826233,-0.1247882023453712,0.9999984502792358,0.5712315440177917,0.2813531458377838,-0.0768134370446205,0.9999920129776,0.5710263848304749,0.2834978401660919,-0.160028725862503,0.9999964833259584,0.581677258014679,0.300089567899704,-0.0949371010065078,0.9999884366989136,0.5816758871078491,0.3004857003688812,-0.1199754476547241,0.9999940991401672,0.5538598299026489,0.3359715640544891,-0.0071644186973571,0.9999808669090272,0.566864013671875,0.3589495420455932,-0.1851260513067245,0.9999979734420776,0.5509515404701233,0.4320487678050995,0.0429208353161811,0.0162361208349466,0.5732136368751526,0.4423843920230865,-0.1795143336057663,0.9979968667030334,0.5660262703895569,0.4902369081974029,0.0333508290350437,0.0077625475823879,0.5856004953384399,0.5079454779624939,-0.1334534734487533,0.9865294098854064,0.5674253702163696,0.4979767501354217,0.0351621322333812,0.0131714046001434,0.5847137570381165,0.5237045288085938,-0.1487442404031753,0.9593265652656556,0.5693778395652771,0.4972460269927978,0.0175289344042539,0.0136324679479002,0.5862787365913391,0.5229260921478271,-0.1470997184514999,0.9556254744529724,0.5696932077407837,0.4920479655265808,0.0260579455643892,0.0147956861183047,0.5869075059890747,0.5170025825500488,-0.1317761689424514,0.9079694151878356,0.5578607320785522,0.4789008796215057,0.059616032987833,0.9999960660934448,0.5671101212501526,0.4911930859088897,-0.0597006864845752,0.9999987483024596,0.5584266185760498,0.5646354556083679,0.1889624297618866,0.6225389242172241,0.5684345364570618,0.5756738185882568,0.0655375570058822,0.9470243453979492,0.5520305037498474,0.6425660848617554,0.3022865951061249,0.8330048322677612,0.5561931133270264,0.6603924036026001,0.1693067550659179,0.9722767472267152,0.5468776822090149,0.6572736501693726,0.3115257322788238,0.8605265021324158,0.5484758615493774,0.6748284697532654,0.1782016605138778,0.903672456741333,0.5728221535682678,0.6568525433540344,0.2967481315135956,0.8167398571968079,0.5760554671287537,0.6780354976654053,0.1484730392694473,0.9238818883895874
0.5854988694190979,0.2896080911159515,-0.1066931560635566,0.9999945163726808,0.5821138024330139,0.279729813337326,-0.1031371057033538,0.999992609024048,0.5810220241546631,0.2791689038276672,-0.1032762080430984,0.9999901056289672,0.5799533724784851,0.2785983383655548,-0.103223443031311,0.9999919533729552,0.5821039080619812,0.2806232869625091,-0.121138721704483,0.9999968409538268,0.5810347199440002,0.2807272970676422,-0.1212698891758918,0.9999974966049194,0.5798746943473816,0.2808216214179992,-0.1213344037532806,0.9999983906745912,0.5712464451789856,0.2813743650913238,-0.0756314247846603,0.9999917149543762,0.5711578130722046,0.2835187911987304,-0.1572253704071045,0.9999963641166688,0.5815597772598267,0.3002337515354156,-0.092213399708271,0.9999879002571106,0.5815922617912292,0.3005717694759369,-0.1166873276233673,0.9999938011169434,0.5543566942214966,0.336142897605896,-0.0074548427946865,0.9999805092811584,0.5672340393066406,0.3591327965259552,-0.1827452629804611,0.9999979138374328,0.5514013171195984,0.4363439083099365,0.0428820103406906,0.0161951016634702,0.5734453201293945,0.442947119474411,-0.1767913997173309,0.9980379343032836,0.5660187005996704,0.4958004951477051,0.033584214746952,0.0076400013640522,0.5859909057617188,0.5079476833343506,-0.1283725053071975,0.986843764781952,0.5676834583282471,0.4989665150642395,0.0357518158853054,0.0130436504259705,0.5852621793746948,0.5236929655075073,-0.1426875591278076,0.9605485796928406,0.5694506764411926,0.4983013570308685,0.0194601509720087,0.0134811168536543,0.5869484543800354,0.5229171514511108,-0.1413653790950775,0.9568683505058287,0.5697577595710754,0.4940513372421264,0.0269804708659648,0.0146437333896756,0.5875647068023682,0.5170215964317322,-0.12675341963768,0.9105076193809508,0.5584878921508789,0.4792587757110595,0.0590685121715068,0.9999961256980896,0.5679519772529602,0.491316556930542,-0.0591548681259155,0.9999987483024596,0.5585969090461731,0.5647567510604858,0.1894451528787613,0.6315062642097473,0.570580780506134,0.5766298770904541,0.0638171881437301,0.9513655304908752,0.5520306825637817,0.6428043842315674,0.3049866557121277,0.843437910079956,0.5561922192573547,0.6601937413215637,0.171122744679451,0.974583864212036,0.5469170212745667,0.6572689414024353,0.3145364224910736,0.868878960609436,0.5484737157821655,0.6740540862083435,0.180570900440216,0.9101030230522156,0.572894275188446,0.6571361422538757,0.300931453704834,0.8277518153190613,0.5759802460670471,0.6781491637229919,0.1526780426502227,0.9296841025352478
0.5856956839561462,0.2896140813827514,-0.1070177480578422,0.9999946355819702,0.5824781060218811,0.2797499597072601,-0.1032721102237701,0.9999927878379822,0.5814288258552551,0.2792076468467712,-0.103409320116043,0.9999903440475464,0.5803995728492737,0.2786460220813751,-0.103354699909687,0.9999921321868896,0.5824138522148132,0.2806511521339416,-0.121592603623867,0.9999969005584716,0.5813609957695007,0.2807672321796417,-0.1217266097664833,0.9999975562095642,0.5802448391914368,0.2808619737625122,-0.1217893734574318,0.9999983906745912,0.5717810392379761,0.2814112305641174,-0.0749993696808815,0.9999919533729552,0.5717018842697144,0.2835304737091064,-0.1579774469137191,0.9999964833259584,0.5817268490791321,0.3002633154392242,-0.0922485366463661,0.9999880790710448,0.5817431807518005,0.3005847930908203,-0.1171291843056678,0.999993860721588,0.5548993349075317,0.3364022076129913,-0.0065170894376933,0.999980628490448,0.5676476955413818,0.3593164384365082,-0.1835889220237732,0.9999979734420776,0.5516029000282288,0.43721404671669,0.0432844497263431,0.0161515790969133,0.5736790895462036,0.4447285234928131,-0.1784822046756744,0.9981132745742798,0.5660000443458557,0.4976344406604767,0.03467408567667,0.0075784474611282,0.5867611765861511,0.5084061622619629,-0.1314111799001693,0.9874230027198792,0.5679302215576172,0.4994414746761322,0.0371658653020858,0.0130395665764808,0.5861597657203674,0.5238518714904785,-0.1462795138359069,0.9624532461166382,0.5698274374008179,0.4989480972290039,0.0210216827690601,0.0134545434266328,0.5878158211708069,0.5229377150535583,-0.1447854936122894,0.9588891863822936,0.5700656771659851,0.5042184591293335,0.0282291695475578,0.0146373054012656,0.5884102582931519,0.5171930193901062,-0.1297784894704818,0.9145081043243408,0.558964192867279,0.4792617857456207,0.0590854249894619,0.9999961853027344,0.5680843591690063,0.4913269579410553,-0.0591716170310974,0.9999988079071044,0.5588973760604858,0.5648139715194702,0.189680740237236,0.6418756246566772,0.5728079676628113,0.5772297978401184,0.0589477196335792,0.955510139465332,0.5519424676895142,0.6431863307952881,0.303280234336853,0.8535279035568237,0.5564089417457581,0.6598944067955017,0.1674387902021408,0.9767489433288574,0.5468225479125977,0.6573741436004639,0.3126634657382965,0.877118706703186,0.5484858155250549,0.6733875870704651,0.1771848648786544,0.9165109395980836,0.5727078914642334,0.6580777764320374,0.3003396689891815,0.8388365507125854,0.5759809613227844,0.6784175634384155,0.1514819413423538,0.935307502746582
0.5862856507301331,0.289619117975235,-0.107718750834465,0.9999946355819702,0.5832322835922241,0.2797537446022033,-0.1040610820055008,0.9999927282333374,0.5822229385375977,0.2792222797870636,-0.1041991859674453,0.9999902844429016,0.5812086462974548,0.2786683440208435,-0.104147233068943,0.9999920725822448,0.5832193493843079,0.2806538939476013,-0.1225996166467666,0.9999969005584716,0.5822645425796509,0.2807746529579162,-0.1227332726120948,0.9999975562095642,0.5812673568725586,0.2808717489242553,-0.1227976530790329,0.9999983906745912,0.5725552439689636,0.2814150750637054,-0.0758082568645477,0.9999919533729552,0.5729405283927917,0.2835319936275482,-0.1596255898475647,0.9999964833259584,0.5823035836219788,0.3002686500549316,-0.0929416641592979,0.9999878406524658,0.5823199152946472,0.300588995218277,-0.118101105093956,0.9999938011169434,0.5552524328231812,0.3364637494087219,-0.0068611307069659,0.999980628490448,0.5682384371757507,0.359293133020401,-0.1850856393575668,0.9999979734420776,0.5515914559364319,0.4375785291194916,0.0435006618499755,0.0158039182424545,0.573966920375824,0.4453895092010498,-0.1794326603412628,0.9981647729873656,0.5677514672279358,0.4925335347652435,0.0368400327861309,0.0073920618742704,0.5873792171478271,0.5085508823394775,-0.1378134340047836,0.9878596067428588,0.5682985782623291,0.4997563064098358,0.0397055596113204,0.01282674446702,0.5867748856544495,0.5239980220794678,-0.1528498232364654,0.9639925360679626,0.5703137516975403,0.4992195963859558,0.0231572035700082,0.0132179446518421,0.5884532928466797,0.5229732990264893,-0.1512263417243957,0.9605432152748108,0.5705259442329407,0.5016212463378906,0.0302456431090831,0.0143939973786473,0.589095950126648,0.5173341035842896,-0.1361761540174484,0.9177291989326476,0.5592323541641235,0.479453980922699,0.0590970665216445,0.9999962449073792,0.5683642029762268,0.4913870990276336,-0.0591832511126995,0.9999988675117492,0.5589433908462524,0.564792811870575,0.1901745647192001,0.6509006023406982,0.5761894583702087,0.5772365927696228,0.0546498820185661,0.9591590762138368,0.5519422292709351,0.6438677906990051,0.3039086759090423,0.8632121086120605,0.55694979429245,0.6570968627929688,0.1684647500514984,0.9786311388015748,0.5468157529830933,0.657861053943634,0.3132543265819549,0.8849657773971558,0.5485913157463074,0.6703338027000427,0.1789394170045852,0.921988010406494,0.5726538896560669,0.6597124934196472,0.3019520342350006,0.8493461608886719,0.576057493686676,0.6785100698471069,0.1558780372142791,0.9401933550834656
0.5878844857215881,0.2897137105464935,-0.1078453883528709,0.999994456768036,0.5850135087966919,0.2797764539718628,-0.1040036231279373,0.9999924302101136,0.5840012431144714,0.2792627811431885,-0.1041434109210968,0.9999898672103882,0.5829330086708069,0.2787373661994934,-0.1040963903069496,0.9999917149543762,0.5849786400794983,0.2806563973426819,-0.1226240620017051,0.999996781349182,0.583947479724884,0.2807753086090088,-0.1227566972374916,0.9999974966049194,0.5827823877334595,0.280873030424118,-0.1228244826197624,0.9999983310699464,0.5741560459136963,0.281492680311203,-0.0752835199236869,0.999991774559021,0.5741669535636902,0.2835757136344909,-0.159533217549324,0.9999964237213136,0.5840140581130981,0.3003134727478027,-0.0929632410407066,0.9999874234199524,0.5838857293128967,0.3006095886230469,-0.1182079315185546,0.999993622303009,0.5565510392189026,0.3365993499755859,-0.0058292644098401,0.9999802708625792,0.569117546081543,0.3592780232429504,-0.1848530024290084,0.9999979734420776,0.5518952012062073,0.4377012848854065,0.0458569899201393,0.015362050384283,0.5743966698646545,0.4460100531578064,-0.1806204319000244,0.9982279539108276,0.5675907731056213,0.4963301420211792,0.0400265119969844,0.0072275535203516,0.5877343416213989,0.5086586475372314,-0.1429359912872314,0.9885081052780152,0.5692946910858154,0.4999245405197143,0.0426202081143856,0.0126658417284488,0.5872889161109924,0.5242255926132202,-0.1587915867567062,0.9660471081733704,0.5709623694419861,0.4992599487304687,0.0257874205708503,0.0130340894684195,0.5891145467758179,0.5231306552886963,-0.1574480235576629,0.9627898931503296,0.5713614821434021,0.5062240958213806,0.0332208015024662,0.0141931883990764,0.5897010564804077,0.5176799297332764,-0.1414493918418884,0.9221628308296204,0.5600535869598389,0.4799167215824127,0.0590501837432384,0.9999962449073792,0.5686609148979187,0.4914052188396454,-0.0591370686888694,0.9999988675117492,0.5587383508682251,0.5648344159126282,0.1905190050601959,0.653643012046814,0.5791377425193787,0.5774218440055847,0.0522391460835933,0.9622772336006165,0.5519479513168335,0.6442721486091614,0.3062397837638855,0.8702086210250854,0.5575779676437378,0.654082179069519,0.1723558753728866,0.9801238179206848,0.5467974543571472,0.6582637429237366,0.3158178031444549,0.8908698558807373,0.5487062931060791,0.6668685674667358,0.1834176480770111,0.9260769486427308,0.5724452137947083,0.6610273718833923,0.3038851320743561,0.8567809462547302,0.5760977864265442,0.6785323023796082,0.1611323207616806,0.9439426064491272
0.589633584022522,0.2900699377059936,-0.1073569729924202,0.9999942779541016,0.5868381857872009,0.2799218297004699,-0.1033641546964645,0.9999921321868896,0.5859894156455994,0.2794165909290313,-0.1035047322511673,0.9999895095825196,0.5849822759628296,0.2788707613945007,-0.1034628078341484,0.9999914765357972,0.5867075324058533,0.2807083129882812,-0.1219476237893104,0.9999966621398926,0.5857239961624146,0.2807959914207458,-0.1220779195427894,0.99999737739563,0.5843956470489502,0.2808800935745239,-0.1221455335617065,0.9999982714653016,0.576077401638031,0.2815538048744201,-0.0743069350719451,0.9999916553497314,0.5754433870315552,0.2835883796215057,-0.1583944261074066,0.999996304512024,0.5859776139259338,0.3004657328128814,-0.0924223810434341,0.999987006187439,0.5856472253799438,0.3007390797138214,-0.1176129356026649,0.99999338388443,0.557357132434845,0.3370848000049591,-0.0057397368364036,0.999980092048645,0.5702807307243347,0.3595853149890899,-0.1829417794942855,0.9999979734420776,0.5522062182426453,0.4399643540382385,0.0440146103501319,0.0149652678519487,0.5749958753585815,0.4467045068740845,-0.1813900917768478,0.9982370138168336,0.5674848556518555,0.4992188513278961,0.0333357974886894,0.0070729260332882,0.5881040096282959,0.5090264081954956,-0.1446137577295303,0.9886914491653442,0.5698545575141907,0.5032110810279846,0.0344362631440162,0.0125259300693869,0.5877532958984375,0.5247547030448914,-0.1606313586235046,0.966935932636261,0.5718372464179993,0.5103683471679688,0.0181275438517332,0.0128746135160326,0.5896692872047424,0.5236384868621826,-0.1598221808671951,0.9637733697891236,0.5719491839408875,0.5084956288337708,0.0264917891472578,0.0139903388917446,0.5901588201522827,0.5183523893356323,-0.1434073597192764,0.9240354895591736,0.5608915686607361,0.4813022315502167,0.0588033162057399,0.9999962449073792,0.5692830681800842,0.4922226369380951,-0.0588895119726657,0.9999988675117492,0.5585798025131226,0.5649607181549072,0.1921519786119461,0.6502242684364319,0.5822606682777405,0.5778568387031555,0.0473632104694843,0.9649661779403688,0.5522433519363403,0.6442424058914185,0.3079262375831604,0.8742876052856445,0.5578352212905884,0.651671826839447,0.1705008298158645,0.981232762336731,0.5467973947525024,0.6581655740737915,0.3176572620868683,0.8949025869369507,0.5487417578697205,0.6640370488166809,0.1821699291467666,0.928732693195343,0.5724472403526306,0.6618399620056152,0.3087790310382843,0.8611046671867371,0.5760985612869263,0.6783810257911682,0.1620388925075531,0.9466387033462524
0.5913097858428955,0.2905702590942383,-0.1034938469529151,0.9999942183494568,0.58842533826828,0.2802566587924957,-0.0997838899493217,0.9999920129776,0.587520956993103,0.2797409296035766,-0.0999212712049484,0.99998939037323,0.5864295959472656,0.2791343927383423,-0.0998791828751564,0.9999913573265076,0.5883968472480774,0.2809153199195862,-0.1178867891430854,0.9999966025352478,0.5875068306922913,0.2809335589408874,-0.118017204105854,0.99999737739563,0.5862622857093811,0.2809576690196991,-0.1180827468633651,0.9999982714653016,0.5774325132369995,0.2816599309444427,-0.0718483999371528,0.9999916553497314,0.577353298664093,0.2836573123931885,-0.1537555903196334,0.9999962449073792,0.5875933766365051,0.3007444441318512,-0.0889596119523048,0.99998676776886,0.5873324871063232,0.3009337186813354,-0.1135077476501464,0.9999932646751404,0.5583060383796692,0.3370714485645294,-0.004204167984426,0.999980092048645,0.5721608400344849,0.3596809804439544,-0.1783016324043274,0.9999979734420776,0.5526419878005981,0.4400467574596405,0.043987613171339,0.0147598069161176,0.5757464170455933,0.4474424719810486,-0.1790201216936111,0.9982703328132628,0.567604124546051,0.5008217692375183,0.0333552546799182,0.0070471782237291,0.5884918570518494,0.5096317529678345,-0.1440433412790298,0.989065647125244,0.570618212223053,0.5049781799316406,0.0344753265380859,0.0126038286834955,0.5882765054702759,0.5259187817573547,-0.160024344921112,0.9682625532150269,0.5726683735847473,0.5078991651535034,0.0179398227483034,0.0129398889839649,0.5903308391571045,0.5248034596443176,-0.1593203991651535,0.9652387499809264,0.5728312134742737,0.5102936625480652,0.0264338254928588,0.0140194445848464,0.5907089710235596,0.5193221569061279,-0.1428635120391845,0.9269140362739564,0.5610698461532593,0.481399267911911,0.0583288110792636,0.9999962449073792,0.5697765350341797,0.4921185672283172,-0.05841676145792,0.9999988675117492,0.5585482716560364,0.5649088621139526,0.1915366053581237,0.6517763137817383,0.5852755904197693,0.577801525592804,0.044706467539072,0.967546045780182,0.5523328185081482,0.6446386575698853,0.3035045266151428,0.8794255256652832,0.559038519859314,0.6516836881637573,0.1625697165727615,0.982387900352478,0.5468172430992126,0.6585935950279236,0.3127510845661163,0.899321436882019,0.5491178631782532,0.6639947295188904,0.1737469285726547,0.9317935109138488,0.5724273324012756,0.6629765629768372,0.3059793710708618,0.8667314052581787,0.5764371752738953,0.6782593727111816,0.1572987139225006,0.9496809840202332
0.5933929085731506,0.2914934754371643,-0.096062570810318,0.9999940395355223,0.5904897451400757,0.280931293964386,-0.0937172695994377,0.999991774559021,0.5894574522972107,0.2803581655025482,-0.0938536152243614,0.999989092350006,0.5883158445358276,0.279668778181076,-0.0938096120953559,0.9999911189079284,0.5905073881149292,0.2814498841762543,-0.110495738685131,0.9999964833259584,0.5895739197731018,0.2813622951507568,-0.1106287762522697,0.9999972581863404,0.5884315371513367,0.2812907695770263,-0.1106897592544555,0.9999982118606568,0.5790964365005493,0.2819281220436096,-0.0708956494927406,0.9999915957450868,0.5794654488563538,0.2839932739734649,-0.147176906466484,0.9999961853027344,0.5896186828613281,0.3013962209224701,-0.083434872329235,0.9999865889549256,0.5893110632896423,0.3014566898345947,-0.1062461137771606,0.9999931454658508,0.55884850025177,0.3370620310306549,-0.0051525360904634,0.9999803900718688,0.5749117732048035,0.3612533509731293,-0.1695806980133056,0.9999979734420776,0.552811861038208,0.438857764005661,0.0438487455248832,0.0149023402482271,0.5769996047019958,0.4491426646709442,-0.1675281375646591,0.9982691407203674,0.5675817728042603,0.5003273487091064,0.0414491407573223,0.0071076289750635,0.5888795256614685,0.5106828808784485,-0.1308231502771377,0.9893134832382202,0.5710684657096863,0.5053510665893555,0.0435993708670139,0.0127808367833495,0.5883960127830505,0.527431845664978,-0.1453807055950164,0.969318389892578,0.5729368329048157,0.5065274238586426,0.0275078658014535,0.0130875669419765,0.5907214283943176,0.5268386006355286,-0.1456133723258972,0.9663861989974976,0.5730390548706055,0.5112946033477783,0.0350806154310703,0.0141634969040751,0.5912041068077087,0.5213479995727539,-0.1300875842571258,0.929381549358368,0.5615010857582092,0.4820300042629242,0.0555836111307144,0.9999963641166688,0.5709943771362305,0.492605984210968,-0.0556799247860908,0.999998927116394,0.5586666464805603,0.5645659565925598,0.1879467070102691,0.661704421043396,0.5863234400749207,0.5784777998924255,0.0491076558828353,0.9699822068214417,0.5523342490196228,0.6444164514541626,0.2989373207092285,0.8858711123466492,0.5609026551246643,0.6521615982055664,0.165247693657875,0.9836007356643676,0.5468199253082275,0.6583733558654785,0.3082880675792694,0.904028296470642,0.5502434968948364,0.6644620299339294,0.176246777176857,0.9352158308029176,0.5721695423126221,0.6629951596260071,0.3032301962375641,0.8736013770103455,0.5777101516723633,0.6782404780387878,0.1592356562614441,0.9529479146003724
0.5955097079277039,0.2923481166362762,-0.0978321209549903,0.9999942183494568,0.5927460789680481,0.2815483808517456,-0.095505490899086,0.9999920725822448,0.5917375087738037,0.2809261381626129,-0.0956409275531768,0.9999894499778748,0.590646505355835,0.2801591455936432,-0.0955947637557983,0.9999914169311525,0.5923786163330078,0.2819499969482422,-0.1123497709631919,0.9999966025352478,0.5912753939628601,0.2817679047584533,-0.1124830394983291,0.9999973177909852,0.5901002287864685,0.2816008031368255,-0.1125427857041359,0.9999982714653016,0.581231415271759,0.2821678519248962,-0.0719167664647102,0.9999919533729552,0.5810882449150085,0.2844027280807495,-0.1484330296516418,0.999996304512024,0.5919560194015503,0.3017703890800476,-0.0847760885953903,0.9999869465827942,0.5912696719169617,0.3018420040607452,-0.107644610106945,0.9999933242797852,0.5596787929534912,0.3365306258201599,-0.0063583375886082,0.9999807476997375,0.5767913460731506,0.3619009256362915,-0.1704171746969223,0.9999979734420776,0.5527580380439758,0.4382225573062897,0.0453600883483886,0.0148826986551284,0.5781058669090271,0.4491501450538635,-0.1703859716653823,0.9982134699821472,0.5678308010101318,0.4997884035110473,0.0522148981690406,0.0070608309470117,0.5891697406768799,0.5123171210289001,-0.132331445813179,0.9890062212944032,0.5720024108886719,0.5051057934761047,0.0556616932153701,0.0127807278186082,0.5884791016578674,0.5299756526947021,-0.1468169242143631,0.9690590500831604,0.574169933795929,0.5043801069259644,0.0389838553965091,0.0130610177293419,0.590911865234375,0.5298409461975098,-0.1468038707971573,0.9660614728927612,0.5739448070526123,0.5102626085281372,0.0457627587020397,0.0141527568921446,0.591488242149353,0.52443927526474,-0.1314849555492401,0.9292072653770448,0.5618444085121155,0.4822090566158294,0.0546887591481208,0.999996542930603,0.5726214051246643,0.4931702315807342,-0.0547920875251293,0.9999989867210388,0.5588256120681763,0.5645723938941956,0.1886436939239502,0.6831433773040771,0.5861098170280457,0.579555094242096,0.0524010434746742,0.972509503364563,0.5518938899040222,0.644392192363739,0.3016902208328247,0.895128071308136,0.5639116764068604,0.6546568274497986,0.1673087924718856,0.985004186630249,0.5468273758888245,0.6589197516441345,0.3112120330333709,0.9110589623451232,0.5533930659294128,0.6660146713256836,0.1782601177692413,0.9400342106819152,0.5713833570480347,0.6629218459129333,0.3044901490211487,0.8834012150764465,0.5800403356552124,0.6783117651939392,0.1635023653507232,0.9568144083023072
0.5979419946670532,0.2931327819824219,-0.0969375520944595,0.9999945163726808,0.5949907302856445,0.2821732759475708,-0.0941051915287971,0.9999924898147584,0.5938416123390198,0.2815626859664917,-0.0942373499274253,0.9999899864196776,0.5926172137260437,0.2807874381542206,-0.0941866785287857,0.9999918937683104,0.5950096845626831,0.2824605405330658,-0.1115574762225151,0.999996781349182,0.5939522981643677,0.282214343547821,-0.1116871312260627,0.9999974966049194,0.5928863286972046,0.2819680273532867,-0.1117479279637336,0.9999983906745912,0.5833238363265991,0.2825527489185333,-0.0689584761857986,0.9999923706054688,0.5839361548423767,0.2847738862037658,-0.147971361875534,0.9999964833259584,0.5940621495246887,0.3024981021881103,-0.0831381604075431,0.9999876022338868,0.5937321186065674,0.3025683760643005,-0.1068664118647575,0.9999936819076538,0.5612004995346069,0.3367292881011963,-0.0023859958164393,0.9999812245368958,0.5800803899765015,0.3636780381202698,-0.1725358366966247,0.9999980330467224,0.5551438927650452,0.4269000887870788,0.0478453785181045,0.0145206404849886,0.5797327756881714,0.4490016996860504,-0.1718656867742538,0.9981865286827089,0.567832350730896,0.4993653893470764,0.048012439161539,0.0070193302817642,0.5895548462867737,0.5139569044113159,-0.1430085450410843,0.9885286688804626,0.5718516111373901,0.504763126373291,0.0507848709821701,0.012741164304316,0.5883760452270508,0.5320439338684082,-0.1591019481420517,0.9680421948432922,0.5739823579788208,0.5027751326560974,0.0339307263493537,0.0129915056750178,0.5908247828483582,0.5326985120773315,-0.159287691116333,0.9648221135139464,0.5738697648048401,0.5014228820800781,0.0412602573633194,0.0140280816704034,0.59160977602005,0.527337908744812,-0.1424674838781356,0.9267492890357972,0.5624656081199646,0.4822413027286529,0.0548050738871097,0.999996781349182,0.5745871067047119,0.4932158291339874,-0.0549085400998592,0.9999990463256836,0.5600646138191223,0.5644849538803101,0.1899925172328949,0.6987647414207458,0.5856860280036926,0.5801066160202026,0.0547067038714885,0.9748234748840332,0.5516582727432251,0.6440481543540955,0.3093319833278656,0.9032755494117736,0.5666478872299194,0.6593393683433533,0.1675918251276016,0.986325740814209,0.546848475933075,0.6590760350227356,0.3192397356033325,0.9173596501350404,0.5563432574272156,0.6695533990859985,0.1776270568370819,0.9446532726287842,0.570296049118042,0.6607993245124817,0.309461236000061,0.8920595049858093,0.583275556564331,0.6783890128135681,0.1546801179647445,0.9604669809341432
0.6007276177406311,0.2944166958332062,-0.0981386378407478,0.999994933605194,0.5977746844291687,0.2833737730979919,-0.095890074968338,0.999993085861206,0.5965491533279419,0.2827494442462921,-0.0960139334201812,0.9999907612800598,0.5953094959259033,0.2819399237632751,-0.0959584936499595,0.9999924898147584,0.5979272127151489,0.2836384177207947,-0.1119846105575561,0.9999970197677612,0.5968762040138245,0.2833814024925232,-0.1121061295270919,0.9999976754188538,0.5958124995231628,0.283084511756897,-0.1121438965201377,0.9999985098838806,0.5860909819602966,0.283243864774704,-0.0762744098901748,0.9999929666519164,0.5868099331855774,0.2857022285461426,-0.1522286683320999,0.999996781349182,0.596703290939331,0.3035366535186767,-0.0845754072070121,0.9999885559082032,0.5966048836708069,0.3036144077777862,-0.107455775141716,0.999994158744812,0.5627735257148743,0.3366337418556213,-0.0116393622010946,0.9999822378158568,0.5829452872276306,0.3662133812904358,-0.1734626591205597,0.9999980926513672,0.5565691590309143,0.4224067330360412,0.0460016876459121,0.0147533351555466,0.5813121199607849,0.4501141905784607,-0.173166811466217,0.9981338381767272,0.569365382194519,0.4849507510662079,0.0499620288610458,0.0071402504108846,0.5902460217475891,0.5184657573699951,-0.1411882042884826,0.98747980594635,0.5717359185218811,0.5031841993331909,0.0527568086981773,0.0129219992086291,0.5883646011352539,0.5365344285964966,-0.1563954353332519,0.9655997157096864,0.5738728046417236,0.5012441873550415,0.035182699561119,0.0131398420780897,0.5908609628677368,0.5378410220146179,-0.1580030173063278,0.9619848728179932,0.5739368796348572,0.4979974925518036,0.0430143624544143,0.0141740199178457,0.591808557510376,0.531914234161377,-0.1412391364574432,0.9217922687530518,0.5638216733932495,0.4821197986602783,0.0548381023108959,0.9999970197677612,0.5766785144805908,0.4935965538024902,-0.0549364425241947,0.9999991059303284,0.5624632239341736,0.5652838349342346,0.1900331377983093,0.718408465385437,0.5850873589515686,0.5814582109451294,0.0679161250591278,0.9769235849380492,0.5513654947280884,0.6434093713760376,0.3133072853088379,0.9111437797546388,0.5673218369483948,0.6626158356666565,0.1836698949337005,0.987527310848236,0.5468446016311646,0.6590599417686462,0.3237333297729492,0.9234278202056884,0.5576571822166443,0.6727074980735779,0.1940817534923553,0.9489383101463318,0.5689607858657837,0.6579574346542358,0.3147852122783661,0.9002048969268799,0.5849181413650513,0.6784335374832153,0.171613410115242,0.9637258648872375
0.6038234233856201,0.2964261174201965,-0.1048820242285728,0.9999952912330629,0.6004432439804077,0.285238653421402,-0.1036576256155967,0.999993622303009,0.5991257429122925,0.2845805287361145,-0.1037868708372116,0.9999914765357972,0.5977875590324402,0.2838213145732879,-0.1037254631519317,0.999993085861206,0.6007126569747925,0.2856132686138153,-0.1197829097509384,0.9999972581863404,0.5997540354728699,0.2853840887546539,-0.1199144572019577,0.999997854232788,0.5987730026245117,0.2851487100124359,-0.1199588403105735,0.9999986290931702,0.5886915922164917,0.2856040000915527,-0.0829481184482574,0.9999935030937196,0.5898220539093018,0.2881883084774017,-0.1577525287866592,0.9999970197677612,0.5994916558265686,0.305612564086914,-0.0920399129390716,0.9999894499778748,0.5997443795204163,0.3055627942085266,-0.1142721250653266,0.9999946355819702,0.565380334854126,0.336589902639389,-0.0165527556091547,0.9999830722808838,0.5854942798614502,0.3689127564430237,-0.1768116503953933,0.9999982118606568,0.5561904311180115,0.4238108992576599,0.043194230645895,0.0146337943151593,0.5836836099624634,0.4542135596275329,-0.1778027862310409,0.9981226325035096,0.5700822472572327,0.4870383441448211,0.0481745824217796,0.0070893988013267,0.5911227464675903,0.5238041281700134,-0.1455571353435516,0.9872801899909972,0.5731936097145081,0.4975926578044891,0.0507995821535587,0.0128400409594178,0.588982880115509,0.541921854019165,-0.1612807363271713,0.9650477766990662,0.5749695897102356,0.5000981092453003,0.0331430062651634,0.0130250845104455,0.5909691452980042,0.5435435175895691,-0.1625291556119918,0.9612810015678406,0.5758071541786194,0.500183641910553,0.0411424301564693,0.0140375550836324,0.591862678527832,0.536624014377594,-0.1454388201236724,0.9203314185142516,0.5653665065765381,0.4821005463600158,0.0547956712543964,0.9999971985816956,0.5781295299530029,0.4944407641887665,-0.0548926927149295,0.9999991655349731,0.5678699016571045,0.5669791102409363,0.1891921460628509,0.7375287413597107,0.5847489833831787,0.5821273922920227,0.07497089356184,0.9787338376045228,0.5515138506889343,0.6426838040351868,0.3130765259265899,0.9182257652282716,0.5674321055412292,0.663716733455658,0.1954294592142105,0.9885708689689636,0.5470154285430908,0.6584178805351257,0.3231738805770874,0.9288862943649292,0.5580139756202698,0.6737157702445984,0.2062709331512451,0.9525538682937622,0.5690059065818787,0.6577800512313843,0.3128022253513336,0.9072933197021484,0.5852042436599731,0.6789097785949707,0.1827764362096786,0.9664652347564696
0.6060577630996704,0.3001589179039001,-0.1026193872094154,0.9999954700469972,0.6031783223152161,0.2888933718204498,-0.1005747318267822,0.9999939203262328,0.6019647121429443,0.2881653010845184,-0.1007004603743553,0.9999918341636658,0.6006523370742798,0.2874436378479004,-0.1006363332271575,0.99999338388443,0.6032546162605286,0.2891214787960052,-0.1173470094799995,0.9999974370002748,0.6022872924804688,0.2887682914733886,-0.1174865663051605,0.9999979734420776,0.6013025641441345,0.2885112762451172,-0.1175405085086822,0.9999986886978148,0.5913021564483643,0.2889878153800964,-0.0764672979712486,0.9999937415122986,0.5921984314918518,0.2915193736553192,-0.1533063352108001,0.9999971985816956,0.6019019484519958,0.3096456527709961,-0.0888519808650016,0.9999898076057434,0.6020386815071106,0.309363305568695,-0.1118507012724876,0.9999948740005492,0.5696437954902649,0.3379347324371338,-0.0071982364170253,0.9999827146530152,0.5874859690666199,0.3700187504291534,-0.1769585013389587,0.9999982714653016,0.5605106949806213,0.4241552650928497,0.0485789701342582,0.0142442276701331,0.586319625377655,0.4565192759037018,-0.1819508820772171,0.9981498122215272,0.5765905380249023,0.4766935110092163,0.05048593506217,0.0068949782289564,0.5929238200187683,0.5291321873664856,-0.152134820818901,0.987124502658844,0.576827347278595,0.4939324259757995,0.0531047135591506,0.0125343212857842,0.5902944207191467,0.5471791625022888,-0.1686178594827652,0.9645366072654724,0.5791236758232117,0.494935393333435,0.0353227220475673,0.0127028534188866,0.5920446515083313,0.549441933631897,-0.1695172190666198,0.9607049822807312,0.5798057317733765,0.4902397990226745,0.0432440787553787,0.0137042989954352,0.5930035710334778,0.5416883826255798,-0.1519515216350555,0.9192118644714355,0.5672830939292908,0.4835889935493469,0.0558854341506958,0.99999737739563,0.5794583559036255,0.4955643713474273,-0.0559838563203811,0.999999225139618,0.5750709772109985,0.5698571801185608,0.1834789365530014,0.7495352625846863,0.5872011184692383,0.5821108222007751,0.071155659854412,0.9803203344345092,0.5530675649642944,0.6426848769187927,0.3023740649223327,0.923437774181366,0.5681860446929932,0.6644423604011536,0.1724051684141159,0.9894998669624328,0.5479087233543396,0.6583472490310669,0.3121174871921539,0.9329420924186708,0.5589352250099182,0.6751993298530579,0.1813307702541351,0.9557020664215088,0.5709608197212219,0.6585642695426941,0.2981613278388977,0.9125362038612366,0.5868111252784729,0.6807965040206909,0.1515488028526306,0.9689757823944092
0.6091511249542236,0.3062562048435211,-0.1087934598326683,0.9999957084655762,0.6063699722290039,0.2946981787681579,-0.1058279946446418,0.9999942183494568,0.6051243543624878,0.293906420469284,-0.105955570936203,0.9999921917915344,0.6038764119148254,0.293100506067276,-0.1058975905179977,0.999993622303009,0.6064603328704834,0.2948348820209503,-0.1231230720877647,0.999997615814209,0.6054030656814575,0.2944106459617615,-0.1232682690024375,0.9999980926513672,0.6042823195457458,0.2940771877765655,-0.1233318001031875,0.9999987483024596,0.594987690448761,0.2935517728328705,-0.0778387635946273,0.9999940395355223,0.5951003432273865,0.2960230112075805,-0.1559560000896453,0.99999737739563,0.6045127511024475,0.3154858648777008,-0.0936211571097374,0.9999902248382568,0.6044216752052307,0.3155723810195923,-0.11715779453516,0.9999951720237732,0.574576199054718,0.3446036875247955,-0.0066175330430269,0.9999825358390808,0.5880517959594727,0.3727106750011444,-0.1806772351264953,0.9999983310699464,0.5687618255615234,0.4313241243362427,0.0594030134379863,0.0152400294318795,0.5875996947288513,0.461039274930954,-0.1899146288633346,0.998258650302887,0.5860742330551147,0.4750948846340179,0.0753023326396942,0.0071867238730192,0.5950841903686523,0.5366717576980591,-0.1646926403045654,0.9877833127975464,0.5880911946296692,0.4938727021217346,0.0799250230193138,0.0130831180140376,0.5924486517906189,0.5552206635475159,-0.1826662421226501,0.9663325548171996,0.5893599390983582,0.4915714859962463,0.0616607032716274,0.0133217591792345,0.5945650339126587,0.5565942525863647,-0.1827381551265716,0.9627501368522644,0.5920048952102661,0.4914789199829101,0.068174809217453,0.0144815919920802,0.5953872799873352,0.5491213798522949,-0.1643123775720596,0.9233307242393494,0.5692200064659119,0.4893745183944702,0.0576865077018737,0.9999974966049194,0.5796114802360535,0.5013651251792908,-0.057778988033533,0.9999992847442628,0.5818098187446594,0.5734556317329407,0.1843386590480804,0.7646811604499817,0.5906879305839539,0.5825687646865845,0.0686732977628707,0.9819918870925904,0.5565668344497681,0.643035352230072,0.3061993718147278,0.928730010986328,0.5691297650337219,0.6648967266082764,0.172939583659172,0.990421175956726,0.5500503182411194,0.6582658290863037,0.3163387179374695,0.9372581839561462,0.5603035092353821,0.6760377287864685,0.1823460012674331,0.9591989517211914,0.5770727396011353,0.6610690355300903,0.3012194037437439,0.918541669845581,0.5881120562553406,0.6829354166984558,0.1521570384502411,0.9716094136238098
0.6121427416801453,0.3092626929283142,-0.1108595058321952,0.9999958872795104,0.6092147827148438,0.2982290387153625,-0.1079498901963234,0.9999943971633912,0.6079066395759583,0.2974224090576172,-0.1080850064754486,0.9999924302101136,0.6066603064537048,0.2966322302818298,-0.1080354750156402,0.999993860721588,0.6094586849212646,0.2986415922641754,-0.1258940994739532,0.9999977350234984,0.6084491014480591,0.2983662486076355,-0.1260352730751037,0.9999982118606568,0.6074100136756897,0.2982012331485748,-0.126100406050682,0.9999988079071044,0.598318874835968,0.2975083291530609,-0.0800296366214752,0.9999943375587464,0.5986635684967041,0.3004009425640106,-0.1613405346870422,0.9999974966049194,0.6076840758323669,0.3183397650718689,-0.0958771854639053,0.999990701675415,0.6077243685722351,0.3183880746364593,-0.1202321276068687,0.9999954700469972,0.5783045887947083,0.3474024534225464,-0.0066676749847829,0.9999831914901732,0.5898659825325012,0.3754057884216308,-0.187993586063385,0.9999983906745912,0.5743018984794617,0.4377992153167724,0.0664652734994888,0.0170618314296007,0.5899443030357361,0.4662512540817261,-0.1986874490976333,0.9983370900154114,0.5951635241508484,0.4783462584018707,0.0878302529454231,0.0080393375828862,0.5976104736328125,0.5422664880752563,-0.1751951426267624,0.9882840514183044,0.5971770882606506,0.4952079057693481,0.0936812981963157,0.0143282739445567,0.594942033290863,0.5621060132980347,-0.1942608505487442,0.9676655530929564,0.59914231300354,0.493673026561737,0.073889747262001,0.0146907297894358,0.5980827212333679,0.5622342228889465,-0.1940118968486786,0.9642672538757324,0.598422646522522,0.4921030700206756,0.080217145383358,0.0161033291369676,0.5987482070922852,0.5540624856948853,-0.1747740805149078,0.9262591600418092,0.5708889365196228,0.4946942925453186,0.0598051659762859,0.999997615814209,0.5795853137969971,0.5057253241539001,-0.0598864667117595,0.9999992847442628,0.5848988890647888,0.575469970703125,0.1931948959827423,0.7735766172409058,0.5952727198600769,0.5838073492050171,0.0704792067408561,0.983228325843811,0.5588534474372864,0.6442516446113586,0.3211948275566101,0.9318140149116516,0.5701741576194763,0.6649050712585449,0.191217228770256,0.9910928606987,0.5515309572219849,0.6584983468055725,0.3319332003593445,0.9395513534545898,0.5611568093299866,0.6762195825576782,0.2022351622581482,0.961572289466858,0.5786684155464172,0.6622949838638306,0.3166694343090057,0.922046422958374,0.5897765755653381,0.6834540367126465,0.1739528924226761,0.9734503626823424
0.6149875521659851,0.3153135478496551,-0.1016834005713462,0.9999955892562866,0.6124122738838196,0.3042446970939636,-0.0987163111567497,0.9999938011169434,0.6110626459121704,0.3033413887023926,-0.0988634005188942,0.9999916553497314,0.6097933650016785,0.3024849593639374,-0.0988290160894393,0.99999338388443,0.6129943132400513,0.304708868265152,-0.1174307614564895,0.9999975562095642,0.612218976020813,0.304397851228714,-0.1175659969449043,0.9999980926513672,0.6114570498466492,0.304183155298233,-0.1176355183124542,0.9999987483024596,0.6022335886955261,0.3023250997066498,-0.0707822814583778,0.9999940991401672,0.6038457155227661,0.3054069280624389,-0.1553059071302414,0.9999973177909852,0.6102275848388672,0.3231242895126343,-0.0866400375962257,0.9999905228614808,0.6105091571807861,0.3229553401470184,-0.1118985190987587,0.9999954700469972,0.5851537585258484,0.349871963262558,0.0060977954417467,0.999983847141266,0.5898219347000122,0.3750962913036346,-0.1861932128667831,0.9999984502792358,0.5875328183174133,0.4375686347484588,0.0837431624531745,0.0266655273735523,0.5913922190666199,0.4663944244384765,-0.1994073987007141,0.9984546303749084,0.607132613658905,0.4786770939826965,0.1021029576659202,0.0175878293812274,0.6006410121917725,0.5463479161262512,-0.1864874511957168,0.989281952381134,0.6103283166885376,0.4967197477817535,0.1075266376137733,0.0261623598635196,0.5991083383560181,0.5678908228874207,-0.2081825882196426,0.9703429937362672,0.6115391254425049,0.4966197907924652,0.0867414250969886,0.0273182224482297,0.6031690239906311,0.5685089826583862,-0.2081040740013122,0.9672560691833496,0.6098114252090454,0.4922069907188415,0.093930460512638,0.0294207707047462,0.6033247709274292,0.5598962903022766,-0.1863766014575958,0.9322661757469176,0.5739553570747375,0.5002806782722473,0.0619737356901168,0.9999975562095642,0.5789499878883362,0.5102524161338806,-0.0620519928634166,0.9999992847442628,0.5900792479515076,0.5779845714569092,0.1981042921543121,0.7736843824386597,0.6007880568504333,0.5882366299629211,0.0671517103910446,0.983912467956543,0.5600966811180115,0.6464129686355591,0.3320199251174927,0.931851089000702,0.5708472728729248,0.6645693182945251,0.1999681890010833,0.9912787079811096,0.5522779226303101,0.6590799689292908,0.3433324694633484,0.9398121237754822,0.5611402988433838,0.6761893033981323,0.2128043621778488,0.9623908996582032,0.5798599123954773,0.66544109582901,0.3293712437152862,0.9229408502578736,0.5891276001930237,0.6833385825157166,0.1890988498926162,0.9741791486740112
0.6203120350837708,0.324614942073822,-0.120703138411045,0.9999951720237732,0.6173612475395203,0.3129385113716125,-0.116312950849533,0.9999931454658508,0.6159937381744385,0.3119095861911773,-0.1164653375744819,0.9999908804893494,0.6146714091300964,0.3109888732433319,-0.1164331585168838,0.9999929070472716,0.6177312135696411,0.3134382367134094,-0.1353250294923782,0.9999973177909852,0.6168332695960999,0.3130497336387634,-0.1354741603136062,0.9999979138374328,0.6159445643424988,0.312773734331131,-0.1355455666780471,0.9999986290931702,0.606941282749176,0.3101691007614136,-0.0824614763259887,0.9999937415122986,0.6080761551856995,0.3130986094474792,-0.1685367971658706,0.9999969601631165,0.6151952743530273,0.3318130075931549,-0.1040902212262153,0.9999901056289672,0.6153537034988403,0.3319808542728424,-0.1297336965799331,0.9999952912330629,0.5934467315673828,0.3552843332290649,0.0054614013060927,0.999984622001648,0.5917127132415771,0.3815594315528869,-0.1989702731370926,0.9999984502792358,0.5970470905303955,0.4371445178985595,0.0740250796079635,0.0329947210848331,0.5931851267814636,0.470798134803772,-0.2165745049715042,0.9984945058822632,0.613715410232544,0.4819686412811279,0.0860540121793747,0.0338216461241245,0.6046323180198669,0.5520268082618713,-0.2085235118865966,0.989970564842224,0.6176974177360535,0.5024954676628113,0.091546818614006,0.0440917052328586,0.6032718420028687,0.5749332904815674,-0.2305858582258224,0.9720916748046876,0.6188368201255798,0.5039581060409546,0.0701100155711174,0.046508926898241,0.6076330542564392,0.5766030550003052,-0.2311534285545349,0.9692640900611876,0.616897702217102,0.4979495704174042,0.0776766240596771,0.0483558923006057,0.6080963611602783,0.566983699798584,-0.2086248397827148,0.9360533952713012,0.5788775682449341,0.5003355741500854,0.0627041757106781,0.999997079372406,0.5786365866661072,0.5114659667015076,-0.062771089375019,0.9999990463256836,0.5989812016487122,0.5775123834609985,0.1609546989202499,0.7305818796157837,0.6051299571990967,0.5908930897712708,0.0156682599335908,0.978682816028595,0.5624822974205017,0.6462823152542114,0.2701622545719147,0.8930378556251526,0.5709561109542847,0.6641470193862915,0.133092775940895,0.9851481914520264,0.5532081127166748,0.65875244140625,0.2789447605609894,0.9118342995643616,0.5604611039161682,0.6746151447296143,0.1440774053335189,0.946686625480652,0.5800140500068665,0.6668787002563477,0.2642043828964233,0.8922712802886963,0.5890263915061951,0.6838217377662659,0.1213724762201309,0.9651925563812256
0.6242082715034485,0.3347068727016449,-0.140799731016159,0.9999954700469972,0.6209891438484192,0.322349339723587,-0.136730670928955,0.999993622303009,0.6197587847709656,0.3211765885353088,-0.1368855386972427,0.9999914765357972,0.6185691356658936,0.3201296627521515,-0.1368574202060699,0.9999934434890748,0.621303141117096,0.32337087392807,-0.1555564999580383,0.9999974966049194,0.6204473376274109,0.3232158422470093,-0.1557078063488006,0.9999980330467224,0.6196020841598511,0.3231839537620544,-0.1557730287313461,0.9999987483024596,0.6110987067222595,0.3203504681587219,-0.103102870285511,0.9999942183494568,0.6122425198554993,0.3246786892414093,-0.1885779500007629,0.999997079372406,0.6191566586494446,0.3418387174606323,-0.1243740245699882,0.9999908208847046,0.6188889741897583,0.3421027660369873,-0.1498320251703262,0.9999956488609314,0.5929821133613586,0.3648528456687927,-0.0173092726618051,0.9999858140945436,0.5970491766929626,0.3945826590061188,-0.2158753126859665,0.9999985098838806,0.5987519025802612,0.443718671798706,0.0718053802847862,0.0440026633441448,0.5976572036743164,0.4810652434825897,-0.2320248186588287,0.9984812140464784,0.6185216307640076,0.4931684732437134,0.0786924287676811,0.0555352680385112,0.60819411277771,0.5602957606315613,-0.2239314615726471,0.9904794692993164,0.6223352551460266,0.5116232633590698,0.0841818153858184,0.0669154375791549,0.6070494055747986,0.58533775806427,-0.2462343424558639,0.9733585119247437,0.6229965686798096,0.5147736072540283,0.0627882033586502,0.0704265460371971,0.6115692257881165,0.584905743598938,-0.2481388598680496,0.9707425832748412,0.6211076974868774,0.5086459517478943,0.0704372376203537,0.0718388259410858,0.6120133996009827,0.575964629650116,-0.2245345562696457,0.9387683272361756,0.5774524807929993,0.5055099725723267,0.0633029416203498,0.9999969601631165,0.5788404941558838,0.5184319019317627,-0.0633696168661117,0.999998927116394,0.6000519394874573,0.5769327282905579,0.1622610092163086,0.7025046944618225,0.6094974279403687,0.5941051244735718,-0.0054473518393933,0.976511776447296,0.561835527420044,0.6456682085990906,0.270040899515152,0.8660489916801453,0.5720930099487305,0.6626009941101074,0.1245259121060371,0.980673849582672,0.5528308153152466,0.6582116484642029,0.2788071632385254,0.8939638733863831,0.5606229305267334,0.6719556450843811,0.1373121738433838,0.9366840720176696,0.5791019201278687,0.6674791574478149,0.2683843374252319,0.8706449866294861,0.5909005999565125,0.6872103810310364,0.1224401518702507,0.9591689109802246
0.6288295388221741,0.3459828197956085,-0.1408699005842209,0.999995768070221,0.6254419684410095,0.3342998623847961,-0.135413110256195,0.9999940991401672,0.624008059501648,0.3336157202720642,-0.1355879157781601,0.9999921321868896,0.6226534247398376,0.3331417441368103,-0.135574996471405,0.9999939799308776,0.6261232495307922,0.3350536823272705,-0.154807835817337,0.9999976754188538,0.6253025531768799,0.3350975513458252,-0.1549534052610397,0.999998152256012,0.6244442462921143,0.335283875465393,-0.155030146241188,0.9999988079071044,0.6149036288261414,0.334909975528717,-0.098905324935913,0.999994695186615,0.616764485836029,0.337640106678009,-0.1868643015623092,0.9999972581863404,0.6236581802368164,0.353996217250824,-0.1237760409712791,0.999991536140442,0.6237987279891968,0.3544563353061676,-0.1500448584556579,0.9999959468841552,0.5984144806861877,0.3854102790355682,-0.0171547252684831,0.9999870657920836,0.5987867712974548,0.4120033383369446,-0.2140212208032608,0.9999986290931702,0.6066120266914368,0.4575199782848358,0.0816350877285003,0.0643838793039321,0.6010665893554688,0.5007265210151672,-0.2322488129138946,0.9985678791999816,0.6237049102783203,0.5059350728988647,0.1209259033203125,0.0957633554935455,0.6139397025108337,0.5798666477203369,-0.2356777936220169,0.9912931323051452,0.6260948181152344,0.5241288542747498,0.1303007155656814,0.1034944057464599,0.6129804253578186,0.6039279103279114,-0.2607359588146209,0.9755420088768004,0.626183271408081,0.5267887711524963,0.1075773388147354,0.1085600033402443,0.6165657639503479,0.6030594110488892,-0.2630033791065216,0.9731785655021667,0.6248342990875244,0.522537112236023,0.1131087988615036,0.107825718820095,0.6168087720870972,0.5940927863121033,-0.2369785755872726,0.9436705112457277,0.5789858102798462,0.515766441822052,0.0635190457105636,0.9999968409538268,0.579217255115509,0.5356188416481018,-0.0635495483875274,0.9999988079071044,0.6011428236961365,0.5782703161239624,0.1862775236368179,0.6495603322982788,0.6143096089363098,0.5994958281517029,-0.0129948668181896,0.9726686477661132,0.5647322535514832,0.6452195048332214,0.3155704438686371,0.8177874684333801,0.5743610262870789,0.6627342104911804,0.1390135139226913,0.9718030095100404,0.5543926954269409,0.6568402647972107,0.326592355966568,0.8622557520866394,0.5633427500724792,0.6708042621612549,0.1541129201650619,0.9233781695365906,0.5770937204360962,0.6708710193634033,0.3244994878768921,0.8381549119949341,0.5939674973487854,0.6926950812339783,0.138346180319786,0.9503431916236876
0.6343134641647339,0.3621043264865875,-0.1774561405181884,0.9999961853027344,0.6313899755477905,0.3521542847156524,-0.1713377684354782,0.999994695186615,0.6299470663070679,0.3519263565540313,-0.1715232729911804,0.9999929070472716,0.62835294008255,0.3517130017280578,-0.1715041846036911,0.9999945759773254,0.6317542791366577,0.352470189332962,-0.1916416138410568,0.9999979138374328,0.6307819485664368,0.3526879847049713,-0.1917790025472641,0.9999983310699464,0.629520833492279,0.353036880493164,-0.1918456852436065,0.999998927116394,0.6197888851165771,0.3526573479175567,-0.1286031305789947,0.999995231628418,0.6204565763473511,0.3554806709289551,-0.2208870351314544,0.9999974966049194,0.6290770769119263,0.3704309165477752,-0.1579512804746627,0.9999923706054688,0.6290775537490845,0.3707756698131561,-0.1854359656572342,0.9999963641166688,0.6044737696647644,0.398292988538742,-0.0395292192697525,0.999988317489624,0.6004152297973633,0.4293609857559204,-0.2436137497425079,0.9999987483024596,0.6134470701217651,0.4689081609249115,0.054809708148241,0.1233313977718353,0.605472207069397,0.5220419764518738,-0.261938065290451,0.9986947178840636,0.6292183995246887,0.524338960647583,0.073207251727581,0.1737458854913711,0.617746889591217,0.6009061336517334,-0.2678155303001404,0.99213707447052,0.6310775279998779,0.5418515205383301,0.0779720172286033,0.1786243319511413,0.618789553642273,0.6234485507011414,-0.296752780675888,0.977888822555542,0.6308164596557617,0.5442403554916382,0.0516503453254699,0.1842000633478164,0.6232516765594482,0.6220877170562744,-0.2998345494270324,0.975759983062744,0.6292343139648438,0.5405723452568054,0.063505582511425,0.1815557777881622,0.622912585735321,0.615652322769165,-0.2696433365345001,0.9490292072296144,0.5816063284873962,0.518168568611145,0.065206341445446,0.9999970197677612,0.5788890719413757,0.5406242609024048,-0.0652063265442848,0.9999988079071044,0.6059080958366394,0.5823211669921875,0.1907784789800644,0.632692277431488,0.6123319864273071,0.6088138222694397,-0.0274029877036809,0.9741360545158386,0.5651220679283142,0.6444715857505798,0.3346731066703796,0.8020022511482239,0.5835884213447571,0.6718555092811584,0.1404107213020324,0.9717952013015748,0.5547361373901367,0.6536198854446411,0.3471097946166992,0.8533385396003723,0.5735994577407837,0.6774924397468567,0.1572918891906738,0.9243086576461792,0.5772219896316528,0.6689155697822571,0.3443121314048767,0.8341276049613953,0.602587103843689,0.7035180926322937,0.1437065303325653,0.9518487453460692
0.6367667317390442,0.3790261447429657,-0.1998436748981475,0.999996542930603,0.6334201693534851,0.3698806166648865,-0.1949776113033294,0.999995231628418,0.6322821974754333,0.3698094487190246,-0.1951768547296524,0.999993622303009,0.6312133073806763,0.3697719275951385,-0.1951639950275421,0.9999951124191284,0.6335722804069519,0.37061408162117,-0.2145413905382156,0.999998152256012,0.6325649619102478,0.3711765110492706,-0.2146692723035812,0.9999985098838806,0.6315507292747498,0.3718204796314239,-0.2147359251976013,0.9999990463256836,0.6237300634384155,0.3719317615032196,-0.1557127982378006,0.9999957084655762,0.6237272024154663,0.3757098913192749,-0.2446837127208709,0.9999977350234984,0.6323693990707397,0.3888477683067322,-0.1814238280057907,0.9999931454658508,0.6322430372238159,0.389631450176239,-0.2079733163118362,0.9999967217445374,0.6076146960258484,0.4162606298923492,-0.0685862302780151,0.9999894499778748,0.6028998494148254,0.451676070690155,-0.2580236196517944,0.9999988675117492,0.6172905564308167,0.4803313612937927,0.0471716523170471,0.1960987299680709,0.6093541979789734,0.5390287637710571,-0.2767352163791656,0.9988068342208862,0.6342356204986572,0.5372335314750671,0.0912541821599006,0.2493096739053726,0.6222217082977295,0.6147188544273376,-0.2929614782333374,0.9928929805755616,0.6370235681533813,0.5555106401443481,0.1002222970128059,0.250387042760849,0.6224555373191833,0.6382456421852112,-0.3238513171672821,0.9799875020980836,0.6371819972991943,0.5589718818664551,0.0725387036800384,0.2561468780040741,0.6262437701225281,0.6382097601890564,-0.327941745519638,0.9780668020248412,0.6352078318595886,0.5546759963035583,0.0821723639965057,0.2527109384536743,0.6262035369873047,0.6319377422332764,-0.2958647310733795,0.9538381099700928,0.5801528692245483,0.5279492735862732,0.0646659806370735,0.9999972581863404,0.578625500202179,0.5532391667366028,-0.0647018551826477,0.9999988675117492,0.6050776839256287,0.5873918533325195,0.2251761555671692,0.640156090259552,0.6126806735992432,0.6168535351753235,-5.832068927702494e-05,0.9761539697647096,0.5662047266960144,0.6437775492668152,0.397288829088211,0.8022003173828125,0.5910247564315796,0.6840354800224304,0.1756744980812072,0.9737327694892884,0.5545147061347961,0.651232898235321,0.4125690460205078,0.8519068956375122,0.5809575915336609,0.6893193125724792,0.19412662088871,0.9289118647575378,0.5771401524543762,0.6664483547210693,0.4144714176654815,0.8388546705245972,0.6093211770057678,0.7074257731437683,0.1879421770572662,0.9553495049476624
0.6364167332649231,0.4043481349945068,-0.2008720934391021,0.9999969005584716,0.634013831615448,0.3948968052864074,-0.1967909485101699,0.9999957084655762,0.6329450011253357,0.394059956073761,-0.196975752711296,0.9999942779541016,0.6319072842597961,0.3932647705078125,-0.1969629228115081,0.9999955892562866,0.6344549655914307,0.3966357111930847,-0.2173321843147277,0.9999983310699464,0.6337653994560242,0.397087424993515,-0.2174552232027053,0.9999986886978148,0.6331444978713989,0.3976007401943207,-0.2175155133008957,0.9999991655349731,0.6248363256454468,0.3940335512161255,-0.1598404049873352,0.9999961256980896,0.6273097991943359,0.4007556736469269,-0.2536968886852264,0.9999979734420776,0.6314927339553833,0.4130266904830932,-0.1830368489027023,0.999993860721588,0.6319442987442017,0.4137173593044281,-0.2109560072422027,0.999997079372406,0.6070806384086609,0.4296567142009735,-0.070840947329998,0.999990463256836,0.6068861484527588,0.4693869948387146,-0.2726113498210907,0.9999989867210388,0.6207088232040405,0.4985821843147278,0.0341132134199142,0.2698232233524322,0.6142975687980652,0.5563570857048035,-0.2985280454158783,0.9988988041877748,0.6369974613189697,0.5557222962379456,0.0626828595995903,0.3223487436771393,0.6261523962020874,0.6307874321937561,-0.3193076848983764,0.9935581684112548,0.6407083868980408,0.5734635591506958,0.0681888982653617,0.3218646049499511,0.6274147033691406,0.6574700474739075,-0.3535202145576477,0.9818228483200072,0.6407637000083923,0.5768626928329468,0.0385409705340862,0.3273099362850189,0.6305062770843506,0.6572454571723938,-0.3559001088142395,0.980076253414154,0.6386955976486206,0.5721638798713684,0.0519748739898204,0.323661744594574,0.6297483444213867,0.6485863924026489,-0.3217125535011291,0.957933783531189,0.5791958570480347,0.5372617244720459,0.0668761283159256,0.9999974966049194,0.5779188275337219,0.5657306909561157,-0.0668649896979332,0.999998927116394,0.6030972599983215,0.5977123975753784,0.2314102053642273,0.6525710821151733,0.6164191961288452,0.6180459260940552,-0.009025439620018,0.9782313108444214,0.5664675235748291,0.6437289714813232,0.403943806886673,0.8106881976127625,0.5914204716682434,0.6877440810203552,0.1598791480064392,0.9758155345916748,0.5543764233589172,0.6501997113227844,0.419285237789154,0.8561459183692932,0.5813605189323425,0.6928870677947998,0.1792167276144027,0.9335315227508544,0.5770744681358337,0.6613208651542664,0.419598788022995,0.8450210094451904,0.6094664335250854,0.7071077227592468,0.1836316883563995,0.9587620496749878
0.638104259967804,0.4260022938251495,-0.1522011756896972,0.9999971985816956,0.6357803344726562,0.4163183569908142,-0.1499648839235305,0.9999961256980896,0.6346899271011353,0.415287047624588,-0.1501364558935165,0.9999948740005492,0.6336449384689331,0.4143449962139129,-0.1501304507255554,0.9999960064888,0.6367213129997253,0.4185161590576172,-0.1711820513010025,0.9999985098838806,0.6363726258277893,0.4191008508205414,-0.1712854951620102,0.9999988079071044,0.6361364126205444,0.4197470247745514,-0.1713122874498367,0.999999225139618,0.6268150210380554,0.415816456079483,-0.1304075270891189,0.999996542930603,0.6311763525009155,0.4239008724689483,-0.2431162297725677,0.999998152256012,0.6323925256729126,0.4340526759624481,-0.1396496295928955,0.999994456768036,0.6335359811782837,0.4350223839282989,-0.1687888354063034,0.99999737739563,0.604827344417572,0.4474684000015259,-0.0488804765045642,0.9999914169311525,0.6100190281867981,0.4858750402927398,-0.2442007660865783,0.9999990463256836,0.6205195188522339,0.5124980807304382,0.0628057271242141,0.3300306797027588,0.6178525686264038,0.5740386247634888,-0.2681737840175628,0.9989792704582214,0.6381493210792542,0.5733920335769653,0.0956477150321006,0.3860222697257995,0.629063069820404,0.6502593159675598,-0.2784966230392456,0.9941534996032716,0.6419368982315063,0.5909952521324158,0.1029087752103805,0.3836597800254822,0.6291550993919373,0.6754348874092102,-0.3093834817409515,0.9834621548652648,0.6417693495750427,0.5939341187477112,0.0754799768328666,0.3889514505863189,0.6332817077636719,0.6753367185592651,-0.310180515050888,0.981865406036377,0.6398131251335144,0.5886936783790588,0.0857239663600921,0.3846425712108612,0.6333003640174866,0.6672967076301575,-0.2799452543258667,0.9616616368293762,0.5755428075790405,0.5507369041442871,0.0677016228437423,0.9999976754188538,0.5757625699043274,0.5781172513961792,-0.0676944106817245,0.9999989867210388,0.6061766147613525,0.6030735373497009,0.2278317660093307,0.6740383505821228,0.6173678636550903,0.6212763786315918,0.011201849207282,0.9797394871711732,0.5661666393280029,0.6417006850242615,0.3757372796535492,0.8208742141723633,0.5926527380943298,0.688180148601532,0.1967941671609878,0.9765692353248596,0.5542145371437073,0.6467368602752686,0.3888883292675018,0.8634205460548401,0.5830271244049072,0.696273922920227,0.2154128551483154,0.9363986849784852,0.5755749344825745,0.659086287021637,0.3908924460411072,0.8513200879096985,0.6117897033691406,0.705003559589386,0.215860366821289,0.9594706892967224
0.6409805417060852,0.4424906373023987,-0.133700430393219,0.9999974966049194,0.6390549540519714,0.4335901439189911,-0.1313555538654327,0.999996542930603,0.6379652619361877,0.4326817095279693,-0.131509318947792,0.9999954104423524,0.6368744373321533,0.4317738115787506,-0.1315018981695175,0.9999964237213136,0.6398023366928101,0.4355447590351105,-0.1514816284179687,0.9999986886978148,0.6394076943397522,0.436099499464035,-0.1515912562608719,0.999998927116394,0.6391170024871826,0.4366872608661651,-0.1516263037919998,0.9999992847442628,0.6303922533988953,0.4325184226036072,-0.1090122386813163,0.9999969005584716,0.6343950629234314,0.4397208094596863,-0.2060339003801345,0.9999983310699464,0.6351208090782166,0.4506223499774933,-0.1209045574069023,0.9999949932098388,0.6364138722419739,0.4514501988887787,-0.1481962502002716,0.999997615814209,0.6066074371337891,0.4630102217197418,-0.0314390026032924,0.9999922513961792,0.6121427416801453,0.5056793093681335,-0.2419678419828415,0.9999991059303284,0.6225401759147644,0.5288130044937134,0.0650982931256294,0.3848496079444885,0.6193681359291077,0.594188928604126,-0.2577894032001495,0.9990416169166564,0.6403892636299133,0.5910851359367371,0.09097870439291,0.4428840279579162,0.6305016279220581,0.6700228452682495,-0.2594070136547088,0.9946905970573424,0.6435169577598572,0.6089144945144653,0.0965795889496803,0.4387689530849457,0.6300424337387085,0.6925088167190552,-0.288373202085495,0.984970211982727,0.6437522172927856,0.6135348677635193,0.0704265087842941,0.4439179599285126,0.6349683403968811,0.691956102848053,-0.288779616355896,0.983505368232727,0.6413607001304626,0.6063588857650757,0.0810928270220756,0.4389235973358154,0.6351515054702759,0.6856119632720947,-0.2606153190135956,0.9651147723197936,0.5712836980819702,0.5630534887313843,0.0672225952148437,0.999997854232788,0.5741164684295654,0.5912153720855713,-0.0672275945544242,0.9999990463256836,0.6058229804039001,0.5977715849876404,0.2439871728420257,0.6976604461669922,0.6181045174598694,0.6259188652038574,0.05031194165349,0.9810417890548706,0.5669364929199219,0.6381884813308716,0.3958688676357269,0.8317732214927673,0.5916003584861755,0.6893774271011353,0.2449073940515518,0.9769358038902284,0.5546618103981018,0.6416714191436768,0.4095176160335541,0.8706857562065125,0.5828309655189514,0.6975420713424683,0.2645652890205383,0.9388996958732604,0.5752295851707458,0.6537623405456543,0.413595050573349,0.8585067987442017,0.6097383499145508,0.7042983174324036,0.2670038938522339,0.9600384831428528
0.6379783153533936,0.461576759815216,-0.105678766965866,0.9999977350234984,0.6361187100410461,0.4531884789466858,-0.1061784699559211,0.9999969005584716,0.6347349882125854,0.4519869089126587,-0.1063118129968643,0.9999958276748656,0.6333884596824646,0.4508726596832275,-0.1063027828931808,0.999996781349182,0.638456404209137,0.4564807415008545,-0.1237145438790321,0.9999988079071044,0.6386617422103882,0.4574851095676422,-0.1238389164209365,0.9999990463256836,0.6388968825340271,0.4583748281002044,-0.1238806545734405,0.9999993443489076,0.6281239986419678,0.4544648826122284,-0.0955509915947914,0.9999971985816956,0.6357196569442749,0.462555468082428,-0.1759644895792007,0.9999985098838806,0.6324880123138428,0.4683371484279632,-0.0975049957633018,0.9999954700469972,0.6350873708724976,0.4712025225162506,-0.1213156729936599,0.999997854232788,0.6063435077667236,0.478220671415329,-0.0258011817932128,0.9999930262565612,0.6149770021438599,0.5259494185447693,-0.2170581221580505,0.9999991655349731,0.6183601021766663,0.5403807163238525,0.063053548336029,0.4388986527919769,0.620887041091919,0.6138415336608887,-0.2253990620374679,0.9990956783294678,0.6410136818885803,0.6076130867004395,0.0878763347864151,0.4947825074195862,0.6312243342399597,0.6880396008491516,-0.2137797772884369,0.995190978050232,0.645271360874176,0.6242831945419312,0.093510627746582,0.4897413849830627,0.6299831867218018,0.709976077079773,-0.2414896786212921,0.986372709274292,0.644335925579071,0.6279702186584473,0.068122886121273,0.4946946799755096,0.6352899074554443,0.7096952795982361,-0.2401746362447738,0.9850361943244934,0.6421239972114563,0.622478187084198,0.0783156231045723,0.4896585345268249,0.6358034610748291,0.7029566764831543,-0.2138808518648147,0.9683131575584412,0.5695661306381226,0.5736625790596008,0.0656161606311798,0.9999980330467224,0.5730435252189636,0.6032134890556335,-0.0656727105379104,0.9999991059303284,0.6070568561553955,0.6098410487174988,0.2303000092506408,0.7187710404396057,0.6192187070846558,0.6317224502563477,0.0569407269358634,0.982265830039978,0.5673767328262329,0.6365607976913452,0.3751615285873413,0.8283452391624451,0.5925334692001343,0.6886031031608582,0.2490289360284805,0.9760785102844238,0.5552123188972473,0.6386278867721558,0.3886830508708954,0.8658932447433472,0.5821972489356995,0.695436418056488,0.2692292034626007,0.9384995698928832,0.5749209523200989,0.6510135531425476,0.4005374908447265,0.8494697213172913,0.6077939867973328,0.7030776143074036,0.2828472554683685,0.9575642943382264
0.6378589868545532,0.4776350259780884,-0.1170632541179657,0.9999979734420776,0.6364575624465942,0.4706996381282806,-0.131699338555336,0.9999971985816956,0.6352077722549438,0.4693590700626373,-0.1318128257989883,0.9999962449073792,0.6339691281318665,0.4679906070232391,-0.1318455636501312,0.999997079372406,0.6387768983840942,0.4749690890312195,-0.1427423954010009,0.999998927116394,0.6389938592910767,0.4766685664653778,-0.1428058445453643,0.9999991655349731,0.6391727924346924,0.4783520102500915,-0.1428209394216537,0.9999994039535522,0.6294330954551697,0.4705873131752014,-0.1311947554349899,0.9999974966049194,0.6357077360153198,0.4833875894546509,-0.2026012390851974,0.9999986886978148,0.6320455074310303,0.4819819033145904,-0.1242494955658912,0.9999959468841552,0.6349247694015503,0.4865359365940094,-0.1417805403470993,0.9999980926513672,0.6079751253128052,0.4780431091785431,-0.0624132864177227,0.9999937415122986,0.6155111789703369,0.5387018322944641,-0.2363607585430145,0.999999225139618,0.6219894289970398,0.5487464666366577,0.0134763577952981,0.4917217195034027,0.6200343370437622,0.6297371983528137,-0.251777708530426,0.9991365075111388,0.6409952640533447,0.6227774620056152,0.032891921699047,0.5444839000701904,0.6297187805175781,0.7061048746109009,-0.2564826607704162,0.9956591725349426,0.6453657746315002,0.6423351764678955,0.0355372056365013,0.5394279360771179,0.6287040114402771,0.7280537486076355,-0.2878254652023315,0.9876925349235536,0.6454660296440125,0.6477219462394714,0.0098525173962116,0.5439324975013733,0.6335501074790955,0.7274812459945679,-0.2874852120876312,0.986483871936798,0.6426907777786255,0.6412951946258545,0.0231770351529121,0.5390494465827942,0.6340934038162231,0.7207919359207153,-0.2574179470539093,0.9713379740715028,0.5690920948982239,0.5745893120765686,0.0615414828062057,0.999998152256012,0.5727196335792542,0.60459303855896,-0.0616446174681186,0.9999991655349731,0.6081750392913818,0.6055586934089661,0.222084492444992,0.7378963232040405,0.6212970614433289,0.6321694254875183,0.0350281186401844,0.9834865927696228,0.5689184069633484,0.6308249831199646,0.3633103966712951,0.8362615704536438,0.5932619571685791,0.6893414258956909,0.2224574387073516,0.97571462392807,0.557147741317749,0.6321961879730225,0.3776273429393768,0.8703815937042236,0.5840675830841064,0.6950486302375793,0.2426392138004303,0.937369167804718,0.5749886631965637,0.6471959948539734,0.385946124792099,0.8538504838943481,0.6092745065689087,0.702684223651886,0.2521107494831085,0.9572925567626952
0.6502286791801453,0.4983043670654297,-0.2235985547304153,0.999998152256012,0.6484325528144836,0.4908427000045776,-0.218994602560997,0.9999974966049194,0.6477091908454895,0.4895268082618713,-0.2191408425569534,0.9999966025352478,0.6469628810882568,0.4880783557891845,-0.219126358628273,0.99999737739563,0.6479066610336304,0.4944665431976318,-0.2380585372447967,0.9999990463256836,0.6467689275741577,0.4961024522781372,-0.238148495554924,0.999999225139618,0.6456431746482849,0.4977595508098602,-0.2381836473941803,0.999999463558197,0.6393734216690063,0.4875382483005523,-0.1790361851453781,0.9999977350234984,0.6390788555145264,0.500611424446106,-0.2666848599910736,0.9999988079071044,0.6456766128540039,0.5032615661621094,-0.2052327245473861,0.9999963641166688,0.644488513469696,0.5068362355232239,-0.2312062829732895,0.9999982714653016,0.6119635701179504,0.4919613897800445,-0.0968333259224891,0.9999943375587464,0.6138389706611633,0.5538758039474487,-0.2773500382900238,0.9999992847442628,0.6269820332527161,0.5605663657188416,-0.0167341008782386,0.5405489802360535,0.6192107796669006,0.6424757242202759,-0.3013895153999328,0.9991976618766784,0.64190673828125,0.6357794404029846,-0.0086635882034897,0.589635968208313,0.6285287737846375,0.7214086651802063,-0.3134848177433014,0.9960679411888124,0.645768940448761,0.6582287549972534,-0.0107002388685941,0.5849156379699707,0.6273794770240784,0.7458614110946655,-0.3491727709770202,0.9888464212417604,0.6453946828842163,0.6616441011428833,-0.0375728569924831,0.5890010595321655,0.6318994164466858,0.7447485327720642,-0.3492876589298248,0.9877488017082214,0.6432760953903198,0.6563916802406311,-0.0193127933889627,0.5844709873199463,0.6323305368423462,0.7371472120285034,-0.3150717914104461,0.973961055278778,0.5695785880088806,0.5739250183105469,0.0600342079997062,0.9999982714653016,0.5705040097236633,0.604435384273529,-0.0601200722157955,0.9999991059303284,0.6143717169761658,0.6053300499916077,0.2116433829069137,0.7578719854354858,0.6223116517066956,0.638827919960022,0.0127022508531808,0.984949231147766,0.5693647861480713,0.6266633868217468,0.3746712803840637,0.843120276927948,0.5936420559883118,0.6886000633239746,0.2186841368675232,0.9771804809570312,0.5586279630661011,0.6261963248252869,0.3909028470516205,0.873667299747467,0.584650993347168,0.6943878531455994,0.2405793666839599,0.9403347969055176,0.575124979019165,0.6433172821998596,0.4005622565746307,0.8608325123786926,0.6099427938461304,0.7027016878128052,0.251616507768631,0.9601630568504332
0.6535794734954834,0.51463383436203,-0.2355981618165969,0.9999983310699464,0.651753842830658,0.5065956115722656,-0.2292808592319488,0.9999977350234984,0.6512113809585571,0.5047094821929932,-0.2294296473264694,0.9999969601631165,0.6506459712982178,0.50286465883255,-0.2294088155031204,0.999997615814209,0.6507558822631836,0.5111216306686401,-0.2482842952013015,0.9999991655349731,0.6495155692100525,0.5125761032104492,-0.2483719438314438,0.9999992847442628,0.6482421159744263,0.5139976143836975,-0.2484046965837478,0.9999995231628418,0.6428645849227905,0.5018659830093384,-0.1843428760766983,0.9999979734420776,0.6403780579566956,0.5159249901771545,-0.2706828117370605,0.999998927116394,0.6498622298240662,0.5217424035072327,-0.2154439985752105,0.9999967217445374,0.6485716700553894,0.523558497428894,-0.2411987483501434,0.9999984502792358,0.6207952499389648,0.5095188021659851,-0.0995613858103752,0.999994933605194,0.6122943162918091,0.5664445161819458,-0.2784473001956939,0.9999993443489076,0.6327441930770874,0.5863237380981445,-0.0228970423340797,0.5853179693222046,0.6186702251434326,0.6511787176132202,-0.3000510632991791,0.9992321729660034,0.6425485610961914,0.6513845920562744,-0.0285111591219902,0.6305004954338074,0.6271156668663025,0.7354927062988281,-0.3114574551582336,0.99640291929245,0.6465231776237488,0.6721318364143372,-0.0320832841098308,0.6261652112007141,0.626018762588501,0.7584435343742371,-0.3472050130367279,0.9897924065589904,0.6458691954612732,0.6757623553276062,-0.060169868171215,0.6298702955245972,0.6303912401199341,0.7580006718635559,-0.3465794026851654,0.9887862205505372,0.6430276036262512,0.6704710721969604,-0.0398396737873554,0.6257274746894836,0.6307801604270935,0.7505000233650208,-0.3128498196601867,0.9760587811470032,0.574458122253418,0.5857617259025574,0.0599934831261634,0.9999983310699464,0.570892870426178,0.6162351965904236,-0.0600566379725933,0.9999989867210388,0.6263349056243896,0.6095837354660034,0.1727477014064788,0.7753362655639648,0.6260412335395813,0.6432116627693176,0.0014352238504216,0.9862287044525146,0.5834224820137024,0.6336879730224609,0.3460392951965332,0.8429405689239502,0.5929691195487976,0.6886051893234253,0.2124168425798416,0.9781478047370912,0.5721269249916077,0.6539818048477173,0.3630209863185882,0.8688855171203613,0.5834819078445435,0.6939077377319336,0.2340621799230575,0.9405075907707214,0.590190589427948,0.6702775359153748,0.3708375692367553,0.864861011505127,0.6103301644325256,0.7051483988761902,0.2439609318971634,0.9624322652816772
0.6552124619483948,0.525857150554657,-0.2240105122327804,0.9999985098838806,0.6526331305503845,0.5183035135269165,-0.2172859758138656,0.9999979734420776,0.6521482467651367,0.5169817209243774,-0.2174249291419983,0.9999972581863404,0.6516664028167725,0.5156025886535645,-0.2174143195152282,0.999997854232788,0.651492714881897,0.521606981754303,-0.2353732883930206,0.999999225139618,0.650190532207489,0.5228529572486877,-0.2354641705751419,0.9999993443489076,0.6489161252975464,0.5241214036941528,-0.2354854792356491,0.9999995827674866,0.6439715027809143,0.5143718719482422,-0.1726604849100113,0.999998152256012,0.6415545344352722,0.5274977087974548,-0.2544587552547455,0.9999990463256836,0.6519719958305359,0.5304228663444519,-0.2043809741735458,0.999997079372406,0.6494866609573364,0.5339720845222473,-0.2287856787443161,0.9999986290931702,0.6242623925209045,0.5274757146835327,-0.0907135680317878,0.9999954700469972,0.6144164204597473,0.5796175003051758,-0.2629826664924621,0.9999994039535522,0.6341678500175476,0.6005998253822327,-0.0125601580366492,0.6262184977531433,0.6180883049964905,0.6655458807945251,-0.2811400592327118,0.999296009540558,0.6425766348838806,0.6626095771789551,-0.0123963123187422,0.6673691868782043,0.6269629597663879,0.7460654377937317,-0.2903579771518707,0.9967498183250428,0.6464130878448486,0.6814081072807312,-0.0147029133513569,0.6634190678596497,0.6223269701004028,0.7652734518051147,-0.3241170048713684,0.9907728433609008,0.645599901676178,0.6839748024940491,-0.0426623821258544,0.6667722463607788,0.627612829208374,0.7678092122077942,-0.3234324157238006,0.9898642301559448,0.6429194211959839,0.6795946359634399,-0.0234873108565807,0.663016676902771,0.6286312937736511,0.7609237432479858,-0.2916564345359802,0.978334665298462,0.5799973011016846,0.5918669104576111,0.0579327121376991,0.9999983310699464,0.5707619190216064,0.6205790042877197,-0.057999026030302,0.9999988675117492,0.6331799030303955,0.6185018420219421,0.1034997552633285,0.7952122688293457,0.6267167329788208,0.6478970646858215,0.0041736322455108,0.987413763999939,0.5952279567718506,0.6681195497512817,0.2556490004062652,0.8310028910636902,0.5940110087394714,0.6883850693702698,0.2265873700380325,0.9776608943939208,0.5869378447532654,0.6720761656761169,0.2706176936626434,0.8533685207366943,0.5832487940788269,0.6910293102264404,0.2488708198070526,0.9362773299217224,0.6003902554512024,0.6882469654083252,0.2760317623615265,0.8651320338249207,0.6101862192153931,0.7111696004867554,0.2625482678413391,0.9635671377182008
0.6563228964805603,0.5399624109268188,-0.225362092256546,0.9999986886978148,0.6537898182868958,0.5324889421463013,-0.2185233384370803,0.999998152256012,0.6533101201057434,0.531143844127655,-0.2186573445796966,0.9999975562095642,0.6528353095054626,0.52968430519104,-0.2186458557844162,0.9999980926513672,0.6526122689247131,0.5360120534896851,-0.2379314452409744,0.9999992847442628,0.6512329578399658,0.5373981595039368,-0.2380248606204986,0.9999994039535522,0.649811863899231,0.5388229489326477,-0.2380587756633758,0.9999996423721312,0.6457614898681641,0.5284371972084045,-0.1714556664228439,0.9999983310699464,0.6424885392189026,0.542372465133667,-0.2587718069553375,0.9999991655349731,0.6530194878578186,0.5447158813476562,-0.204718604683876,0.99999737739563,0.6505277752876282,0.5478993058204651,-0.2307896316051483,0.9999987483024596,0.6257516741752625,0.5414378046989441,-0.0863815248012542,0.9999959468841552,0.6136344075202942,0.5950835347175598,-0.2666522860527038,0.999999463558197,0.6358340382575989,0.6123741865158081,-0.0067160064354538,0.6602005362510681,0.6173234581947327,0.6789217591285706,-0.2855738997459411,0.9993402361869812,0.6428669095039368,0.6695191860198975,-0.0051446873694658,0.7001305818557739,0.6228009462356567,0.7499973773956299,-0.2943728566169739,0.9970542788505554,0.6462008953094482,0.6889163255691528,-0.0071330782957375,0.6963870525360107,0.6186410188674927,0.7679484486579895,-0.3296208381652832,0.9916346669197084,0.644828200340271,0.6911118030548096,-0.0356050319969654,0.6995004415512085,0.6245349645614624,0.7702009677886963,-0.327499508857727,0.9908091425895692,0.6425246596336365,0.686177134513855,-0.0165023393929004,0.695984959602356,0.6251458525657654,0.7632889747619629,-0.2952530682086944,0.9803270697593688,0.5802726745605469,0.5998566150665283,0.058326132595539,0.999998152256012,0.5706641674041748,0.6292625665664673,-0.0583977773785591,0.9999985098838806,0.6339637637138367,0.6252096891403198,0.119543120265007,0.7977263927459717,0.6289198398590088,0.6558091044425964,0.03376205265522,0.9867420792579652,0.5998183488845825,0.66965252161026,0.2739385962486267,0.7884455323219299,0.5937878489494324,0.6878601312637329,0.262765496969223,0.9597527384757996,0.5912401080131531,0.6732916831970215,0.2888461351394653,0.8137977123260498,0.5832310914993286,0.6873911619186401,0.2866180539131164,0.9085031151771544,0.5998176336288452,0.6943472027778625,0.2926679253578186,0.8435140252113342,0.6080418229103088,0.709811806678772,0.3038452565670013,0.951319932937622
0.6575267910957336,0.5534800887107849,-0.2176136821508407,0.9999988079071044,0.6555189490318298,0.5475301742553711,-0.2096780389547348,0.9999983310699464,0.6550677418708801,0.5462373495101929,-0.209800511598587,0.9999977946281432,0.6545959711074829,0.544771671295166,-0.2097943425178527,0.9999982714653016,0.65437912940979,0.550853967666626,-0.2293876558542251,0.9999993443489076,0.6530801653862,0.5521482825279236,-0.2294836044311523,0.999999463558197,0.6516033411026001,0.5534961819648743,-0.2295118868350982,0.999999701976776,0.6483643651008606,0.5424784421920776,-0.1610667705535888,0.9999985098838806,0.6442468762397766,0.5549826622009277,-0.24898461997509,0.999999225139618,0.6547237634658813,0.5581863522529602,-0.196114957332611,0.999997615814209,0.6527607440948486,0.5608910918235779,-0.2225348204374313,0.9999988675117492,0.6284644603729248,0.5525742769241333,-0.0777571573853492,0.9999963641166688,0.6135066151618958,0.6026440262794495,-0.2602424025535583,0.9999995231628418,0.6348446607589722,0.6203087568283081,-0.0047562927938997,0.69305819272995,0.6170724034309387,0.6830727458000183,-0.2797781825065613,0.9993937611579896,0.6427046060562134,0.6781027317047119,-0.0139157306402921,0.7299356460571289,0.6199473738670349,0.7539995312690735,-0.2870746254920959,0.9973400831222534,0.6453391313552856,0.6964300870895386,-0.0171410087496042,0.7264975309371948,0.6167681217193604,0.7720971703529358,-0.3208880126476288,0.9924445152282716,0.6446341276168823,0.6981862187385559,-0.0438074469566345,0.7293323278427124,0.6230337023735046,0.7723527550697327,-0.3190864622592926,0.9916996359825134,0.6425365209579468,0.6923586130142212,-0.0249269139021635,0.7261003851890564,0.6231679320335388,0.7661781311035156,-0.2878667414188385,0.9822118282318116,0.5792545676231384,0.6100581288337708,0.0586927644908428,0.9999979138374328,0.5708653330802917,0.6331862211227417,-0.0587584041059017,0.9999980926513672,0.6362323760986328,0.6290606260299683,0.0828414186835289,0.8130716681480408,0.6300022006034851,0.6634380221366882,0.0026978722307831,0.987946629524231,0.6016332507133484,0.6717257499694824,0.2250733524560928,0.7747818231582642,0.5932058691978455,0.6876111030578613,0.21954445540905,0.9585534930229188,0.5873846411705017,0.6818084716796875,0.2391163855791092,0.8017351031303406,0.5829508304595947,0.6848605275154114,0.2449089884757995,0.9056310653686525,0.6086012125015259,0.6982347369194031,0.2444106042385101,0.8426138758659363,0.6045600771903992,0.7088857293128967,0.2759033739566803,0.952387273311615
0.6589518785476685,0.5610973238945007,-0.2310192584991455,0.999998927116394,0.6570413708686829,0.5551230311393738,-0.2228177934885025,0.9999985098838806,0.6565478444099426,0.5536097288131714,-0.2229365706443786,0.9999980330467224,0.6560125350952148,0.5521149039268494,-0.2229365557432174,0.9999984502792358,0.655762791633606,0.5596705079078674,-0.2414683699607849,0.9999994039535522,0.6543731689453125,0.5615350008010864,-0.2415685802698135,0.9999995231628418,0.6529128551483154,0.5632646083831787,-0.2416067719459533,0.9999997615814208,0.6492540240287781,0.5526496171951294,-0.1707181334495544,0.9999986886978148,0.6454653143882751,0.5656088590621948,-0.2550745904445648,0.9999992847442628,0.6557550430297852,0.5661754608154297,-0.2087774574756622,0.999997854232788,0.654033899307251,0.5694776773452759,-0.2338985055685043,0.9999989867210388,0.6291751265525818,0.5612236857414246,-0.0847462639212608,0.9999967217445374,0.6134307980537415,0.6156207323074341,-0.2604086399078369,0.9999995827674866,0.6355369091033936,0.6261925101280212,-0.0066906684078276,0.7227199673652649,0.6155089139938354,0.690537691116333,-0.2814347147941589,0.9994235634803772,0.6414127349853516,0.683009922504425,-0.0083444165065884,0.7568091154098511,0.6188567876815796,0.7559649348258972,-0.2981272339820862,0.9975876212120056,0.6447048187255859,0.6989186406135559,-0.0113225961104035,0.7536523938179016,0.6168065667152405,0.7730106711387634,-0.3339656293392181,0.9931479692459106,0.6438424587249756,0.700766384601593,-0.0378866046667099,0.7562268972396851,0.6224697828292847,0.772788405418396,-0.3324516713619232,0.9924702048301696,0.6416810154914856,0.6960374712944031,-0.0190070774406194,0.753267228603363,0.6226164698600769,0.7663485407829285,-0.2994074523448944,0.9838097095489502,0.5821922421455383,0.6073222756385803,0.0588327459990978,0.9999977350234984,0.5720393061637878,0.6372019052505493,-0.0588985532522201,0.9999977350234984,0.6350806951522827,0.6306610107421875,0.1109847500920295,0.824712872505188,0.6291621923446655,0.6660135388374329,-0.0138749759644269,0.988997519016266,0.5966466665267944,0.6721183657646179,0.2740360498428345,0.7369027137756348,0.5949693918228149,0.6849990487098694,0.2047012597322464,0.9531697034835817,0.58780437707901,0.6750932931900024,0.2901956439018249,0.768266499042511,0.5842898488044739,0.6783881783485413,0.2292671948671341,0.8918874859809875,0.6092684268951416,0.6889438629150391,0.2975549399852752,0.8193476796150208,0.603524923324585,0.7051651477813721,0.2569171786308288,0.94938862323761
0.6564895510673523,0.573141872882843,-0.2299067974090576,0.9999990463256836,0.6552469730377197,0.566043496131897,-0.2238043844699859,0.9999986886978148,0.6549396514892578,0.5638614892959595,-0.2239257395267486,0.9999982118606568,0.6545699834823608,0.5617093443870544,-0.2239212840795517,0.9999986290931702,0.65373295545578,0.5708622336387634,-0.2413564175367355,0.999999463558197,0.6525370478630066,0.5719320178031921,-0.2414533942937851,0.9999995827674866,0.6513656377792358,0.5728362202644348,-0.2414974421262741,0.9999997615814208,0.6485310792922974,0.5582096576690674,-0.1798646599054336,0.9999988079071044,0.6448264718055725,0.5722734332084656,-0.2592878639698028,0.9999993443489076,0.6528869867324829,0.5761876702308655,-0.2102730274200439,0.9999980926513672,0.6512917876243591,0.5788600444793701,-0.2340077310800552,0.9999991059303284,0.6282867789268494,0.5626842975616455,-0.0982049033045768,0.9999970197677612,0.6130930185317993,0.6216105222702026,-0.2616609334945678,0.9999995827674866,0.6335428357124329,0.6257666945457458,-0.0285439360886812,0.7484171390533447,0.6143941879272461,0.6904320120811462,-0.2791214287281036,0.9994016289711,0.6413677930831909,0.6815270185470581,-0.0381781868636608,0.7808675765991211,0.6185646653175354,0.7569357752799988,-0.2925242483615875,0.9977992177009584,0.6441057324409485,0.6992798447608948,-0.0437667556107044,0.7779392004013062,0.6171481013298035,0.7736920118331909,-0.3281085193157196,0.9937576055526732,0.6433423757553101,0.7000523209571838,-0.0690174773335456,0.7802937626838684,0.6225776076316833,0.7730963826179504,-0.3260432481765747,0.9931368827819824,0.6412102580070496,0.6937010884284973,-0.0485559180378913,0.7775339484214783,0.6226704120635986,0.7676593661308289,-0.2935695648193359,0.9851607084274292,0.5834584832191467,0.6078969836235046,0.057285901159048,0.99999737739563,0.5730035305023193,0.6411499977111816,-0.0573501847684383,0.9999972581863404,0.630358874797821,0.6393892168998718,0.1330640614032745,0.8275848627090454,0.6286318302154541,0.6706831455230713,-0.0109530137851834,0.9897717833518982,0.5946733355522156,0.6665510535240173,0.3222137093544006,0.6964645385742188,0.5947006940841675,0.6822079420089722,0.2055018246173858,0.9475343227386476,0.5872036814689636,0.6733872294425964,0.3420466482639313,0.7292375564575195,0.5854318141937256,0.6760551929473877,0.2346692681312561,0.8734040856361389,0.6022182703018188,0.6870332360267639,0.3530993163585663,0.7886520624160767,0.6016185283660889,0.7031479477882385,0.2551599442958832,0.9438319206237792
0.6582731604576111,0.5732395648956299,-0.2360394895076751,0.9999991655349731,0.6568379998207092,0.5656025409698486,-0.2293861508369445,0.9999988079071044,0.6565245985984802,0.5635800957679749,-0.2295128554105758,0.9999983906745912,0.6561686396598816,0.5616124272346497,-0.2295187264680862,0.9999987483024596,0.6551734805107117,0.5706075429916382,-0.246928185224533,0.9999995231628418,0.6537370681762695,0.5722236633300781,-0.2470298707485199,0.9999996423721312,0.6524050831794739,0.5735841393470764,-0.2470808774232864,0.9999997615814208,0.6497364640235901,0.5589778423309326,-0.1835081279277801,0.999998927116394,0.645926296710968,0.5738316178321838,-0.2628784477710724,0.9999994039535522,0.6545907258987427,0.5768900513648987,-0.2157528102397918,0.9999982714653016,0.6523874402046204,0.5804274082183838,-0.2394470125436782,0.999999225139618,0.629989743232727,0.5647734999656677,-0.0989609807729721,0.9999973177909852,0.6131001710891724,0.6236319541931152,-0.2629879415035248,0.9999995827674866,0.6332743167877197,0.6285547018051147,-0.0148671166971325,0.7684099078178406,0.6143895983695984,0.690475344657898,-0.2787699699401855,0.9992601275444032,0.6407877802848816,0.682414174079895,-0.0146513385698199,0.8021745085716248,0.6181710958480835,0.7578378319740295,-0.2906679809093475,0.9979287981987,0.6438049077987671,0.6989912390708923,-0.0178174953907728,0.7993422150611877,0.6173040270805359,0.7748754620552063,-0.3253479897975921,0.9941536784172058,0.6438086628913879,0.6999678611755371,-0.0483165644109249,0.8015352487564087,0.62203049659729,0.7739850282669067,-0.3231842219829559,0.9935564994812012,0.641248345375061,0.6935585141181946,-0.0272903908044099,0.7988019585609436,0.6219413876533508,0.7682819962501526,-0.2915804982185364,0.9858220815658568,0.5863012671470642,0.6089507341384888,0.056849293410778,0.999996781349182,0.5746040940284729,0.642243504524231,-0.0569155178964138,0.9999963641166688,0.6347510814666748,0.6369678974151611,0.1212487444281578,0.8234971761703491,0.6283649802207947,0.6728073954582214,-0.0169220753014087,0.9899702668190002,0.5965920686721802,0.6672728657722473,0.3035899400711059,0.6484110355377197,0.5958530306816101,0.6811083555221558,0.2086165398359298,0.926538586616516,0.5890052914619446,0.670402467250824,0.323822408914566,0.686386227607727,0.5866374969482422,0.6737520098686218,0.2349423021078109,0.8396927714347839,0.6114227771759033,0.6842883229255676,0.337418645620346,0.7481346130371094,0.6021313071250916,0.6974874138832092,0.2535528242588043,0.9256617426872252
