x_0,y_0,z_0,visibility_0,x_1,y_1,z_1,visibility_1,x_2,y_2,z_2,visibility_2,x_3,y_3,z_3,visibility_3,x_4,y_4,z_4,visibility_4,x_5,y_5,z_5,visibility_5,x_6,y_6,z_6,visibility_6,x_7,y_7,z_7,visibility_7,x_8,y_8,z_8,visibility_8,x_9,y_9,z_9,visibility_9,x_10,y_10,z_10,visibility_10,x_11,y_11,z_11,visibility_11,x_12,y_12,z_12,visibility_12,x_13,y_13,z_13,visibility_13,x_14,y_14,z_14,visibility_14,x_15,y_15,z_15,visibility_15,x_16,y_16,z_16,visibility_16,x_17,y_17,z_17,visibility_17,x_18,y_18,z_18,visibility_18,x_19,y_19,z_19,visibility_19,x_20,y_20,z_20,visibility_20,x_21,y_21,z_21,visibility_21,x_22,y_22,z_22,visibility_22,x_23,y_23,z_23,visibility_23,x_24,y_24,z_24,visibility_24,x_25,y_25,z_25,visibility_25,x_26,y_26,z_26,visibility_26,x_27,y_27,z_27,visibility_27,x_28,y_28,z_28,visibility_28,x_29,y_29,z_29,visibility_29,x_30,y_30,z_30,visibility_30,x_31,y_31,z_31,visibility_31,x_32,y_32,z_32,visibility_32
0.52208012342453,0.258225530385971,-0.1716399043798446,0.9999836683273317,0.5236772298812866,0.2470173239707946,-0.1640170663595199,0.9999528527259828,0.525109052658081,0.2468838989734649,-0.1640946418046951,0.9999498128890992,0.5265171527862549,0.2467484027147293,-0.1641108244657516,0.999950110912323,0.518363893032074,0.2467871457338333,-0.1683231890201568,0.9999550580978394,0.5158870220184326,0.2465327531099319,-0.1683582514524459,0.9999552369117736,0.5133392810821533,0.2462793439626693,-0.168340265750885,0.9999578595161438,0.5250881910324097,0.2502188384532928,-0.1067428737878799,0.9998802542686462,0.5061795115470886,0.2496154457330703,-0.1266584396362304,0.9999336004257202,0.5233491659164429,0.2687744498252868,-0.1486453860998153,0.999978244304657,0.5174407362937927,0.268577516078949,-0.1542682349681854,0.9999808669090272,0.5378835797309875,0.3112192153930664,-0.0608618594706058,0.9999725818634032,0.4826307892799377,0.3190934062004089,-0.0956933721899986,0.999970316886902,0.5425645112991333,0.3896337151527405,-0.0351768247783184,0.9722194075584412,0.4767564833164215,0.4071142673492431,-0.0862084329128265,0.99204021692276,0.5518494844436646,0.4618309438228607,-0.0880044847726821,0.9672354459762572,0.4788051247596741,0.4812897741794586,-0.1282856911420822,0.987170398235321,0.5562581419944763,0.4843997955322265,-0.1021434590220451,0.9417804479599,0.4784784018993377,0.5050078630447388,-0.1462175548076629,0.9757921695709229,0.5531203746795654,0.4822999238967895,-0.1212300583720207,0.945237934589386,0.4822875261306762,0.5032696723937988,-0.1596498489379882,0.977441668510437,0.5507305860519409,0.4763039052486419,-0.0969525948166847,0.9417870044708252,0.4834523797035217,0.4946121871471405,-0.1343615502119064,0.97404545545578,0.5249796509742737,0.462591141462326,0.0100806299597024,0.9999303221702576,0.4952850043773651,0.4674374759197235,-0.0100744776427745,0.9999372959136964,0.5212151408195496,0.5645317435264587,0.0327626504004001,0.991305947303772,0.4982989728450775,0.5688210725784302,0.0062583438120782,0.9965681433677672,0.5212334990501404,0.6482174396514893,0.1617843508720398,0.9843673706054688,0.5025783777236938,0.653774619102478,0.1321234107017517,0.9905741214752196,0.5189306735992432,0.6550374627113342,0.1724605411291122,0.88860023021698,0.5022069811820984,0.6605148911476135,0.1415497809648513,0.8729599118232727,0.5308101773262024,0.6822893023490906,0.1199613586068153,0.9797086119651794,0.5010021924972534,0.6911863684654236,0.083657257258892,0.9805846214294434
0.5218070149421692,0.2586590349674225,-0.170804888010025,0.9999834299087524,0.5234686732292175,0.2474222481250763,-0.1634179651737213,0.9999523758888244,0.5249053239822388,0.2473549097776413,-0.1634945720434188,0.9999493956565856,0.5263053774833679,0.2472482472658157,-0.1635095775127411,0.9999497532844543,0.518113911151886,0.247114673256874,-0.1676448136568069,0.9999544024467468,0.5156828165054321,0.2468296438455581,-0.1676788926124572,0.9999545812606812,0.5131042003631592,0.2465514540672302,-0.1676587909460067,0.9999572038650512,0.5250957012176514,0.2505963146686554,-0.1069945842027664,0.9998787641525269,0.5059799551963806,0.2497342973947525,-0.126572236418724,0.9999321103096008,0.5231117606163025,0.2690262496471405,-0.148147240281105,0.999978005886078,0.5171836614608765,0.2688062787055969,-0.1536534130573272,0.9999805092811584,0.5379909873008728,0.3113220632076263,-0.0615796260535717,0.999972403049469,0.4826795756816864,0.3191349804401397,-0.0947357565164566,0.9999694228172302,0.5425710678100586,0.3894220888614654,-0.0367583781480789,0.9724034667015076,0.4767942428588867,0.4071531295776367,-0.0849776938557624,0.9915300607681274,0.5521976351737976,0.4613242447376251,-0.0884522572159767,0.967097282409668,0.4786840975284576,0.4815325140953064,-0.1276931464672088,0.98660546541214,0.5566840767860413,0.4842968881130218,-0.1019813269376754,0.9418441653251648,0.4781732559204101,0.5050292015075684,-0.1451940387487411,0.9749309420585632,0.5535925030708313,0.4821042120456695,-0.1207013055682182,0.9453829526901244,0.4819642901420593,0.5034380555152893,-0.1583903282880783,0.9766529202461244,0.5511490106582642,0.476041316986084,-0.0971798449754715,0.9419429302215576,0.4830812215805053,0.4949741065502167,-0.133656769990921,0.9731147885322572,0.5248915553092957,0.4626208543777466,0.0096093909814953,0.9999298453330994,0.4952456653118133,0.4674553871154785,-0.009606298059225,0.9999366998672484,0.5211837887763977,0.5645270347595215,0.030643343925476,0.9913533926010132,0.4983052313327789,0.569212794303894,0.0058906893245875,0.9965205192565918,0.5211945176124573,0.6484799981117249,0.1603437960147857,0.9842166900634766,0.5026563405990601,0.6537426114082336,0.1308719217777252,0.9904305934906006,0.5188734531402588,0.6552836298942566,0.1711189299821853,0.8875105381011963,0.5021885633468628,0.6605061888694763,0.1402910500764846,0.8722976446151733,0.5307818651199341,0.6823630332946777,0.1192422956228256,0.9795756340026855,0.5010334849357605,0.6911114454269409,0.0842105075716972,0.980479657649994
0.5218238234519958,0.2589388787746429,-0.1749176383018493,0.9999833106994628,0.5235282182693481,0.2477103322744369,-0.1673654168844223,0.9999520778656006,0.5249701142311096,0.2476969063282013,-0.1674407422542572,0.9999490976333618,0.5263773202896118,0.2476235628128051,-0.1674550920724868,0.99994957447052,0.5181553363800049,0.2473023831844329,-0.1714387834072113,0.999954104423523,0.5157590508460999,0.2469793856143951,-0.1714714020490646,0.9999542832374572,0.5131241679191589,0.246674433350563,-0.1714490950107574,0.9999569654464722,0.5252801179885864,0.2509315907955169,-0.1095167621970176,0.999877631664276,0.5058984160423279,0.2497970312833786,-0.1280839294195175,0.9999313354492188,0.5231128334999084,0.269260823726654,-0.1517249494791031,0.999978005886078,0.5171574354171753,0.2690168619155884,-0.1570545136928558,0.9999804496765136,0.5382111668586731,0.3115395009517669,-0.0627128928899765,0.9999725222587584,0.4826430380344391,0.3192211091518402,-0.0951640084385871,0.999969244003296,0.5428521037101746,0.3893692195415497,-0.0372152253985405,0.9727389216423036,0.4768528640270233,0.4071865081787109,-0.0854180976748466,0.9911369681358336,0.5524092316627502,0.4612666368484497,-0.0901317372918129,0.9671840667724608,0.4783322513103485,0.482252836227417,-0.1307960152626037,0.9862006902694702,0.5568003058433533,0.4842777252197265,-0.1039822250604629,0.9422197937965392,0.4774468541145324,0.5054612755775452,-0.1488009393215179,0.9743345975875854,0.5537823438644409,0.4820931851863861,-0.1232194527983665,0.9458189010620116,0.4814068078994751,0.5041239857673645,-0.1626589149236679,0.976111114025116,0.5513635873794556,0.4760294556617737,-0.0990668386220932,0.9423606991767884,0.4826026558876037,0.4959785044193268,-0.1370677649974823,0.9724327325820924,0.5249102711677551,0.4629141986370086,0.0095232678577303,0.9999299645423888,0.4952242970466614,0.4674911499023437,-0.0095222005620598,0.999936819076538,0.5213218927383423,0.5647387504577637,0.0295362994074821,0.9914516806602478,0.4981899857521057,0.569841206073761,0.0055141448974609,0.99649840593338,0.5211910009384155,0.6485556364059448,0.1619595736265182,0.9840418100357056,0.5025631785392761,0.6537707448005676,0.1323053389787674,0.9902974963188172,0.5188532471656799,0.655320405960083,0.1730175614356994,0.8864256739616394,0.5022727251052856,0.6604989767074585,0.1421501487493515,0.8715375661849976,0.5307762026786804,0.6824629902839661,0.1214253380894661,0.9794304966926576,0.50090491771698,0.6912370324134827,0.0862768813967704,0.9804054498672484
0.5218845009803772,0.2595009803771972,-0.1821967959403991,0.9999833703041076,0.523617684841156,0.2483414560556411,-0.1747119426727295,0.9999523758888244,0.5250584483146667,0.2483871132135391,-0.174785703420639,0.9999494552612304,0.5264613628387451,0.2483770847320556,-0.1747999489307403,0.9999499917030334,0.5182273983955383,0.2477647215127945,-0.1786117702722549,0.9999544024467468,0.5158513188362122,0.2473879754543304,-0.1786445528268814,0.9999545812606812,0.5131763219833374,0.2470530718564987,-0.1786203384399414,0.999957263469696,0.5254696011543274,0.2515067160129547,-0.1163629963994026,0.9998784065246582,0.5058863759040833,0.2500790655612945,-0.1338531821966171,0.9999315142631532,0.5231824517250061,0.2696700990200043,-0.1587944030761718,0.999978244304657,0.5171894431114197,0.2693745195865631,-0.1638772040605545,0.9999805688858032,0.5384552478790283,0.3116790652275085,-0.0679891929030418,0.9999728202819824,0.4826913177967071,0.3195060193538666,-0.0979324728250503,0.9999691843986512,0.5432186126708984,0.389339804649353,-0.0414406061172485,0.9732035398483276,0.4769048690795898,0.4073213338851928,-0.0867487713694572,0.9908077120780944,0.5526489019393921,0.4612725377082824,-0.0935785323381424,0.9673894047737122,0.4777940511703491,0.4827154576778412,-0.1334078311920166,0.9858793020248412,0.5568751692771912,0.4842950403690338,-0.1071678027510643,0.9427067637443542,0.47652667760849,0.5056440234184265,-0.1511039286851883,0.973863124847412,0.5538543462753296,0.4821158945560455,-0.1264127790927887,0.9463434219360352,0.480629026889801,0.5043696165084839,-0.165111631155014,0.975688934326172,0.5514993071556091,0.4760022759437561,-0.1024387702345848,0.9428992867469788,0.4819177687168121,0.4963605105876922,-0.1397177726030349,0.9719132781028748,0.5249468684196472,0.4631096720695495,0.0091626578941941,0.9999306201934814,0.4952072203159332,0.4675154089927673,-0.0091627473011612,0.9999372959136964,0.5214949250221252,0.5648189783096313,0.0286946408450603,0.991576611995697,0.4981515109539032,0.5701707005500793,0.0055418317206203,0.9964941740036012,0.521229088306427,0.6485426425933838,0.1620667278766632,0.9839636087417604,0.5024553537368774,0.653747022151947,0.1345349103212356,0.9902300238609314,0.518846869468689,0.6553125381469727,0.1730789244174957,0.8857787847518921,0.502257764339447,0.6603377461433411,0.14438296854496,0.8713099360466003,0.5307796001434326,0.6825330853462219,0.1215018257498741,0.9793943762779236,0.5007438063621521,0.691324770450592,0.0881928876042366,0.980423390865326
0.5221839547157288,0.2599167227745056,-0.1822088062763214,0.9999837875366212,0.5239050984382629,0.2488050460815429,-0.17473004758358,0.9999533891677856,0.5253342390060425,0.248869776725769,-0.1748046875,0.9999505877494812,0.5267336368560791,0.2488766759634018,-0.1748184263706207,0.9999510645866394,0.5185726284980774,0.2481321841478347,-0.1789311915636062,0.9999554753303528,0.516212522983551,0.2477110475301742,-0.1789663583040237,0.9999556541442872,0.5135149359703064,0.2473543733358383,-0.178940549492836,0.9999582767486572,0.5257571339607239,0.251895010471344,-0.1166742891073226,0.9998813271522522,0.5060327053070068,0.2503080666065216,-0.135460615158081,0.9999331831932068,0.5234686732292175,0.2700231671333313,-0.1589054614305496,0.9999789595603944,0.5174826383590698,0.2696857452392578,-0.1643702238798141,0.9999812245368958,0.5387670397758484,0.3117778599262237,-0.0684798434376716,0.9999735951423644,0.4827428758144378,0.3196095526218414,-0.0997467115521431,0.9999697804450988,0.5437752604484558,0.3893418312072754,-0.0414817705750465,0.9737336039543152,0.4769174754619598,0.4074385464191437,-0.0888780057430267,0.9906415939331056,0.5526797771453857,0.4613053202629089,-0.0928226858377456,0.967739999294281,0.4773542284965515,0.483126163482666,-0.1354662477970123,0.985727071762085,0.5566267371177673,0.484290063381195,-0.1061246618628501,0.9433772563934326,0.4759193956851959,0.5058713555335999,-0.1530539393424987,0.9736739993095398,0.5535172820091248,0.4821341037750244,-0.1248722225427627,0.9470050930976868,0.4800699651241302,0.5046611428260803,-0.1668131649494171,0.9755192399024964,0.5512635707855225,0.4760049283504486,-0.1014240458607673,0.9435514807701112,0.4813991189002991,0.4967639446258545,-0.1416283249855041,0.971670925617218,0.5250582098960876,0.4636609852313995,0.0091947270557284,0.999932587146759,0.4952037036418915,0.4677556157112121,-0.0091962497681379,0.9999390244483948,0.5215536952018738,0.5652393102645874,0.0299496166408061,0.9917640089988708,0.4981027245521545,0.5708228349685669,0.0052311494946479,0.996536672115326,0.5212733149528503,0.6485968828201294,0.1659066677093505,0.9840444326400756,0.5024467706680298,0.6537393927574158,0.1358570605516433,0.9902495741844176,0.5188480615615845,0.6553096175193787,0.1772126257419586,0.8865196108818054,0.5023608207702637,0.6603084802627563,0.1459758430719375,0.8722371459007263,0.530795693397522,0.6826878190040588,0.126741737127304,0.9795323014259338,0.5006670951843262,0.6915669441223145,0.090116873383522,0.980541467666626
0.522422730922699,0.2602564990520477,-0.1857697963714599,0.9999836683273317,0.5241780877113342,0.2491531074047088,-0.1781282722949981,0.9999531507492064,0.5256149172782898,0.2492192238569259,-0.1782010495662689,0.999950349330902,0.5270267724990845,0.2492271363735199,-0.1782140433788299,0.9999507665634156,0.5188095569610596,0.2484267354011535,-0.1822989135980606,0.9999554753303528,0.5164415836334229,0.2479837238788604,-0.1823343336582183,0.999955713748932,0.5137365460395813,0.2476189732551574,-0.1823091506958007,0.999958336353302,0.5261066555976868,0.2521467804908752,-0.1189282909035682,0.9998810291290284,0.5062002539634705,0.2504984140396118,-0.1378214955329895,0.9999333620071412,0.5237295627593994,0.2703134715557098,-0.1620057523250579,0.9999791383743286,0.5176883339881897,0.2699477970600128,-0.1674858778715133,0.9999813437461852,0.5390952825546265,0.3118032813072204,-0.0697364956140518,0.999973714351654,0.4828985333442688,0.3196497559547424,-0.1013236939907074,0.9999698996543884,0.5439172983169556,0.389394462108612,-0.0419489257037639,0.9739740490913392,0.4769373834133148,0.4075038135051727,-0.0907775610685348,0.9903581738471984,0.5523398518562317,0.4618102312088012,-0.0931762158870697,0.9675623178482056,0.4771102666854858,0.4833308458328247,-0.1385306566953659,0.9853591322898864,0.5562002658843994,0.4847950041294098,-0.1065575182437896,0.9432088136672974,0.4755493700504303,0.5060891509056091,-0.1565069109201431,0.9731314778327942,0.5530381798744202,0.4826315939426422,-0.1253439933061599,0.94688880443573,0.4798642098903656,0.5049095749855042,-0.1702746450901031,0.9750232696533204,0.5508241057395935,0.4763480424880981,-0.1017340645194053,0.9434183835983276,0.4812479317188263,0.4970065057277679,-0.1446898132562637,0.9710680842399596,0.5253451466560364,0.4642137289047241,0.0092138973996043,0.9999327063560486,0.4953584372997284,0.4677855968475342,-0.0092164920642972,0.9999391436576844,0.5218881964683533,0.5653238296508789,0.0298982225358486,0.991860568523407,0.4980594515800476,0.5709919333457947,0.0051973988302052,0.9965168237686156,0.5212650299072266,0.6486147046089172,0.1652352213859558,0.9839742183685304,0.5024212598800659,0.6537284851074219,0.1351921260356903,0.9901328682899476,0.5188289880752563,0.6553105115890503,0.1762392967939376,0.886443555355072,0.5023314356803894,0.6602010726928711,0.1450650990009308,0.87169349193573,0.5308356285095215,0.6828241944313049,0.125760331749916,0.9794822931289672,0.500648021697998,0.6916368007659912,0.0883979499340057,0.9804268479347228
0.5226420760154724,0.2612171769142151,-0.184218481183052,0.9999836087226868,0.5246068835258484,0.2501671016216278,-0.1767651736736297,0.9999531507492064,0.5260962247848511,0.2502972185611725,-0.1768367290496826,0.999950349330902,0.5275484919548035,0.2503635287284851,-0.1768496036529541,0.9999507665634156,0.5190812349319458,0.2491025328636169,-0.1809461116790771,0.9999555945396424,0.5166540741920471,0.2484943568706512,-0.1809824556112289,0.999955952167511,0.5139187574386597,0.2480030208826065,-0.1809551119804382,0.9999585151672364,0.5267392992973328,0.2529703378677368,-0.1182656064629554,0.9998819828033448,0.5063503980636597,0.2506097257137298,-0.1372528672218322,0.9999339580535888,0.5239890217781067,0.2709338366985321,-0.160683587193489,0.9999794960021972,0.5177658796310425,0.2704318761825561,-0.1661933362483978,0.9999815821647644,0.5394957065582275,0.3118992149829864,-0.0698656290769577,0.9999738931655884,0.4830520451068878,0.3196695744991302,-0.1011037155985832,0.9999699592590332,0.5442291498184204,0.3893725275993347,-0.0419946424663066,0.9740608930587769,0.4769787192344665,0.4075243473052978,-0.0906869247555732,0.9900416731834412,0.5522868633270264,0.4626287519931793,-0.0920954942703247,0.9672002792358398,0.4770874977111816,0.4833700060844421,-0.136978343129158,0.984876036643982,0.5561767816543579,0.4860122203826904,-0.1051149293780326,0.9428519010543824,0.4755487740039825,0.5062065124511719,-0.1545713096857071,0.972462236881256,0.5529302358627319,0.483801394701004,-0.1234554499387741,0.946580410003662,0.4798628091812134,0.5050479173660278,-0.1680302768945694,0.9744082093238832,0.5506665706634521,0.4770668745040893,-0.1003828942775726,0.9431188106536864,0.4812445044517517,0.4971477389335632,-0.1429753452539444,0.9703768491744996,0.5257410407066345,0.4644381999969482,0.0089948112145066,0.9999332427978516,0.495544970035553,0.4677737355232239,-0.0090022841468453,0.9999394416809082,0.5222418904304504,0.5653191208839417,0.0280198212713003,0.99192476272583,0.4981254935264587,0.571007251739502,0.0053121726959943,0.9964824318885804,0.5212573409080505,0.6486027836799622,0.1586806625127792,0.9838805198669434,0.5023420453071594,0.6536651253700256,0.133597582578659,0.9899430871009828,0.5188126564025879,0.655208170413971,0.1692948639392852,0.886820912361145,0.5022606253623962,0.6598736643791199,0.1433098018169403,0.871479868888855,0.5308414697647095,0.6828877329826355,0.1187591552734375,0.9793814420700072,0.5006415843963623,0.6916518211364746,0.0873695164918899,0.9801255464553832
0.5233859419822693,0.2620835900306701,-0.1867899745702743,0.9999833703041076,0.5254795551300049,0.2509441375732422,-0.1792772263288498,0.9999526739120485,0.5269821286201477,0.2510871589183807,-0.1793465167284011,0.9999498128890992,0.5284433960914612,0.2511435747146606,-0.17935711145401,0.9999501705169678,0.5199712514877319,0.2497333735227584,-0.1839649528264999,0.999955415725708,0.5174431204795837,0.2490441799163818,-0.1840015202760696,0.9999558925628662,0.5147393941879272,0.2484887540340423,-0.1839749217033386,0.9999584555625916,0.5274273157119751,0.2535027861595154,-0.1199590936303138,0.999881386756897,0.5070193409919739,0.2509378492832184,-0.1412247866392135,0.9999342560768129,0.5246923565864563,0.2716631889343261,-0.1628241688013076,0.999979555606842,0.5184032917022705,0.2710192203521728,-0.1689903438091278,0.999981701374054,0.5398481488227844,0.3119036853313446,-0.0698570907115936,0.9999739527702332,0.4833665788173675,0.3197067677974701,-0.1047665551304817,0.9999702572822572,0.544715940952301,0.3892529904842376,-0.041252139955759,0.9740617275238036,0.4770756065845489,0.407527208328247,-0.0952865332365036,0.9898881912231444,0.5521752238273621,0.4628909230232239,-0.0909641832113266,0.9668917059898376,0.4770750999450683,0.4833451509475708,-0.1406686007976532,0.984638810157776,0.5559907555580139,0.486316829919815,-0.1039352566003799,0.9424812197685242,0.475624144077301,0.5062184929847717,-0.1583495736122131,0.972151517868042,0.5525794625282288,0.4841161668300628,-0.1222002580761909,0.9462558031082152,0.4799104928970337,0.5050506591796875,-0.1715498119592666,0.9741249680519104,0.5504564642906189,0.4772484600543976,-0.0992522239685058,0.9428162574768066,0.4812853932380676,0.4971306622028351,-0.1464805901050567,0.9700392484664916,0.5261242389678955,0.4645361006259918,0.0093109961599111,0.9999333024024964,0.4959345459938049,0.4677765369415283,-0.0093220481649041,0.9999395608901978,0.5232606530189514,0.5653407573699951,0.0287820827215909,0.9919668436050416,0.4984511733055115,0.5709995627403259,0.0055038691498339,0.9964637756347656,0.5212553143501282,0.648541271686554,0.1585819870233535,0.98383629322052,0.5024201273918152,0.6536530256271362,0.1327294409275055,0.9898844361305236,0.5188034176826477,0.65501868724823,0.1690414398908615,0.887302041053772,0.5023080706596375,0.6598634123802185,0.1425206810235977,0.8715387582778931,0.5308427214622498,0.6828855872154236,0.118516057729721,0.9793670177459716,0.5006939172744751,0.69167160987854,0.0869464129209518,0.980046570301056
0.5244476199150085,0.2628009915351867,-0.184641346335411,0.9999831914901732,0.5265244841575623,0.2515662610530853,-0.1769292652606964,0.99995219707489,0.5280424356460571,0.2516319155693054,-0.1769997924566269,0.9999493360519408,0.5295224189758301,0.2516167163848877,-0.1770109683275222,0.99994957447052,0.5210691690444946,0.2504305243492126,-0.1814241856336593,0.9999551773071288,0.5185322165489197,0.2496916055679321,-0.1814596951007843,0.9999557733535768,0.5159222483634949,0.2490612417459488,-0.1814346611499786,0.999958336353302,0.52830970287323,0.2537261545658111,-0.1182466894388198,0.9998810291290284,0.5083064436912537,0.2512918710708618,-0.1398324966430664,0.999934732913971,0.5258384943008423,0.2721737027168274,-0.1608542054891586,0.9999797344207764,0.5195865035057068,0.2714625597000122,-0.1667398810386657,0.9999819397926332,0.5405635237693787,0.3119183480739593,-0.0690676942467689,0.9999739527702332,0.4841850996017456,0.3197563588619232,-0.1053981855511665,0.9999706149101256,0.5452461838722229,0.3892379999160766,-0.0401787795126438,0.9738811254501344,0.4773135483264923,0.4075402021408081,-0.0952528715133667,0.9898611307144164,0.5520199537277222,0.4630328714847564,-0.0843251720070838,0.9664433598518372,0.4772457182407379,0.4833444654941559,-0.139842540025711,0.9844536781311036,0.5557886362075806,0.486598253250122,-0.095577634871006,0.9418053030967712,0.475875586271286,0.5062246322631836,-0.1571071594953537,0.971864938735962,0.5524767637252808,0.4842931032180786,-0.1131999790668487,0.9456064701080322,0.4800972640514374,0.5051193237304688,-0.1688025146722793,0.9738501906394958,0.5504263043403625,0.4773649871349334,-0.0921173170208931,0.9421769380569458,0.4815249145030975,0.4972085356712341,-0.1461455374956131,0.9697328805923462,0.5266305804252625,0.4649648070335388,0.0098867760971188,0.9999327063560486,0.4963687360286712,0.4678522646427154,-0.0098998760804533,0.9999392032623292,0.5242667198181152,0.5654457211494446,0.0292558185756206,0.9919741749763488,0.4987887144088745,0.570988118648529,0.0046361917629837,0.9964680075645448,0.5212289094924927,0.648534893989563,0.1559803187847137,0.983853280544281,0.502514660358429,0.6535928249359131,0.127891793847084,0.9898207187652588,0.5187561511993408,0.6550178527832031,0.1661597788333892,0.8883881568908691,0.5022948980331421,0.659850001335144,0.1373137086629867,0.8717636466026306,0.5308206677436829,0.6829115748405457,0.1174851730465889,0.9793869256973268,0.5006999373435974,0.6916707754135132,0.0830110386013984,0.9798719882965088
0.5254310369491577,0.2649517953395843,-0.1856594383716583,0.9999829530715942,0.5275939702987671,0.2535136640071869,-0.1784299463033676,0.9999516010284424,0.5291268825531006,0.2535094618797302,-0.1784997731447219,0.9999485611915588,0.5306211709976196,0.25345179438591,-0.1785100102424621,0.9999487400054932,0.5220657587051392,0.2523937225341797,-0.1837603449821472,0.9999547600746156,0.5195151567459106,0.2515904605388641,-0.1837964951992035,0.999955415725708,0.5169166326522827,0.2507980167865753,-0.1837730258703231,0.999958038330078,0.529285192489624,0.2551255822181701,-0.1206084191799163,0.9998798370361328,0.5095298886299133,0.2524599432945251,-0.1453141421079635,0.999934732913971,0.5267797112464905,0.2739681303501129,-0.1620645523071289,0.9999797344207764,0.5204131007194519,0.2729611098766327,-0.1689967662096023,0.9999821186065674,0.5413086414337158,0.3120270669460296,-0.0699135512113571,0.9999741911888124,0.4851018786430359,0.3206327855587005,-0.1105567067861557,0.9999712109565736,0.5458346605300903,0.389665812253952,-0.0378724969923496,0.9740184545516968,0.4777803719043731,0.4086726903915405,-0.0973914787173271,0.9899801015853882,0.5519161820411682,0.4638129770755768,-0.0760963633656501,0.9664559960365297,0.4781129956245422,0.4835614264011383,-0.1343577802181244,0.9844929575920104,0.5557535290718079,0.4869484305381775,-0.0862451493740081,0.9416168332099916,0.4772700667381286,0.5067028999328613,-0.1488764435052871,0.971864640712738,0.5523573756217957,0.4846116304397583,-0.1034915000200271,0.9453902244567872,0.4812745153903961,0.5055761337280273,-0.1604901105165481,0.9738426804542542,0.5502799153327942,0.4778559505939483,-0.0835501924157142,0.941960334777832,0.4826395213603973,0.497567743062973,-0.1393104493618011,0.9697182774543762,0.5277954339981079,0.4657272398471832,0.0113518731668591,0.999930500984192,0.4974179565906524,0.4687025547027588,-0.0113560948520898,0.9999382495880128,0.5257560014724731,0.565497875213623,0.031633723527193,0.9919790029525756,0.4990884959697723,0.5710040330886841,-0.0043067205697298,0.9965245723724364,0.5212233066558838,0.6485298871994019,0.1565589010715484,0.9839044213294984,0.5024316906929016,0.6536339521408081,0.1065917462110519,0.99007248878479,0.5186811089515686,0.6550049781799316,0.1667507737874984,0.8894185423851013,0.5022428035736084,0.660059928894043,0.1146586090326309,0.8735907077789307,0.5308488607406616,0.6828479170799255,0.1176945492625236,0.9795337319374084,0.5006492733955383,0.6916783452033997,0.0560196824371814,0.980292022228241
0.527193009853363,0.2683990895748138,-0.1852224171161651,0.9999821186065674,0.5291985869407654,0.2571354806423187,-0.1784667074680328,0.9999495148658752,0.5306966304779053,0.2569454908370971,-0.1785356998443603,0.9999462962150574,0.5321258902549744,0.2566927373409271,-0.1785477101802826,0.999946653842926,0.523624062538147,0.2562662065029144,-0.1841145455837249,0.9999528527259828,0.5211049318313599,0.2554133832454681,-0.1841515898704528,0.9999535083770752,0.5184572339057922,0.2544595599174499,-0.1841301918029785,0.9999564290046692,0.5305785536766052,0.2577841877937317,-0.1217548698186874,0.9998759031295776,0.51103675365448,0.2548862397670746,-0.1476557701826095,0.999932825565338,0.5285842418670654,0.2769516110420227,-0.1617781668901443,0.9999791383743286,0.5221757292747498,0.2759472131729126,-0.1690654754638672,0.999981701374054,0.5425664782524109,0.3123058378696441,-0.0711164250969886,0.999974489212036,0.4861365258693695,0.3214232921600342,-0.1133253648877143,0.999971568584442,0.5475903153419495,0.3906496465206146,-0.0378659628331661,0.9742927551269532,0.4788536131381988,0.4092607796192169,-0.1002988591790199,0.99005126953125,0.5523307919502258,0.4646426737308502,-0.0755797997117042,0.966744601726532,0.47957244515419,0.4838806092739105,-0.1323343962430954,0.9845464825630188,0.5555355548858643,0.4870428442955017,-0.086087018251419,0.9417962431907654,0.4789091944694519,0.5073890686035156,-0.1463356167078018,0.9719094634056092,0.5522193312644958,0.4848043918609619,-0.1028061062097549,0.9455357789993286,0.4828473031520843,0.5061789155006409,-0.1578408628702163,0.973887264728546,0.5501009225845337,0.4782429337501526,-0.0829100683331489,0.9421267509460448,0.4842788279056549,0.4979363977909088,-0.1368660181760788,0.969752848148346,0.5291635394096375,0.4664179980754852,0.0117499949410557,0.999928653240204,0.4986016452312469,0.4690670073032379,-0.0117596480995416,0.999937117099762,0.5265321135520935,0.5659648180007935,0.0339034311473369,0.9918219447135924,0.4993186295032501,0.5718247294425964,-0.002676103496924,0.9964685440063475,0.5212191939353943,0.6485217809677124,0.1566168665885925,0.9836359024047852,0.5023714900016785,0.6540253162384033,0.1125075444579124,0.9900573492050172,0.5186775326728821,0.6549310684204102,0.1667211204767227,0.8887678980827332,0.502186119556427,0.660399854183197,0.1208658069372177,0.8730022311210632,0.5308464169502258,0.6826871037483215,0.1178121864795684,0.9794097542762756,0.5006117224693298,0.6917600631713867,0.0637486651539802,0.9803102612495422
0.5291585922241211,0.2718270123004913,-0.1851104646921157,0.9999796748161316,0.5310267210006714,0.2609251737594604,-0.177720844745636,0.9999434351921082,0.5325177311897278,0.2605683207511902,-0.1777948588132858,0.9999396204948424,0.5338971018791199,0.2601674199104309,-0.177807331085205,0.9999402761459352,0.5253188610076904,0.2603337168693542,-0.1828091591596603,0.9999470114707948,0.5228434205055237,0.2594966292381286,-0.1828458160161972,0.999947726726532,0.5201410055160522,0.258582204580307,-0.1828238517045974,0.9999513626098632,0.5320638418197632,0.2607176303863525,-0.1205280646681785,0.9998618960380554,0.5128636956214905,0.2584350407123565,-0.1471614837646484,0.9999260902404784,0.5305758714675903,0.2804867625236511,-0.1616923362016677,0.9999766945838928,0.5240281224250793,0.2797187268733978,-0.1679521650075912,0.9999799728393556,0.544263482093811,0.3126439750194549,-0.0709843337535858,0.9999737739562988,0.487667828798294,0.3228684961795807,-0.1154435575008392,0.9999711513519288,0.5494237542152405,0.3911772072315216,-0.0368008501827716,0.974234104156494,0.4803119897842407,0.4099140167236328,-0.1040347591042518,0.9901484847068788,0.5526018142700195,0.4647886455059051,-0.072896122932434,0.9666754007339478,0.4812640845775604,0.4843736290931701,-0.1318469643592834,0.9845583438873292,0.5554038882255554,0.4871232807636261,-0.0828934460878372,0.9412192106246948,0.480587363243103,0.5080381631851196,-0.1455721408128738,0.9718486070632936,0.5520570278167725,0.4849030673503876,-0.0987386554479599,0.9449307322502136,0.4846672117710113,0.5068202018737793,-0.1567705273628235,0.97383451461792,0.5499944090843201,0.4783690869808197,-0.0799004361033439,0.941480815410614,0.4860888123512268,0.4984810650348663,-0.1361362040042877,0.9696826934814452,0.5301275253295898,0.4675256311893463,0.0139391608536243,0.999920666217804,0.4998647570610046,0.469936192035675,-0.0139435026794672,0.9999315142631532,0.5276663899421692,0.5659239888191223,0.0370520837604999,0.9914997816085817,0.4996283948421478,0.572166383266449,-0.0088586928322911,0.996406078338623,0.5212157368659973,0.6485942006111145,0.1534731984138488,0.9833434820175172,0.5023418664932251,0.6551781296730042,0.0910720750689506,0.9901448488235474,0.5185715556144714,0.6549766659736633,0.1627392172813415,0.8881745934486389,0.5020657777786255,0.6611288785934448,0.0980373695492744,0.8723652958869934,0.5310807824134827,0.6824770569801331,0.1161513850092887,0.9792591333389282,0.5006588697433472,0.6921438574790955,0.0386728160083293,0.9804702997207642
0.531424880027771,0.2748240232467651,-0.2042432725429535,0.9999765753746032,0.5336867570877075,0.2644845843315124,-0.1967198103666305,0.9999359846115112,0.5353059768676758,0.264158546924591,-0.1967813074588775,0.9999315142631532,0.5367627739906311,0.2638127207756042,-0.1967927813529968,0.9999327063560486,0.5275201797485352,0.2637108266353607,-0.2032665610313415,0.9999393224716188,0.5249224901199341,0.2627649903297424,-0.2032970488071441,0.999939739704132,0.5221938490867615,0.2617482244968414,-0.2032891362905502,0.9999443888664246,0.5353927612304688,0.2639641165733337,-0.1347639113664627,0.9998412728309632,0.5152651071548462,0.2613475024700165,-0.1642154604196548,0.9999153017997742,0.5330202579498291,0.2839814126491546,-0.1786150485277176,0.9999722838401794,0.5258065462112427,0.2831814289093017,-0.1869616657495498,0.9999768137931824,0.5464479923248291,0.3155571222305298,-0.0774904638528823,0.9999720454216005,0.4892734289169311,0.3249170184135437,-0.1311194151639938,0.9999698400497437,0.5512791872024536,0.3953814804553985,-0.0472697503864765,0.974308431148529,0.4818940162658691,0.4110652804374695,-0.1214832216501236,0.9901756644248962,0.5532983541488647,0.4673268496990204,-0.0903966203331947,0.9666522741317748,0.4831055700778961,0.4854821562767029,-0.1499271839857101,0.9844210743904114,0.5555705428123474,0.4886199831962585,-0.102248229086399,0.9405295848846436,0.4826473295688629,0.5092183947563171,-0.1654178500175476,0.9714769721031188,0.5520298480987549,0.486156165599823,-0.1185164079070091,0.944214403629303,0.4869222342967987,0.5079181790351868,-0.1777193397283554,0.9735129475593568,0.5501928925514221,0.4797611236572265,-0.0979114845395088,0.9405144453048706,0.4882852137088775,0.4996273517608642,-0.1548366248607635,0.9692217111587524,0.5310601592063904,0.4691617488861084,0.0169259794056415,0.9999072551727296,0.5007309317588806,0.4707694351673126,-0.0169084388762712,0.9999213218688964,0.5289668440818787,0.5653582215309143,0.0379172042012214,0.9909874200820924,0.5003488659858704,0.572036862373352,-0.0268237646669149,0.996303379535675,0.5212127566337585,0.64865642786026,0.1580010205507278,0.982617974281311,0.5023226141929626,0.6552510857582092,0.0790081098675727,0.9901379346847534,0.5183382630348206,0.6550859212875366,0.1674283146858215,0.884368896484375,0.5018170475959778,0.6611334681510925,0.0864969864487648,0.8688774108886719,0.5317115783691406,0.6824760437011719,0.1196889206767082,0.9787667989730836,0.5006896257400513,0.6921432614326477,0.0241788513958454,0.98063063621521
0.5335038304328918,0.2788930833339691,-0.2144439071416854,0.9999723434448242,0.5362212061882019,0.2683030664920807,-0.2083206921815872,0.9999262690544128,0.5378682017326355,0.2680856883525848,-0.2083813548088073,0.9999213814735411,0.5393459796905518,0.2678213715553283,-0.208400011062622,0.9999237060546876,0.5296708345413208,0.2673641443252563,-0.2140335440635681,0.9999282956123352,0.5269187688827515,0.2665156126022339,-0.2140650153160095,0.9999279379844666,0.5241453647613525,0.265579879283905,-0.2140627205371856,0.9999340772628784,0.5384109616279602,0.2677416205406189,-0.1496687531471252,0.9998198747634888,0.5175361037254333,0.2650065422058105,-0.1746238023042678,0.9998992085456848,0.5349302291870117,0.2883744835853576,-0.1895663440227508,0.9999666213989258,0.5272693037986755,0.2882737219333648,-0.1967916190624237,0.9999720454216005,0.5494417548179626,0.318294882774353,-0.0929845944046974,0.9999706149101256,0.4913154542446136,0.3258986473083496,-0.1386969685554504,0.9999683499336244,0.5541478991508484,0.3971783816814422,-0.0651688799262046,0.9746370315551758,0.48383229970932,0.4124769866466522,-0.1263348162174224,0.9901012778282166,0.5539303421974182,0.47042116522789,-0.1024179980158805,0.96699059009552,0.4858209788799286,0.4877292811870575,-0.1494980156421661,0.9842194318771362,0.5559283494949341,0.4904225766658783,-0.114173874258995,0.940445363521576,0.4852215647697449,0.5109503269195557,-0.1641873568296432,0.971008837223053,0.5520340800285339,0.4875433444976806,-0.1293924897909164,0.9440568685531616,0.4896866381168365,0.5096330046653748,-0.1762791126966476,0.9731022119522096,0.5503966212272644,0.4813254475593567,-0.1092960461974144,0.9401096701622008,0.491085946559906,0.5018182396888733,-0.154291421175003,0.968695342540741,0.532025158405304,0.4692379832267761,0.0162496250122785,0.9998885989189148,0.5012845396995544,0.4705556631088257,-0.0162364933639764,0.9999054074287416,0.5294012427330017,0.5653163194656372,0.037851758301258,0.9901319146156312,0.5007258653640747,0.5719045400619507,-0.020632404834032,0.9960331320762634,0.521212637424469,0.6486812233924866,0.1558224111795425,0.9813907146453856,0.5022796988487244,0.6553142666816711,0.0818314328789711,0.9898306727409364,0.5183188915252686,0.6552131772041321,0.16506427526474,0.8776748180389404,0.50180983543396,0.6612710952758789,0.0891241952776908,0.8628459572792053,0.5319560766220093,0.6823614835739136,0.1172844469547271,0.9778246283531188,0.5007244944572449,0.6921254992485046,0.028069082647562,0.9803352355957032
0.535851776599884,0.2873283624649048,-0.2089442610740661,0.9999680519104004,0.5391349196434021,0.2755167186260223,-0.202877476811409,0.9999159574508668,0.5407112240791321,0.2752767205238342,-0.2029393464326858,0.9999104142189026,0.5421612858772278,0.2749870717525482,-0.2029536366462707,0.9999136924743652,0.53242427110672,0.2744437456130981,-0.2089343219995498,0.999917209148407,0.5295127630233765,0.2734554708003998,-0.2089680284261703,0.999916136264801,0.5266469120979309,0.2723909318447113,-0.2089657932519912,0.9999239444732666,0.5412831902503967,0.2741380631923675,-0.1452979743480682,0.9997946619987488,0.5201530456542969,0.271103173494339,-0.1720188111066818,0.999885082244873,0.5371601581573486,0.2970759570598602,-0.1845122277736663,0.999962031841278,0.5293186902999878,0.296914666891098,-0.1922218799591064,0.9999682903289796,0.5516663789749146,0.3233883380889892,-0.0895868390798568,0.9999695420265198,0.4932744801044464,0.3288915455341339,-0.1379110217094421,0.9999681115150452,0.5554594397544861,0.4006806910037994,-0.0638878345489502,0.9747175574302672,0.485470712184906,0.4150428473949432,-0.1289842277765274,0.9903175830841064,0.5548703670501709,0.4728835523128509,-0.1046239510178566,0.9674066305160522,0.4878660142421722,0.490522027015686,-0.1542828232049942,0.9845020174980164,0.5567463040351868,0.4930386543273926,-0.116506241261959,0.9406571984291076,0.4876886904239654,0.5137829184532166,-0.1691144257783889,0.9713380932807922,0.5525630712509155,0.4896285533905029,-0.1312498301267624,0.9441936612129213,0.4926571846008301,0.5122543573379517,-0.1795729100704193,0.9734007120132446,0.5509859323501587,0.4828957021236419,-0.1113746687769889,0.9400556683540344,0.4937461018562317,0.5048856735229492,-0.1583326756954193,0.9689468741416932,0.5329402685165405,0.4705856442451477,0.0161090772598981,0.9998762607574464,0.5019298791885376,0.4709178507328033,-0.0161040984094142,0.9998956322669984,0.5294484496116638,0.5659053325653076,0.0374904349446296,0.9897016286849976,0.5013177990913391,0.5721871256828308,-0.0166100449860095,0.9958533644676208,0.5212132334709167,0.6483663320541382,0.1495236456394195,0.9807208776474,0.5022472143173218,0.6551954746246338,0.0855877846479415,0.9895415306091307,0.5183013081550598,0.6547598242759705,0.1584388613700866,0.8744108080863953,0.501720130443573,0.6612300276756287,0.0929059758782386,0.8575323224067688,0.5318976044654846,0.6820309162139893,0.1119830086827278,0.9773606061935424,0.5007950663566589,0.6920868158340454,0.0335163623094558,0.979943037033081
0.5373483300209045,0.2989457845687866,-0.2065690904855728,0.99996680021286,0.5412613749504089,0.2858780026435852,-0.2014081925153732,0.9999133348464966,0.5430513024330139,0.285504549741745,-0.2014670222997665,0.9999074935913086,0.5446513891220093,0.2850659489631653,-0.2014819532632827,0.9999114274978638,0.5342571139335632,0.284883975982666,-0.2070954591035843,0.9999139308929444,0.5314465165138245,0.2836702466011047,-0.2071356028318405,0.9999120235443116,0.5287166833877563,0.282242089509964,-0.2071347385644912,0.9999204277992249,0.5441440939903259,0.2833971679210663,-0.1473464518785476,0.9997885823249816,0.5226978063583374,0.2793010473251343,-0.1722732931375503,0.9998798966407776,0.5387491583824158,0.3078169226646423,-0.1831792891025543,0.9999603033065796,0.5310449004173279,0.3071045279502868,-0.1904420703649521,0.999966323375702,0.5532267689704895,0.3313879072666168,-0.095021553337574,0.9999685287475586,0.4957180023193359,0.3321641087532043,-0.1372431218624115,0.9999672174453736,0.5576428771018982,0.4046710133552551,-0.0706417113542556,0.9744704365730286,0.4876155257225036,0.4169058203697204,-0.1284365206956863,0.9902385473251344,0.5573151707649231,0.4777415990829468,-0.1049572974443435,0.9675821661949158,0.4902929663658142,0.4945672452449798,-0.1493285447359085,0.9842726588249208,0.5586669445037842,0.4971114099025726,-0.1156231239438057,0.9406993985176086,0.4900402724742889,0.5165421962738037,-0.1655153930187225,0.9708318710327148,0.554545521736145,0.4941679835319519,-0.1293287873268127,0.9441830515861512,0.4949575364589691,0.5148530006408691,-0.1771893054246902,0.9729178547859192,0.552934467792511,0.4869497716426849,-0.1110980808734893,0.939985990524292,0.4960103929042816,0.5078973770141602,-0.1538036912679672,0.9684180617332458,0.5338953137397766,0.4736538529396057,0.0154443467035889,0.9998693466186525,0.5029894709587097,0.4723259806632995,-0.0154607845470309,0.999887228012085,0.530250072479248,0.5667954087257385,0.0350855626165866,0.9893500804901124,0.5014626979827881,0.5724115967750549,-0.0028976763132959,0.9955688118934632,0.5213156938552856,0.6483345031738281,0.1322191059589386,0.9805272221565248,0.5022345781326294,0.6551080942153931,0.090910829603672,0.9890819191932678,0.5183013081550598,0.6545225381851196,0.1400793045759201,0.8729569911956787,0.5017133951187134,0.6610226035118103,0.0992294922471046,0.8522891402244568,0.5319174528121948,0.6820136904716492,0.0943180248141288,0.9772672057151794,0.5007826685905457,0.6919865608215332,0.0373819954693317,0.979203760623932
0.5400925278663635,0.3097790479660034,-0.2031094282865524,0.9999638199806212,0.5441172122955322,0.2983788847923279,-0.1981831192970276,0.9999064207077026,0.5458251237869263,0.2980553805828094,-0.1982380747795105,0.9998999834060668,0.5473692417144775,0.2975857257843017,-0.1982546299695968,0.9999054074287416,0.5377189517021179,0.2970332205295563,-0.2034431993961334,0.9999051094055176,0.5351690053939819,0.2956084311008453,-0.2034828960895538,0.999901533126831,0.5327110886573792,0.2939077615737915,-0.2034826576709747,0.999911606311798,0.5467824339866638,0.2948414087295532,-0.1473800241947174,0.9997724890708924,0.5272454619407654,0.2897613942623138,-0.1691448390483856,0.99986469745636,0.5411909222602844,0.3171640336513519,-0.1803696006536483,0.999955952167511,0.5339635610580444,0.3162684142589569,-0.1870488375425338,0.999961793422699,0.555563747882843,0.3399723172187805,-0.0960294380784034,0.999968409538269,0.4990127682685852,0.3367522954940796,-0.1338939219713211,0.9999662637710572,0.5611282587051392,0.4087691903114319,-0.0692963227629661,0.9747784733772278,0.4888065755367279,0.4192216992378235,-0.1230019703507423,0.9900928139686584,0.5606473088264465,0.4801778197288513,-0.1004975289106369,0.9682311415672302,0.4926040470600128,0.4969261586666107,-0.1256160736083984,0.9840360283851624,0.560940682888031,0.5001667737960815,-0.1117287129163742,0.9412438869476318,0.4925532937049866,0.5190098285675049,-0.1355573832988739,0.9701883792877196,0.5568346381187439,0.4975111186504364,-0.127790629863739,0.9446168541908264,0.4971837401390075,0.5175616145133972,-0.1454106420278549,0.9722915887832642,0.5554218888282776,0.4900839924812317,-0.1073444858193397,0.9403907060623168,0.4980905950069427,0.5104039907455444,-0.1288621425628662,0.9676828980445862,0.5344576239585876,0.4750952124595642,0.0131622347980737,0.9998617172241212,0.5043107271194458,0.4733580648899078,-0.0131858447566628,0.9998740553855896,0.532321035861969,0.5675901174545288,0.0272551756352186,0.9886123538017272,0.5016639232635498,0.5720559358596802,0.0063667786307632,0.9949193000793456,0.5215823650360107,0.648621141910553,0.1101729497313499,0.9802648425102234,0.5023288726806641,0.6544266939163208,0.0916860252618789,0.9884983897209167,0.5183635950088501,0.6545298099517822,0.1165070086717605,0.8700257539749146,0.501816987991333,0.6605087518692017,0.0980316847562789,0.8460701704025269,0.5319895148277283,0.6819981932640076,0.0683983340859413,0.9771077036857604,0.5007867217063904,0.6914259195327759,0.0398580692708492,0.9784820079803468
0.5436245799064636,0.3239859640598297,-0.2292699813842773,0.9999582171440125,0.5476222634315491,0.3130398094654083,-0.2247552573680877,0.9998940229415894,0.5491780042648315,0.3125980198383331,-0.2247883230447769,0.9998854398727416,0.5505697131156921,0.312028706073761,-0.2247999310493469,0.9998940229415894,0.5417608022689819,0.3119774758815765,-0.2305071651935577,0.9998905062675476,0.5395039916038513,0.3106129765510559,-0.2305458337068557,0.9998842477798462,0.5372735261917114,0.3088833391666412,-0.2305637896060943,0.9998983144760132,0.549604594707489,0.308501124382019,-0.1691199690103531,0.9997344017028807,0.5318540930747986,0.3040591180324554,-0.1942731887102127,0.9998396635055542,0.5444421768188477,0.3309175968170166,-0.2047917246818542,0.999942421913147,0.5373638272285461,0.3301523923873901,-0.2121835500001907,0.9999499917030334,0.5581901669502258,0.3512365818023681,-0.1080403104424476,0.9999651908874512,0.5018709897994995,0.3435746133327484,-0.1546842753887176,0.9999628663063048,0.5640478134155273,0.4186069667339325,-0.0760253593325614,0.975133180618286,0.4899421036243438,0.424570620059967,-0.1383103877305984,0.9899961948394777,0.5630731582641602,0.4883028268814087,-0.1020364239811897,0.9685438871383668,0.4942485988140106,0.5010679364204407,-0.1358525604009628,0.983739137649536,0.5630500316619873,0.5076541900634766,-0.1120046079158783,0.9408437609672546,0.4943708777427673,0.5232610106468201,-0.1415733247995376,0.9691455364227296,0.5597726106643677,0.505916953086853,-0.1267602294683456,0.9441840648651124,0.498807430267334,0.5219714641571045,-0.1481439024209976,0.9712898135185242,0.5586466193199158,0.4982492625713348,-0.1083783283829689,0.9398982524871826,0.4996779263019562,0.5152547359466553,-0.1372174322605133,0.9664303064346312,0.5350844860076904,0.4786357879638672,0.0135452719405293,0.9998264908790588,0.5059211850166321,0.4764502048492431,-0.0135531686246395,0.9998252391815186,0.5348517298698425,0.5703443288803101,0.0140387108549475,0.9869073033332824,0.5016710162162781,0.5728265047073364,-0.0132601587101817,0.9933934807777404,0.5217006802558899,0.649625837802887,0.0834533125162124,0.9790794849395752,0.5022776126861572,0.6554571986198425,0.0615426748991012,0.9870091676712036,0.518308699131012,0.6551079750061035,0.0882728099822998,0.8630478382110596,0.501928448677063,0.6615442633628845,0.0665501579642295,0.8330503702163696,0.5319826602935791,0.6825763583183289,0.0372430682182312,0.9761961102485656,0.5007826685905457,0.6914418935775757,0.0083045270293951,0.9770097136497498
0.546124279499054,0.3442566394805908,-0.246592715382576,0.9999461770057678,0.550696074962616,0.3323635160923004,-0.2428945749998092,0.9998689889907836,0.5522743463516235,0.3319649994373321,-0.2429139912128448,0.9998573660850524,0.5536720156669617,0.3313647508621216,-0.2429119944572448,0.9998710751533508,0.544739842414856,0.3298133015632629,-0.2484637945890426,0.9998633861541748,0.542451798915863,0.3277162909507751,-0.248500794172287,0.99985533952713,0.5402162075042725,0.3254315555095672,-0.2485249936580658,0.9998759031295776,0.5529333353042603,0.326480895280838,-0.1879174262285232,0.9996630549430848,0.5350477695465088,0.3194317817687988,-0.2121275216341018,0.999801516532898,0.5468273162841797,0.3500302731990814,-0.2219457030296325,0.9999143481254578,0.5400634407997131,0.3479183614253998,-0.229082390666008,0.9999272227287292,0.5605571866035461,0.3629710376262665,-0.1212169080972671,0.9999592304229736,0.5044971704483032,0.3534273505210876,-0.1705938875675201,0.9999585747718812,0.5676595568656921,0.4276003539562225,-0.0869847163558006,0.9757944345474244,0.4912243783473968,0.4324281215667724,-0.1536755114793777,0.9897684454917908,0.5644752979278564,0.4953513741493225,-0.108318492770195,0.968834102153778,0.4964217841625213,0.5099487900733948,-0.150773748755455,0.983231782913208,0.5643718838691711,0.5147562623023987,-0.1171100065112114,0.940220594406128,0.4967595934867859,0.532127857208252,-0.1601569056510925,0.9676037430763244,0.5616399645805359,0.5128647685050964,-0.1313638538122177,0.9436018466949464,0.5010038614273071,0.5299272537231445,-0.1674960106611251,0.9698603749275208,0.5606269240379333,0.5050876140594482,-0.1143864318728447,0.9394105076789856,0.5019935369491577,0.5229620933532715,-0.152835801243782,0.9646753668785096,0.5355543494224548,0.4778334498405456,0.0153342625126242,0.9997596144676208,0.5066428184509277,0.4760744869709015,-0.0153141384944319,0.9997475743293762,0.5369850993156433,0.5703964829444885,0.0043712062761187,0.9836740493774414,0.5016582608222961,0.5720754265785217,-0.0312799252569675,0.9908980131149292,0.5220112204551697,0.6497827172279358,0.0660293325781822,0.9758007526397704,0.5022594332695007,0.6540414094924927,0.0308257956057786,0.984361469745636,0.518143892288208,0.6551070809364319,0.0700925588607788,0.8497661352157593,0.502036452293396,0.6599451899528503,0.0345208160579204,0.8152065277099609,0.5326228141784668,0.6827865839004517,0.0209359433501958,0.9735039472579956,0.5012980699539185,0.6911077499389648,-0.0231315083801746,0.9745509028434752
0.5488587617874146,0.3645636439323425,-0.2904293835163116,0.999936044216156,0.5532345175743103,0.3541488349437713,-0.2869053781032562,0.9998512864112854,0.5549402832984924,0.3531721830368042,-0.2869239747524261,0.9998379945755004,0.556513786315918,0.3518122732639313,-0.2869178354740143,0.99985533952713,0.5474914312362671,0.3525694012641907,-0.2930566072463989,0.9998446106910706,0.5454322099685669,0.3504675328731537,-0.2931056618690491,0.999835193157196,0.5434557199478149,0.3478634655475616,-0.2931276261806488,0.9998598098754884,0.5562891364097595,0.3442734181880951,-0.2273947447538375,0.9996087551116944,0.5387176871299744,0.3385191559791565,-0.2538791596889496,0.999775528907776,0.5495747923851013,0.3685332834720611,-0.2634665369987488,0.9998902678489684,0.5429203510284424,0.3673927187919616,-0.2712997496128082,0.9999058842658995,0.5638249516487122,0.3720191121101379,-0.1490021347999572,0.999954104423523,0.5079464316368103,0.3643839359283447,-0.2060790956020355,0.999954640865326,0.5701269507408142,0.4382173717021942,-0.1147441416978836,0.9756693243980408,0.4924589395523071,0.4403793513774872,-0.1903863996267318,0.9891148805618286,0.5675027966499329,0.5075082182884216,-0.143519714474678,0.9677270650863647,0.4972297549247741,0.5149931907653809,-0.1934437304735183,0.982014000415802,0.5675690770149231,0.5268924832344055,-0.153227150440216,0.9373756647109984,0.4972299635410309,0.5397417545318604,-0.2067396491765976,0.9650254249572754,0.565510094165802,0.5251025557518005,-0.1694931089878082,0.9409379363059998,0.5016284584999084,0.5370545983314514,-0.2168256938457489,0.9674984216690063,0.5650169253349304,0.5173763036727905,-0.1505810469388961,0.9366175532341005,0.5028631687164307,0.5284335613250732,-0.1967976242303848,0.9616628885269164,0.5363560914993286,0.4774017930030823,0.0187380537390708,0.9997149109840392,0.507868766784668,0.476041167974472,-0.0186973940581083,0.999689280986786,0.5381943583488464,0.5716959834098816,0.0085496250540018,0.9799049496650696,0.5018438696861267,0.5701971650123596,-0.0341840125620365,0.9884604215621948,0.5220158696174622,0.6505851745605469,0.0825104638934135,0.9712180495262146,0.501727283000946,0.6531221270561218,0.0422770120203495,0.9808034896850586,0.5171076655387878,0.655544638633728,0.0876883119344711,0.8333202004432678,0.5020236968994141,0.6584873795509338,0.0474973358213901,0.7945385575294495,0.5326756834983826,0.6827841401100159,0.036551795899868,0.970007061958313,0.5012845993041992,0.6908090710639954,-0.0105637712404131,0.9716036915779114
0.5516337156295776,0.3799628317356109,-0.2889716327190399,0.999932587146759,0.5556638836860657,0.371475338935852,-0.285138338804245,0.9998473525047302,0.5572410821914673,0.3705901503562927,-0.2851575911045074,0.9998329281806946,0.5587201714515686,0.3692235648632049,-0.2851417362689972,0.9998520016670228,0.5505674481391907,0.3698674440383911,-0.2911419868469238,0.9998406171798706,0.5487183928489685,0.367906391620636,-0.291184514760971,0.9998306632041932,0.54683917760849,0.3653564155101776,-0.2912013232707977,0.9998571276664734,0.5581617951393127,0.3610608279705047,-0.2261202335357666,0.9995957612991332,0.5419527292251587,0.3549142479896545,-0.2518483698368072,0.9997739791870116,0.5517779588699341,0.3831985294818878,-0.2624228894710541,0.9998841285705566,0.5453987717628479,0.3822972178459167,-0.2700692415237427,0.9999010562896729,0.5659739971160889,0.3822179734706878,-0.1486730724573135,0.999951422214508,0.5099719166755676,0.3764386773109436,-0.2054009586572647,0.9999549984931946,0.5711668133735657,0.4522832036018371,-0.1180347651243209,0.9760888814926147,0.4928893148899078,0.4519492089748382,-0.1951127648353576,0.989259958267212,0.5710914134979248,0.5209497213363647,-0.1510006636381149,0.9677861332893372,0.4981981813907623,0.5229900479316711,-0.2102569043636322,0.982331395149231,0.5720957517623901,0.5398045778274536,-0.1611082106828689,0.9364947080612184,0.498046725988388,0.5494914650917053,-0.2256082147359848,0.9651814103126526,0.5694254040718079,0.5385941863059998,-0.177624300122261,0.9401847124099731,0.5028174519538879,0.5480886101722717,-0.2346544563770294,0.9676724076271056,0.5687407851219177,0.5322712063789368,-0.1581975370645523,0.935705542564392,0.5041396021842957,0.5394139885902405,-0.2134335935115814,0.9615406394004822,0.5371693968772888,0.4800831973552704,0.0205843262374401,0.9996868968009948,0.5092781186103821,0.4769626259803772,-0.0205295551568269,0.9996647834777832,0.5410482883453369,0.5717087984085083,-0.0061813434585928,0.976654589176178,0.5023099780082703,0.5699276924133301,-0.0470651499927043,0.986714005470276,0.5219857692718506,0.650414764881134,0.0749201849102974,0.965034544467926,0.5013264417648315,0.6530036926269531,0.0315086208283901,0.9775087237358092,0.516094446182251,0.6547011733055115,0.0811252519488334,0.8164359331130981,0.5018289089202881,0.6581668257713318,0.0371616706252098,0.7764373421669006,0.5332176685333252,0.6825231313705444,0.0346839949488639,0.9656683802604676,0.5018886923789978,0.690833330154419,-0.0193006824702024,0.9690460562705994
0.5549846887588501,0.4037394523620605,-0.320959597826004,0.9999341368675232,0.5591765642166138,0.3947644531726837,-0.3165322840213775,0.9998518228530884,0.5604469180107117,0.3936052620410919,-0.3165515065193176,0.9998369812965392,0.5617255568504333,0.3920596837997436,-0.316530168056488,0.999856412410736,0.5550419688224792,0.3939879238605499,-0.3238997757434845,0.999846875667572,0.5535398125648499,0.392223984003067,-0.3239463269710541,0.9998375177383424,0.5518978834152222,0.3899020254611969,-0.3239509165287018,0.9998634457588196,0.5598212480545044,0.3840197324752807,-0.2540822625160217,0.9996061325073242,0.5462214350700378,0.3788886666297912,-0.2859860062599182,0.9997853636741638,0.5544540286064148,0.405937910079956,-0.2930124402046203,0.9998874068260192,0.5493058562278748,0.4045076370239258,-0.3024719953536987,0.9999047517776488,0.5664717555046082,0.3914174139499664,-0.1676207035779953,0.9999520778656006,0.511517345905304,0.3918636441230774,-0.2334116399288177,0.9999571442604064,0.572534441947937,0.457110583782196,-0.1369684189558029,0.977078139781952,0.4938635230064392,0.4644165933132171,-0.2290439009666443,0.9896870255470276,0.5745272040367126,0.5293788313865662,-0.1838859617710113,0.9687668681144714,0.4992575049400329,0.5334518551826477,-0.2553150951862335,0.9831270575523376,0.5760380029678345,0.5481884479522705,-0.1965337842702865,0.9373824596405028,0.4985328018665313,0.5576857924461365,-0.2735840678215027,0.966358721256256,0.5727289319038391,0.5464025139808655,-0.2144902497529983,0.9410441517829896,0.5034663081169128,0.5585957765579224,-0.2838996052742004,0.9687560200691224,0.5715113878250122,0.5398522615432739,-0.1920811533927917,0.9363093376159668,0.5049971342086792,0.5517404675483704,-0.2590825855731964,0.962347686290741,0.5370064973831177,0.4797450304031372,0.0229355227202177,0.9996973872184752,0.5099174380302429,0.476803183555603,-0.0228548292070627,0.999678909778595,0.5444554686546326,0.5720104575157166,-0.0247027706354856,0.97383451461792,0.5031161904335022,0.5698526501655579,-0.063640646636486,0.985718846321106,0.5218098759651184,0.6503990888595581,0.0660509467124939,0.9587873220443726,0.5010153651237488,0.6530115604400635,0.013670727610588,0.975999653339386,0.5150710940361023,0.6546425819396973,0.0728636011481285,0.8030757308006287,0.5015219449996948,0.6581201553344727,0.0187495313584804,0.7681616544723511,0.5332590937614441,0.6822600960731506,0.0228030309081077,0.9615358114242554,0.5020124912261963,0.6909122467041016,-0.0435740128159523,0.9681426286697388
0.5581516623497009,0.4196034073829651,-0.3461781740188598,0.9999368786811828,0.5617746114730835,0.4098147749900818,-0.3426579236984253,0.9998586773872375,0.5632691979408264,0.408089131116867,-0.3426810204982757,0.999843955039978,0.5647310018539429,0.4060262143611908,-0.3426668345928192,0.9998630285263062,0.5568304061889648,0.4102357029914856,-0.3503393232822418,0.9998557567596436,0.5550704598426819,0.4087773859500885,-0.3504012525081634,0.9998470544815063,0.5533301830291748,0.406692773103714,-0.3504073917865753,0.999871790409088,0.5620484948158264,0.3974458873271942,-0.2819784283638,0.9996269941329956,0.5471771359443665,0.3950784206390381,-0.3154494166374206,0.9998009204864502,0.5579118728637695,0.4216848611831665,-0.3184782266616821,0.9998933672904968,0.5525968670845032,0.4211045503616333,-0.3284509479999542,0.999910295009613,0.5685340166091919,0.4069229662418365,-0.1898547261953354,0.9999535083770752,0.5146671533584595,0.4020296037197113,-0.2581936419010162,0.9999600052833556,0.5740165114402771,0.4651813209056854,-0.1522753834724426,0.9772546291351318,0.4953625500202179,0.4711185395717621,-0.2502358257770538,0.9901394248008728,0.5776519179344177,0.535845935344696,-0.1908592134714126,0.9679462909698486,0.4998024702072143,0.5440461039543152,-0.2759316265583038,0.9838491678237916,0.5802417397499084,0.5550041794776917,-0.2031481564044952,0.9344489574432372,0.4988276660442352,0.5658188462257385,-0.2964453995227813,0.9674525260925292,0.5764880776405334,0.553776204586029,-0.2212804406881332,0.93831467628479,0.5045484304428101,0.5671426057815552,-0.3071000874042511,0.9697424173355104,0.5749150514602661,0.5462183952331543,-0.1990733295679092,0.9331485629081726,0.5061691999435425,0.559848964214325,-0.2799601256847381,0.9630110859870912,0.5385599136352539,0.4793271124362945,0.0231479201465845,0.9997153282165528,0.5103755593299866,0.4762820303440094,-0.0230557713657617,0.9997015595436096,0.5453721880912781,0.5731233358383179,-0.0091431466862559,0.970599889755249,0.5034824013710022,0.5726367235183716,-0.0488362349569797,0.9844520688056946,0.5215379595756531,0.649383008480072,0.1042473763227462,0.9522963166236876,0.5009657740592957,0.6524055600166321,0.0497247539460659,0.9741508364677428,0.5145696997642517,0.6534926891326904,0.112940676510334,0.7898045182228088,0.5011432766914368,0.656852126121521,0.0573737286031246,0.7621727585792542,0.5327405333518982,0.681140124797821,0.0605839863419532,0.9564749598503112,0.5020155310630798,0.6907692551612854,-0.0062807174399495,0.966654896736145
0.5604709982872009,0.4351125657558441,-0.3297899067401886,0.9999351501464844,0.564548134803772,0.4271341264247894,-0.3267253041267395,0.9998578429222108,0.5660629868507385,0.425701767206192,-0.3267475664615631,0.9998419284820556,0.5675879120826721,0.4239294528961181,-0.3267543017864227,0.9998615980148317,0.5597259402275085,0.4268748760223388,-0.3340718448162079,0.999858558177948,0.5579826831817627,0.4253041744232178,-0.3341285288333893,0.999850332736969,0.5558947920799255,0.4231332242488861,-0.3341354429721832,0.9998748898506165,0.5650755763053894,0.4107774496078491,-0.2694406509399414,0.9996386766433716,0.5498502254486084,0.4101506173610687,-0.3019216358661651,0.9998117089271544,0.5601122379302979,0.4358261823654175,-0.3033894896507263,0.999893307685852,0.554764986038208,0.4346210956573486,-0.3131046891212463,0.999911904335022,0.5710211992263794,0.4079777896404266,-0.183486133813858,0.9999513030052184,0.5177204012870789,0.4146560728549957,-0.2426842600107193,0.999960482120514,0.5762587785720825,0.4763969779014587,-0.1410757005214691,0.9770447611808776,0.4966633915901184,0.4800703227519989,-0.2319785803556442,0.9901590943336488,0.5828115940093994,0.5468493103981018,-0.1659837216138839,0.9665989279747008,0.4995805025100708,0.5517480969429016,-0.248633325099945,0.9839915037155152,0.5852386951446533,0.5663508772850037,-0.1750898659229278,0.930850386619568,0.4982377290725708,0.5727302432060242,-0.2655921578407287,0.9674882888793944,0.5812394022941589,0.5652550458908081,-0.1922178566455841,0.9349579215049744,0.5043185949325562,0.5751503109931946,-0.2758393287658691,0.969746232032776,0.5801070332527161,0.5575757622718811,-0.1732437014579773,0.9297729134559632,0.5060843229293823,0.5674639940261841,-0.252330869436264,0.9626120328903198,0.5406355261802673,0.4790268540382385,0.022200247272849,0.9997332096099854,0.5127981901168823,0.4762532413005829,-0.0221336483955383,0.9997217059135436,0.5482168793678284,0.5730233192443848,-0.0154680842533707,0.9666924476623536,0.5040987133979797,0.5737577080726624,-0.0477283857762813,0.982039213180542,0.5215325951576233,0.6494259238243103,0.0739549398422241,0.9456306099891664,0.5024386644363403,0.6523907780647278,0.0320674628019332,0.9717352390289308,0.5145283341407776,0.6532885432243347,0.0809139534831047,0.7777105569839478,0.5014629364013672,0.6574769616127014,0.0377150624990463,0.7576972246170044,0.5323334336280823,0.6811942458152771,0.0322407223284244,0.9508085250854492,0.5021891593933105,0.6918582916259766,-0.0205121096223592,0.964443564414978
0.5631226301193237,0.4560777842998504,-0.3416712880134582,0.9999304413795472,0.5669326186180115,0.4484107494354248,-0.3383953869342804,0.9998522996902466,0.5684056878089905,0.4468465447425842,-0.3384177386760711,0.999833881855011,0.5697594881057739,0.4450488686561584,-0.3384223282337188,0.999854564666748,0.5623562932014465,0.4476614594459533,-0.3452116847038269,0.9998582005500792,0.5602008700370789,0.4454632401466369,-0.345258891582489,0.999850571155548,0.5580459237098694,0.4423725306987762,-0.3452678620815277,0.9998754262924194,0.5698295831680298,0.4399277567863464,-0.2781213223934173,0.9996392130851746,0.5504709482192993,0.426087886095047,-0.3082349598407745,0.9998196363449096,0.5623881816864014,0.4570575356483459,-0.3139394521713257,0.9998903274536132,0.556995689868927,0.4551163613796234,-0.3229859471321106,0.9999122619628906,0.573260486125946,0.4286459386348724,-0.1862396597862243,0.9999493956565856,0.5179921984672546,0.4291201531887054,-0.2427858710289001,0.9999613761901855,0.5810016989707947,0.4931489825248718,-0.1401707381010055,0.976953387260437,0.4971698820590973,0.4905361533164978,-0.229327991604805,0.9902791380882264,0.5885431170463562,0.55866539478302,-0.1641412228345871,0.9653841853141784,0.4994678497314453,0.5662859678268433,-0.2503580749034881,0.9843013882637024,0.5906381607055664,0.5767748951911926,-0.1731072515249252,0.9272280931472778,0.4978423118591308,0.586052417755127,-0.2667969167232513,0.9679378271102904,0.5870412588119507,0.5763346552848816,-0.1910983771085739,0.9316625595092772,0.5040484666824341,0.5893145203590393,-0.2777408063411712,0.9701547026634216,0.5850610733032227,0.5689361095428467,-0.1717115491628646,0.9264601469039916,0.5060140490531921,0.5823004841804504,-0.2540904879570007,0.9626914858818054,0.544014036655426,0.4835033416748047,0.0210326798260211,0.9997554421424866,0.514241099357605,0.4773333966732025,-0.0209041349589824,0.9997451305389404,0.549432635307312,0.5731024742126465,-0.0576965287327766,0.9648262858390808,0.5065076351165771,0.5771911144256592,-0.0609887577593326,0.9796300530433656,0.5229471921920776,0.6493800282478333,0.0269678365439176,0.9415250420570374,0.5034825801849365,0.6533652544021606,0.019282978028059,0.9693205952644348,0.5159446597099304,0.6532992124557495,0.0335036143660545,0.7701793313026428,0.502172589302063,0.6598228812217712,0.0249710269272327,0.7507086992263794,0.5312336087226868,0.679833710193634,-0.0191514119505882,0.9479121565818788,0.5024016499519348,0.6910790205001831,-0.0344475694000721,0.962631106376648
0.5658467411994934,0.4677190482616424,-0.3284709751605987,0.999915599822998,0.5692993402481079,0.4599360525608063,-0.3250850141048431,0.9998263120651244,0.5706651210784912,0.4588108658790588,-0.3250854909420013,0.9998018145561218,0.5720325112342834,0.4568287134170532,-0.3251037001609802,0.9998274445533752,0.5650841593742371,0.4586135447025299,-0.3336191773414612,0.9998457431793212,0.5632234215736389,0.4563066959381103,-0.3336918950080871,0.9998382925987244,0.5611746907234192,0.453190416097641,-0.3337101340293884,0.9998670816421508,0.5703774690628052,0.4421379566192627,-0.2679335474967956,0.999610424041748,0.5526958107948303,0.4367903470993042,-0.3060778975486755,0.999820351600647,0.5649698376655579,0.4695705473423004,-0.3020083010196686,0.9998766779899596,0.5600317120552063,0.4673856794834137,-0.3133465647697449,0.9999074935913086,0.5748625993728638,0.4339061975479126,-0.1756788045167923,0.9999484419822692,0.5214881300926208,0.4437675476074219,-0.2475640624761581,0.999962568283081,0.5848401784896851,0.4999704957008362,-0.1278475672006607,0.9729887247085572,0.4986813962459564,0.5052098035812378,-0.2372895181179046,0.989924132823944,0.5929498076438904,0.5685294270515442,-0.1339608132839203,0.9572566747665404,0.4992992281913757,0.5768151879310608,-0.2529684007167816,0.9831656217575072,0.5950701236724854,0.5870218873023987,-0.1387734413146972,0.9127734899520874,0.4976743757724762,0.5979254245758057,-0.2702890038490295,0.9658325910568236,0.5921109914779663,0.5889859199523926,-0.15718774497509,0.917884886264801,0.5038530230522156,0.6013981103897095,-0.2791136503219604,0.9680205583572388,0.5904621481895447,0.5798332095146179,-0.1414606273174286,0.9128223061561584,0.5058795213699341,0.5952774882316589,-0.2558645009994507,0.959123969078064,0.5478028655052185,0.4872908294200897,0.0212916024029254,0.9997762441635132,0.5202943086624146,0.4813187718391418,-0.021170100197196,0.9997674822807312,0.548714280128479,0.5761045217514038,-0.0392843633890152,0.945670485496521,0.5109972357749939,0.5813080072402954,-0.0708483606576919,0.9667955636978148,0.522895872592926,0.6493552327156067,0.0421553887426853,0.9180606603622437,0.5041239261627197,0.6540228128433228,-0.0035361049231141,0.95857572555542,0.5156571865081787,0.6532920598983765,0.0487723127007484,0.7520166635513306,0.5014564394950867,0.6675638556480408,0.0011645572958514,0.7431726455688477,0.5281985998153687,0.6788972020149231,0.0020058338996022,0.9308071136474608,0.5025283694267273,0.6904531121253967,-0.0544505976140499,0.9546414613723756
0.5686663389205933,0.4843883514404297,-0.2709537744522095,0.9999115467071532,0.57154780626297,0.4755319654941559,-0.2686794996261596,0.9998186826705932,0.5725758075714111,0.4742242991924286,-0.2686795592308044,0.9997916221618652,0.573477029800415,0.4723415374755859,-0.2687043845653534,0.9998185038566588,0.567003071308136,0.4753095209598541,-0.2783168256282806,0.9998437762260436,0.5651658773422241,0.4735060930252075,-0.2783734500408172,0.9998363852500916,0.5624490976333618,0.4705576002597809,-0.278394490480423,0.9998666048049928,0.5728451609611511,0.4593309462070465,-0.2247930169105529,0.999618649482727,0.554701566696167,0.456008106470108,-0.271792322397232,0.999829888343811,0.5677778720855713,0.4820402264595032,-0.2497337460517883,0.9998767971992492,0.5627926588058472,0.4813366830348968,-0.2625478506088257,0.9999096989631652,0.5760274529457092,0.4493220150470733,-0.1454717516899109,0.999947428703308,0.5224602818489075,0.4570643305778503,-0.2293309569358825,0.9999629259109496,0.5885334610939026,0.5070421099662781,-0.0909343287348747,0.9676279425621032,0.4994170367717743,0.5208625793457031,-0.2202708572149276,0.9897422194480896,0.5963255167007446,0.5797221660614014,-0.083717793226242,0.947461724281311,0.4998232126235962,0.592702329158783,-0.2393164038658142,0.9822880029678344,0.599507212638855,0.5977879166603088,-0.0848399847745895,0.8957516551017761,0.497436374425888,0.6136289238929749,-0.2549684047698974,0.9641147255897522,0.596752405166626,0.599249541759491,-0.1013086885213851,0.9021801948547364,0.5036084651947021,0.6152529716491699,-0.253625750541687,0.966370403766632,0.5950633883476257,0.5913521647453308,-0.0904261544346809,0.8988955616950989,0.5058881640434265,0.6104423403739929,-0.2373107075691223,0.9567323327064514,0.5479347109794617,0.5031622052192688,0.0234666801989078,0.9997894167900084,0.5183735489845276,0.4980019032955169,-0.023343052715063,0.9997828602790833,0.552295982837677,0.5828856825828552,-0.0265029091387987,0.9280551075935364,0.517099142074585,0.5845728516578674,-0.0689395144581794,0.9555449485778807,0.5231894850730896,0.6493533253669739,0.0520062446594238,0.8972503542900085,0.5053666234016418,0.6599683165550232,0.0037857496645301,0.9475602507591248,0.5156710147857666,0.6532902121543884,0.0588691756129264,0.7381080985069275,0.5030863285064697,0.6672407388687134,0.0100839613005518,0.737949013710022,0.528499186038971,0.6791089773178101,0.0114645604044198,0.913533627986908,0.5046507120132446,0.6897652745246887,-0.0325269699096679,0.945237159729004
0.569271445274353,0.5056515336036682,-0.2781627476215362,0.999909520149231,0.5731674432754517,0.4985891282558441,-0.2752971053123474,0.9998169541358948,0.5743910074234009,0.497073084115982,-0.2753003239631653,0.9997875094413756,0.5754503011703491,0.4954352378845215,-0.2753163576126098,0.9998157024383544,0.5690862536430359,0.498429924249649,-0.284503310918808,0.999845564365387,0.5671606659889221,0.4968461692333221,-0.2845548391342163,0.9998375773429872,0.565269410610199,0.4949413239955902,-0.2845703065395355,0.9998685121536256,0.5740975141525269,0.4835736751556396,-0.2273462563753128,0.9996278285980223,0.5589771866798401,0.4805772602558136,-0.2712694108486175,0.9998399019241332,0.5691701769828796,0.5039017796516418,-0.2557872831821441,0.9998791813850404,0.5633400082588196,0.5033120512962341,-0.2677913904190063,0.9999127984046936,0.5775434374809265,0.4647985696792602,-0.1477283388376236,0.9999468922615052,0.5252891182899475,0.4720647037029266,-0.231275588274002,0.999963879585266,0.5893681049346924,0.5183506011962891,-0.0956645980477333,0.9612597823143004,0.5002299547195435,0.5320499539375305,-0.2347085326910019,0.9898120760917664,0.6000837683677673,0.5886601805686951,-0.0925907269120216,0.939306378364563,0.4998626708984375,0.6041834354400635,-0.2521122694015503,0.9821173548698424,0.6041165590286255,0.6080425977706909,-0.0941868126392364,0.8830925822257996,0.497282475233078,0.6250025033950806,-0.2699454724788666,0.9636932015419006,0.6015328168869019,0.6086613535881042,-0.1120950877666473,0.8905282616615295,0.5034131407737732,0.6267703771591187,-0.2758214175701141,0.9659164547920228,0.599216878414154,0.601355791091919,-0.099811740219593,0.8880295157432556,0.5056779980659485,0.6219226121902466,-0.2544538378715515,0.9555982947349548,0.5462372303009033,0.5179261565208435,0.0251263100653886,0.9998049736022948,0.5170667171478271,0.5097416043281555,-0.0250204224139451,0.9997990131378174,0.5561325550079346,0.5878564119338989,-0.033016599714756,0.9091617465019226,0.5139320492744446,0.5922446846961975,-0.0777866095304489,0.9455587267875672,0.523604154586792,0.6498063206672668,0.051943514496088,0.8683689832687378,0.5053237676620483,0.6641161441802979,0.0117472140118479,0.927441656589508,0.5160309672355652,0.6536362767219543,0.0601264424622058,0.7190406322479248,0.5033594369888306,0.667327344417572,0.0200750045478343,0.7239381670951843,0.528569221496582,0.6791922450065613,0.0220828894525766,0.89131760597229,0.5044453144073486,0.6898196339607239,-0.0100601315498352,0.930350422859192
0.570672869682312,0.5120330452919006,-0.2450158149003982,0.9999151825904846,0.5748003125190735,0.5058500170707703,-0.2438844591379165,0.999829113483429,0.5760056972503662,0.5043396353721619,-0.2438888996839523,0.9998011589050292,0.5772592425346375,0.5018345713615417,-0.2438972294330597,0.9998274445533752,0.5706133246421814,0.5055147409439087,-0.2530913352966308,0.9998565912246704,0.5689730048179626,0.5038971900939941,-0.2531340718269348,0.9998489022254944,0.5669299960136414,0.5014007687568665,-0.2531418204307556,0.9998779296875,0.574853241443634,0.488680362701416,-0.2069045901298523,0.9996585249900818,0.5620717406272888,0.4881248772144317,-0.2478236258029937,0.999854326248169,0.5704074501991272,0.5100259780883789,-0.226897656917572,0.9998895525932312,0.5645214319229126,0.5086929202079773,-0.2389797866344452,0.99992036819458,0.5792879462242126,0.4723298847675323,-0.1324605345726013,0.9999507665634156,0.5282001495361328,0.4795291423797607,-0.2215112298727035,0.9999667406082152,0.5901913046836853,0.5239464640617371,-0.0686914846301078,0.9524015784263612,0.4999923706054687,0.5409239530563354,-0.2332811057567596,0.990288019180298,0.6036771535873413,0.5971183180809021,-0.0410830341279506,0.9240498542785645,0.5005576014518738,0.6166391968727112,-0.2215611934661865,0.9825231432914734,0.6078096628189087,0.6131319999694824,-0.0375695042312145,0.8612704277038574,0.4977295100688934,0.6385934948921204,-0.2372786402702331,0.9641664624214172,0.6068699955940247,0.6147536039352417,-0.0542395822703838,0.870184063911438,0.5038071274757385,0.6411389708518982,-0.2406392097473144,0.9662835597991944,0.6039028763771057,0.6063278913497925,-0.0471667163074016,0.8695194721221924,0.5062500834465027,0.6363159418106079,-0.2226780354976654,0.9554311633110046,0.5472000241279602,0.5238017439842224,0.0260794945061206,0.9998214244842528,0.5170207619667053,0.5162033438682556,-0.0259811971336603,0.9998162984848022,0.5586971044540405,0.5906006693840027,-0.0274762865155935,0.8902533054351807,0.5157671570777893,0.5932554006576538,-0.0798083022236824,0.9415140748023988,0.5247315168380737,0.6480062007904053,0.0621602199971675,0.8373585939407349,0.5061523914337158,0.660309910774231,0.015021332539618,0.9079569578170776,0.5166371464729309,0.6478434801101685,0.0737689435482025,0.6994581818580627,0.5045516490936279,0.6592738032341003,0.0308828447014093,0.7154964804649353,0.5286418795585632,0.6786937117576599,0.0647372752428054,0.8650529384613037,0.504330039024353,0.6838845610618591,0.0280225463211536,0.9137091636657716
0.571615993976593,0.5249391198158264,-0.2412079125642776,0.999922215938568,0.5767439007759094,0.5200456976890564,-0.2392873167991638,0.9998433589935304,0.5781180262565613,0.5189051032066345,-0.2392951846122741,0.9998177289962769,0.5794945955276489,0.5171423554420471,-0.2393055558204651,0.9998418688774108,0.5720353722572327,0.5192978978157043,-0.249147817492485,0.9998689293861388,0.5703115463256836,0.5179555416107178,-0.2491923421621322,0.999861776828766,0.5682818293571472,0.5157517790794373,-0.2492037713527679,0.9998883605003356,0.5773115158081055,0.5048739910125732,-0.2004482746124267,0.9996898174285888,0.564408004283905,0.5022304058074951,-0.2438714206218719,0.999868094921112,0.5717810988426208,0.5228028893470764,-0.2225623130798339,0.999899685382843,0.5655735731124878,0.5210532546043396,-0.2354974299669265,0.9999277591705322,0.5809152722358704,0.4841365218162536,-0.1270687878131866,0.999954640865326,0.5300108790397644,0.4896983504295349,-0.2184317857027053,0.9999693036079408,0.5913095474243164,0.5420345664024353,-0.0753820464015007,0.9478325247764589,0.5003898739814758,0.5511953830718994,-0.2225295752286911,0.9907631874084472,0.6072283983230591,0.609660267829895,-0.0691306367516517,0.9193375706672668,0.5007691979408264,0.6298423409461975,-0.2188753187656402,0.9831778407096864,0.6133455038070679,0.6262176632881165,-0.0680450648069381,0.854825496673584,0.4979831278324127,0.6532943844795227,-0.2344222962856292,0.9652363657951356,0.612372100353241,0.6270061135292053,-0.0850969702005386,0.8646929264068604,0.503691554069519,0.65403151512146,-0.2384482324123382,0.9672740697860718,0.6092103123664856,0.6204121708869934,-0.0760520249605178,0.8650245070457458,0.5060189962387085,0.6473361253738403,-0.2201733738183975,0.9563674330711364,0.546666145324707,0.5354952216148376,0.0271450951695442,0.999837040901184,0.518283486366272,0.5344318151473999,-0.0270291976630687,0.9998325109481812,0.5591109991073608,0.5942907929420471,-0.0250017438083887,0.874828040599823,0.5184811353683472,0.605965256690979,-0.0869359895586967,0.9392693042755128,0.5261587500572205,0.6446985006332397,0.0630203709006309,0.8007075786590576,0.5076149106025696,0.6599771976470947,0.0169705189764499,0.884769082069397,0.5207870006561279,0.6402201056480408,0.0733344629406929,0.6756942272186279,0.5060285925865173,0.6580075025558472,0.0300937853753566,0.703664243221283,0.5288597941398621,0.6758403778076172,0.0643171295523643,0.8351695537567139,0.5056999325752258,0.6841805577278137,0.0273475889116525,0.8958306908607483
0.5732783079147339,0.5360101461410522,-0.2545245885848999,0.999929130077362,0.578152060508728,0.5313812494277954,-0.2521726489067077,0.9998571872711182,0.5796388983726501,0.529906690120697,-0.2521827518939972,0.9998337626457214,0.5809653997421265,0.5287688970565796,-0.2521877884864807,0.9998557567596436,0.5737404227256775,0.5306543707847595,-0.2617813348770141,0.999880850315094,0.5723615288734436,0.529303252696991,-0.2618313431739807,0.9998742938041688,0.5709322690963745,0.5276141166687012,-0.2618413865566253,0.9998984932899476,0.5815455913543701,0.5153897404670715,-0.2092957496643066,0.9997190833091736,0.5671284794807434,0.5126088857650757,-0.2504101991653442,0.9998809099197388,0.5730715990066528,0.5328056812286377,-0.2344016283750534,0.9999094009399414,0.5677337646484375,0.5314158797264099,-0.2469605058431625,0.999934732913971,0.5837715864181519,0.4942817986011505,-0.1325243413448333,0.9999586939811708,0.5345239043235779,0.4954147338867187,-0.2246312499046325,0.9999719262123108,0.5921098589897156,0.5538828372955322,-0.0822699293494224,0.9427201747894288,0.5025813579559326,0.5555059909820557,-0.2295433431863784,0.991372048854828,0.6101605892181396,0.6181354522705078,-0.0801553428173065,0.9108226299285888,0.5010583996772766,0.6364946961402893,-0.2404534220695495,0.9839567542076112,0.615775465965271,0.631454348564148,-0.0801635980606079,0.8444264531135559,0.497899979352951,0.6601054072380066,-0.2583006620407104,0.966638207435608,0.6158803105354309,0.632844090461731,-0.0985306203365325,0.8549811840057373,0.503602147102356,0.6627601981163025,-0.2638043761253357,0.9685572981834412,0.613093912601471,0.6280727386474609,-0.0876011773943901,0.8549628257751465,0.5058674216270447,0.6559798121452332,-0.2426425367593765,0.957580029964447,0.5473310947418213,0.5460138320922852,0.0272889975458383,0.9998525977134703,0.5185350775718689,0.5361878871917725,-0.0271915383636951,0.9998480677604676,0.5626725554466248,0.5959089398384094,-0.0426408648490905,0.8713434338569641,0.5221517086029053,0.6100950837135315,-0.1020802110433578,0.9400548934936525,0.5321387052536011,0.644264817237854,0.0535705164074897,0.7735109329223633,0.5165618062019348,0.6524593830108643,0.0403278246521949,0.8493111729621887,0.5242770910263062,0.6410886645317078,0.0643710121512413,0.6595768928527832,0.5159137845039368,0.6458837389945984,0.057969756424427,0.6850523352622986,0.5300194025039673,0.6755790710449219,0.0549609251320362,0.8102766275405884,0.5116861462593079,0.6829006671905518,0.0694132894277572,0.8675798773765564
0.5737249851226807,0.5428336262702942,-0.254840612411499,0.999935746192932,0.5790313482284546,0.5400912165641785,-0.2538778185844421,0.9998704791069032,0.580383837223053,0.5394006371498108,-0.253817468881607,0.9998490810394288,0.5820328593254089,0.5373807549476624,-0.2537800967693329,0.9998691082000732,0.5741811394691467,0.5384669899940491,-0.2664250135421753,0.9998921155929564,0.5728948712348938,0.5368553996086121,-0.2664938867092132,0.9998860955238342,0.5712607502937317,0.5342787504196167,-0.266514241695404,0.9999080300331116,0.5854686498641968,0.5183016657829285,-0.2156247645616531,0.9997460842132568,0.5692067742347717,0.5200432538986206,-0.2625629603862762,0.9998925924301147,0.5743353962898254,0.536860466003418,-0.2399567514657974,0.9999182224273682,0.5682358145713806,0.5375773906707764,-0.2555952370166778,0.999941110610962,0.5872682332992554,0.5010538101196289,-0.1394570618867874,0.999962329864502,0.5399215817451477,0.5014228820800781,-0.2378009110689163,0.999974250793457,0.5949743986129761,0.5596345067024231,-0.0983916670083999,0.9377156496047974,0.5061718225479126,0.5598852038383484,-0.2469250410795211,0.9918643236160278,0.6104609966278076,0.6275644898414612,-0.1049513071775436,0.901722490787506,0.5015701055526733,0.642552375793457,-0.25702765583992,0.9847147464752196,0.6163651943206787,0.638349175453186,-0.1075341627001762,0.8345927596092224,0.4980585277080536,0.664215624332428,-0.278154969215393,0.9680363535881042,0.616974413394928,0.6397886276245117,-0.1280313432216644,0.845578134059906,0.503534734249115,0.6671561002731323,-0.2822411358356476,0.9697948098182678,0.6129328608512878,0.6345393061637878,-0.1134182959794998,0.8444110155105591,0.5057663917541504,0.6604346632957458,-0.2592147290706634,0.9586561918258668,0.5501028299331665,0.5522787570953369,0.0277403034269809,0.999866247177124,0.5229012370109558,0.5417912006378174,-0.0276620090007781,0.9998617172241212,0.5650179386138916,0.6001137495040894,-0.031019102782011,0.8651844263076782,0.5315706729888916,0.6134675741195679,-0.0959073826670646,0.9404085278511048,0.5346023440361023,0.643782377243042,0.0931616276502609,0.7456861734390259,0.5180296897888184,0.650781512260437,0.0866952314972877,0.8202385306358337,0.5269534587860107,0.6409940719604492,0.1061341613531112,0.6454095840454102,0.5165241360664368,0.6443175077438354,0.1048517748713493,0.6744815707206726,0.5303181409835815,0.6746020317077637,0.0971746072173118,0.7823426127433777,0.5107085108757019,0.681556761264801,0.1172455251216888,0.8431708216667175
0.5747343897819519,0.5555101633071899,-0.2612816095352173,0.9999419450759888,0.579615592956543,0.552307665348053,-0.2594465017318725,0.9998829364776612,0.580873429775238,0.5520262718200684,-0.2594224512577057,0.9998634457588196,0.5822840929031372,0.5511783957481384,-0.2594109773635864,0.999881625175476,0.5752974152565002,0.5500167012214661,-0.269900918006897,0.9999025464057922,0.5740340948104858,0.5480943918228149,-0.2699602246284485,0.9998970627784728,0.5727670192718506,0.5458409190177917,-0.2699804902076721,0.9999168515205384,0.5838363170623779,0.5386119484901428,-0.2165864557027816,0.9997708201408386,0.5706278085708618,0.5306591987609863,-0.2620480358600616,0.9999032020568848,0.5751648545265198,0.5532374382019043,-0.2427532225847244,0.9999262690544128,0.569601833820343,0.5504100322723389,-0.2565976083278656,0.9999468922615052,0.5882489681243896,0.5169851779937744,-0.1400294601917266,0.9999657273292542,0.5417022109031677,0.5089566707611084,-0.2341641038656234,0.9999763369560242,0.5947357416152954,0.5664879083633423,-0.0977894216775894,0.935876190662384,0.5076685547828674,0.5688872933387756,-0.2502845227718353,0.992307424545288,0.6078464388847351,0.6314432621002197,-0.103280209004879,0.900834619998932,0.5034977793693542,0.6467040181159973,-0.2756072282791137,0.9855908751487732,0.6144052743911743,0.6413354277610779,-0.1074331030249595,0.8348664045333862,0.4988751113414764,0.666546642780304,-0.2992935180664062,0.9697824716567992,0.6149978637695312,0.6417413353919983,-0.1259951293468475,0.8463281989097595,0.5047249794006348,0.6708664298057556,-0.3049624264240265,0.9714214205741882,0.6116886138916016,0.6382399797439575,-0.1111780703067779,0.8441228866577148,0.5071700811386108,0.6649760603904724,-0.2787317037582397,0.960189700126648,0.5499106049537659,0.5649822950363159,0.0272174272686243,0.9998790621757508,0.5238801836967468,0.55050128698349,-0.0271326526999473,0.9998745322227478,0.5653029084205627,0.6037265062332153,-0.0299930684268474,0.858663022518158,0.5325660705566406,0.6136360168457031,-0.0736163854598999,0.9386229515075684,0.5345106720924377,0.6425819396972656,0.0960219353437423,0.7172574996948242,0.5203831791877747,0.6401488184928894,0.1090278625488281,0.7793844938278198,0.5275400876998901,0.6402817964553833,0.1092021390795707,0.631449818611145,0.5189151167869568,0.6328567862510681,0.1288681924343109,0.6569762825965881,0.5304703116416931,0.6708908081054688,0.0997668206691742,0.7581630349159241,0.5127115845680237,0.675635814666748,0.1438398212194442,0.8121324777603149
0.5781354904174805,0.5631904602050781,-0.2252332717180252,0.999947428703308,0.5825157165527344,0.5594480633735657,-0.2212464660406112,0.9998939633369446,0.5835531949996948,0.5587058663368225,-0.2212773263454437,0.9998762607574464,0.5843785405158997,0.5579047799110413,-0.2212824374437332,0.9998927712440492,0.5795002579689026,0.5578213334083557,-0.2315878868103027,0.9999117851257324,0.5782783627510071,0.5563471913337708,-0.2316399216651916,0.9999067187309264,0.5772113800048828,0.5543391108512878,-0.2316310852766037,0.9999246001243592,0.5841712355613708,0.5450223088264465,-0.1786485165357589,0.999792754650116,0.5741738677024841,0.5398465991020203,-0.2239001244306564,0.9999126195907592,0.5776568651199341,0.5613745450973511,-0.2064783126115799,0.9999334812164308,0.5730568170547485,0.5586308836936951,-0.2197551429271698,0.9999520778656006,0.5910450220108032,0.5235809087753296,-0.1128861829638481,0.999968945980072,0.5436839461326599,0.5204779505729675,-0.2112890183925628,0.9999778866767884,0.5945486426353455,0.5761579275131226,-0.0882571786642074,0.9351038932800292,0.5100101232528687,0.5738828182220459,-0.2388289272785186,0.992673933506012,0.6067227721214294,0.6357536911964417,-0.114897608757019,0.901006817817688,0.5060586333274841,0.650615930557251,-0.2569454908370971,0.9864235520362854,0.6141794919967651,0.6435830593109131,-0.1224480047821998,0.8371431827545166,0.5010930895805359,0.6692742705345154,-0.2792895436286926,0.9714258313179016,0.6145566701889038,0.6418939232826233,-0.1395926773548126,0.8486155867576599,0.5066721439361572,0.6715854406356812,-0.2846701443195343,0.9729411602020264,0.6110773086547852,0.639350950717926,-0.1227239742875099,0.845019519329071,0.5096343159675598,0.6656447052955627,-0.2599918246269226,0.9615525007247924,0.549297571182251,0.5722434520721436,0.0271656848490238,0.999890387058258,0.5224692225456238,0.5710533857345581,-0.027104964479804,0.9998853802680968,0.5696620941162109,0.6070319414138794,-0.0421895235776901,0.8564008474349976,0.5347740650177002,0.610284149646759,-0.1001255437731742,0.9404922127723694,0.5340402126312256,0.6424533128738403,0.0453819371759891,0.6957597732543945,0.5183358192443848,0.6392743587493896,0.0529420189559459,0.7525544762611389,0.5270144939422607,0.6411113142967224,0.0552721694111824,0.6258919835090637,0.5165300965309143,0.6333690285682678,0.0735199302434921,0.6537466049194336,0.5300405621528625,0.6693860292434692,0.0477053634822368,0.7387986779212952,0.5143861174583435,0.6742516160011292,0.0816922411322593,0.7896696925163269
0.5819622874259949,0.5705702304840088,-0.2418567538261413,0.9999518990516664,0.5854352116584778,0.5672449469566345,-0.2395268231630325,0.9999032020568848,0.5862710475921631,0.566730260848999,-0.2395647913217544,0.9998868107795716,0.587029218673706,0.5658940672874451,-0.2395691722631454,0.9999020099639891,0.5819494128227234,0.5651755332946777,-0.2497635334730148,0.9999198317527772,0.5807096362113953,0.5634884834289551,-0.249824658036232,0.9999150633811952,0.5796145796775818,0.5615628361701965,-0.2498259246349334,0.9999313950538636,0.5860108137130737,0.5541399121284485,-0.1980441361665725,0.999811589717865,0.5770347714424133,0.5479793548583984,-0.2397337406873703,0.9999209642410278,0.5808365941047668,0.567818284034729,-0.222817912697792,0.9999397993087769,0.5761789679527283,0.5651588439941406,-0.236043781042099,0.9999566078186036,0.5891557931900024,0.5283644199371338,-0.1225684359669685,0.9999717473983764,0.5502150654792786,0.5353176593780518,-0.2174476534128189,0.9999797940254213,0.5963226556777954,0.5770419836044312,-0.0892846509814262,0.9192319512367249,0.5134097337722778,0.5757687091827393,-0.2354261577129364,0.9930176734924316,0.6064453721046448,0.6351287364959717,-0.1021442413330078,0.8898564577102661,0.5080031752586365,0.6537137627601624,-0.2574933469295501,0.9872273802757264,0.614210307598114,0.6423645615577698,-0.1098252534866333,0.8256228566169739,0.5019846558570862,0.6715152859687805,-0.2808453440666199,0.9730114936828612,0.6150124669075012,0.6412198543548584,-0.1238929852843284,0.8386725783348083,0.5079267024993896,0.673290491104126,-0.2872314751148224,0.97441828250885,0.6111651659011841,0.6386110782623291,-0.1086547821760177,0.8343783617019653,0.5112006068229675,0.6678141355514526,-0.2610214650630951,0.9627798795700072,0.5490152835845947,0.5796712636947632,0.0274319220334291,0.9999005794525146,0.5244026184082031,0.5743548274040222,-0.0273939408361911,0.9998958110809326,0.5681469440460205,0.6101821064949036,0.0321640223264694,0.8278745412826538,0.5367133021354675,0.6094627976417542,-0.0522247664630413,0.9366551041603088,0.5356348156929016,0.6274347305297852,0.1498752981424331,0.645290732383728,0.5236925482749939,0.6172814965248108,0.1172840669751167,0.6965713500976562,0.5306975245475769,0.6253745555877686,0.1627151370048523,0.5842214822769165,0.5234739184379578,0.6106508374214172,0.1369960606098175,0.6128326654434204,0.5300746560096741,0.6438138484954834,0.1636881530284881,0.6971468329429626,0.5185019373893738,0.643054187297821,0.156738132238388,0.7445817589759827
0.584064781665802,0.5687102675437927,-0.2425470948219299,0.9999558925628662,0.5878442525863647,0.5668286085128784,-0.2396812438964843,0.9999113082885742,0.5888679623603821,0.5667243003845215,-0.2397149354219436,0.9998961091041564,0.5899214148521423,0.5663343667984009,-0.2397219240665435,0.9999101758003236,0.5845394730567932,0.5642634630203247,-0.2496246695518493,0.99992698431015,0.5835685133934021,0.5627280473709106,-0.249686136841774,0.9999225735664368,0.5824944972991943,0.5606063604354858,-0.2496841996908188,0.9999374747276306,0.5902444124221802,0.556053102016449,-0.1968775242567062,0.9998286366462708,0.5808277130126953,0.5489899516105652,-0.2397761940956115,0.9999284744262696,0.5834155678749084,0.567348062992096,-0.2227195352315902,0.9999454617500304,0.5788633823394775,0.5641568899154663,-0.2356125265359878,0.999960720539093,0.5928024649620056,0.5344350934028625,-0.1258735954761505,0.9999741911888124,0.5529525279998779,0.526948094367981,-0.2144100368022918,0.9999814629554749,0.5975332856178284,0.5802642703056335,-0.0833088457584381,0.9154709577560424,0.5170012712478638,0.5777191519737244,-0.2262289375066757,0.9933860301971436,0.6073775887489319,0.6355834007263184,-0.0914939939975738,0.8883741497993469,0.5108981728553772,0.6550256013870239,-0.2542425990104675,0.9879246354103088,0.6152999401092529,0.6414085626602173,-0.096402421593666,0.8244631290435791,0.5047155618667603,0.6708237528800964,-0.2785156667232513,0.9743654131889344,0.61602783203125,0.6411178708076477,-0.1110163182020187,0.8378005027770996,0.5110355615615845,0.6737551093101501,-0.2810617387294769,0.9756798148155212,0.6121091842651367,0.6388556361198425,-0.0977382808923721,0.8328691124916077,0.5141350030899048,0.6692281365394592,-0.2557604014873504,0.963965892791748,0.5528720021247864,0.5806180238723755,0.0273480042815208,0.9999095797538756,0.5299072861671448,0.5715145468711853,-0.0273137763142585,0.9999048709869384,0.569593608379364,0.6240466833114624,0.0106361117213964,0.8227789998054504,0.5324593782424927,0.6174478530883789,-0.0649301931262016,0.936300814151764,0.5323216319084167,0.6342699527740479,0.1303276717662811,0.6226468086242676,0.5206144452095032,0.6199093461036682,0.0838150531053543,0.6670287847518921,0.5257408618927002,0.6283658146858215,0.1333121210336685,0.5670197606086731,0.5198904871940613,0.622957706451416,0.1007778123021125,0.5941608548164368,0.5234222412109375,0.6589473485946655,0.1065773144364357,0.6809428334236145,0.5167957544326782,0.6579456925392151,0.1098291724920272,0.7240633368492126
0.587310791015625,0.5702192187309265,-0.2316135317087173,0.9999586939811708,0.5910618305206299,0.5673742294311523,-0.2295025140047073,0.9999175071716307,0.5922181010246277,0.567359447479248,-0.229544311761856,0.9999029636383056,0.5933752655982971,0.5672183036804199,-0.2295577079057693,0.9999164938926696,0.5877072215080261,0.5648100972175598,-0.2385231703519821,0.9999327659606934,0.5867990255355835,0.5633426904678345,-0.2385796010494232,0.9999285936355592,0.5857327580451965,0.561162531375885,-0.2385749816894531,0.9999424815177916,0.5943383574485779,0.5575558543205261,-0.190068170428276,0.9998425841331482,0.5841121077537537,0.5495319366455078,-0.2293250113725662,0.99993497133255,0.5869678258895874,0.5686430931091309,-0.2128839194774627,0.9999500513076782,0.5822893381118774,0.5654258728027344,-0.2245805859565735,0.9999640583992004,0.6021085381507874,0.5405175685882568,-0.1259719580411911,0.9999759197235109,0.5571126341819763,0.527307391166687,-0.2027071863412857,0.9999826550483704,0.5994541049003601,0.5779805779457092,-0.0811925902962684,0.9107733964920044,0.5211337208747864,0.5781536102294922,-0.2125694751739502,0.9933390617370604,0.6068435907363892,0.6320828199386597,-0.0827007442712783,0.8851985931396484,0.5142550468444824,0.6560887694358826,-0.238739937543869,0.9882541298866272,0.6150680780410767,0.6403868198394775,-0.0883379727602005,0.819911539554596,0.5083881616592407,0.6721569299697876,-0.2607024312019348,0.9750590324401855,0.6152775287628174,0.6399291157722473,-0.1010223105549812,0.8340758085250854,0.5159794688224792,0.6732776761054993,-0.2643473446369171,0.9763529896736144,0.6111509799957275,0.6362793445587158,-0.0880653709173202,0.8290321826934814,0.5183188915252686,0.6688940525054932,-0.2406852841377258,0.964191198348999,0.5581094026565552,0.5806718468666077,0.0245582498610019,0.9999156594276428,0.5358211398124695,0.5694708824157715,-0.0245279539376497,0.9999107122421264,0.5680002570152283,0.6236433386802673,0.0169256385415792,0.8062141537666321,0.5306827425956726,0.6138768792152405,-0.0277484972029924,0.9299033880233764,0.5308822393417358,0.6350238919258118,0.1257134079933166,0.5929086804389954,0.5193994641304016,0.6292272806167603,0.1182435750961303,0.6331493258476257,0.5245748162269592,0.6297659277915955,0.1373882293701172,0.5424311757087708,0.518379271030426,0.6271011829376221,0.1354062259197235,0.5679018497467041,0.5216768383979797,0.6607268452644348,0.1301323920488357,0.6587033867835999,0.5127678513526917,0.6635755300521851,0.1447696834802627,0.6986461877822876
0.5906717777252197,0.5682501792907715,-0.2362800389528274,0.9999619126319884,0.5943441390991211,0.5656918883323669,-0.234172374010086,0.9999241232872008,0.5954135060310364,0.5655713677406311,-0.2342302501201629,0.9999104142189026,0.5965892672538757,0.5655984282493591,-0.234247013926506,0.999923288822174,0.5913328528404236,0.5633736848831177,-0.2440507709980011,0.9999384880065918,0.5902074575424194,0.5612515211105347,-0.2441103756427765,0.9999344944953918,0.5893332958221436,0.559353232383728,-0.2441076189279556,0.9999473690986632,0.5974398255348206,0.5560506582260132,-0.1944695562124252,0.9998556971549988,0.5864708423614502,0.5460729598999023,-0.2370326817035675,0.9999409317970276,0.5901554226875305,0.5661114454269409,-0.2173447757959365,0.9999542236328124,0.5859439373016357,0.5633493065834045,-0.2301536202430725,0.999967098236084,0.6032111644744873,0.5388259291648865,-0.131528690457344,0.99997740983963,0.5588369369506836,0.5313407778739929,-0.209389254450798,0.999983847141266,0.599807858467102,0.5804470181465149,-0.1012372970581054,0.9104619026184082,0.5251999497413635,0.5806971788406372,-0.2260882705450058,0.9934190511703492,0.6070476770401001,0.6343367695808411,-0.1243832930922508,0.8894324898719788,0.5182870626449585,0.6591727137565613,-0.258072167634964,0.9889718890190125,0.6151854395866394,0.6418001651763916,-0.1358064860105514,0.8257352113723755,0.5134801268577576,0.6753311157226562,-0.2833519876003265,0.9764686226844788,0.615254819393158,0.6407686471939087,-0.1490630060434341,0.8399418592453003,0.5209157466888428,0.6757398843765259,-0.2872831225395202,0.9776949286460876,0.6112858653068542,0.6377750039100647,-0.1309585124254226,0.8346872925758362,0.5224119424819946,0.6711372137069702,-0.2606852054595947,0.9657487869262696,0.5580299496650696,0.5807576775550842,0.0244618412107229,0.9999184608459472,0.5364866256713867,0.572317361831665,-0.024420041590929,0.999914288520813,0.5658606886863708,0.6264275312423706,0.0535063929855823,0.7901362776756287,0.5298120379447937,0.6193050742149353,0.0076337354257702,0.924025058746338,0.5294841527938843,0.6352239847183228,0.1736336052417755,0.5700750946998596,0.5174515843391418,0.6329346895217896,0.1611418575048446,0.6142337322235107,0.5234640836715698,0.6320430040359497,0.1866092681884765,0.5198381543159485,0.5161725282669067,0.6285822987556458,0.178285077214241,0.5477522611618042,0.5217229723930359,0.6621351838111877,0.1782685816287994,0.6447632312774658,0.5065492987632751,0.6650012731552124,0.1816365867853164,0.6870575547218323
0.5923434495925903,0.5658870339393616,-0.2403195947408676,0.9999639391899108,0.5959505438804626,0.562942385673523,-0.2384210675954818,0.9999285340309144,0.59693843126297,0.5626679062843323,-0.2384786605834961,0.9999151229858398,0.5979343056678772,0.5623867511749268,-0.2384965270757675,0.9999281764030457,0.5928547978401184,0.5606394410133362,-0.2484693527221679,0.9999427199363708,0.5918279886245728,0.558827817440033,-0.2485372871160507,0.999938666820526,0.5908041000366211,0.5566650629043579,-0.2485401630401611,0.9999510645866394,0.5983017086982727,0.5534204244613647,-0.1974834352731704,0.9998631477355956,0.5882294178009033,0.5443894267082214,-0.2415719926357269,0.9999454021453856,0.5920594930648804,0.563445508480072,-0.2214190661907196,0.9999565482139589,0.5876811742782593,0.5607770681381226,-0.2344025522470474,0.9999687671661376,0.6026615500450134,0.5371869802474976,-0.1417263597249984,0.9999781847000122,0.560420572757721,0.5336924195289612,-0.2189094573259353,0.9999847412109376,0.6002010107040405,0.5809705257415771,-0.1095029264688491,0.9089922904968262,0.5283633470535278,0.5845388770103455,-0.2362010329961776,0.9935149550437928,0.6075320839881897,0.6360281109809875,-0.1351397484540939,0.8941292762756348,0.5239883661270142,0.6586670875549316,-0.2646548151969909,0.9896805286407472,0.6152046918869019,0.6429811716079712,-0.1485355645418167,0.832776665687561,0.5201956033706665,0.6748272776603699,-0.2914821207523346,0.9778289198875428,0.6156672835350037,0.6415979862213135,-0.162708580493927,0.8469661474227905,0.5265283584594727,0.6750375032424927,-0.2947257459163666,0.978973627090454,0.6120272874832153,0.6393936276435852,-0.142482578754425,0.8415488004684448,0.5274803042411804,0.670853316783905,-0.2672497034072876,0.967186689376831,0.5572630763053894,0.581340491771698,0.0245830621570348,0.9999096989631652,0.5373342037200928,0.5757015943527222,-0.0245431996881961,0.9999132752418518,0.5495883822441101,0.6265807747840881,0.1129272207617759,0.7569243907928467,0.5280895829200745,0.62102210521698,0.0560891851782798,0.9151738286018372,0.5248969197273254,0.6366143822669983,0.2471087127923965,0.5405091047286987,0.5131967067718506,0.6371695399284363,0.2080340236425399,0.6039600372314453,0.520004153251648,0.6327475309371948,0.2610014975070953,0.4932586252689361,0.5108274817466736,0.6339237689971924,0.2240384966135025,0.5328754186630249,0.5197567939758301,0.6628798842430115,0.2507184147834778,0.6225654482841492,0.5055158734321594,0.6673444509506226,0.218423455953598,0.6785565614700317
0.5927098393440247,0.561202883720398,-0.258140355348587,0.999966025352478,0.5958561301231384,0.5584658980369568,-0.2557782828807831,0.9999327063560486,0.5968185067176819,0.558324933052063,-0.2558346688747406,0.9999197721481324,0.5977638959884644,0.5580458045005798,-0.2558582127094269,0.9999327659606934,0.5929647088050842,0.5559263229370117,-0.2656913697719574,0.9999467134475708,0.5920009613037109,0.5541199445724487,-0.2657611072063446,0.9999427199363708,0.5910662412643433,0.5518869757652283,-0.2657565772533417,0.9999544024467468,0.598183810710907,0.5496962666511536,-0.2113731950521469,0.999872386455536,0.5885365009307861,0.5396081805229187,-0.2547194063663482,0.9999497532844543,0.5924710631370544,0.560077428817749,-0.2375004142522812,0.9999593496322632,0.5883254408836365,0.5570429563522339,-0.2503048181533813,0.9999708533287048,0.603426992893219,0.5389081239700317,-0.1437294632196426,0.9999793171882628,0.5602068305015564,0.532078742980957,-0.2259144484996795,0.9999854564666748,0.6009232401847839,0.5819645524024963,-0.1042336449027061,0.9082475900650024,0.5317547917366028,0.5839031338691711,-0.238751620054245,0.9937227964401244,0.6079334020614624,0.6359590888023376,-0.1261039227247238,0.8959659337997437,0.5277533531188965,0.6546456813812256,-0.2630204558372497,0.9902422428131104,0.6155070066452026,0.6432660222053528,-0.1316891610622406,0.8364273905754089,0.5260900259017944,0.6710516214370728,-0.2870776951313019,0.9789804816246032,0.6160060167312622,0.6423295140266418,-0.1453644186258316,0.8507570028305054,0.5302800536155701,0.6727684140205383,-0.2902449071407318,0.9800558686256408,0.6128752827644348,0.640224277973175,-0.1311030387878418,0.8452631235122681,0.5314105749130249,0.6682178974151611,-0.2649277746677398,0.9684107303619384,0.5598141551017761,0.5825926065444946,0.0246115494519472,0.9999117851257324,0.5389896035194397,0.5761306285858154,-0.0245737619698047,0.9999162554740906,0.5540329217910767,0.6362709403038025,0.0651582926511764,0.7514659762382507,0.5286409258842468,0.6355763077735901,0.0144940735772252,0.9139537215232848,0.5245638489723206,0.6398211717605591,0.1962952315807342,0.5241653323173523,0.5101426243782043,0.6409410238265991,0.1659852862358093,0.5973592400550842,0.5197423100471497,0.6333967447280884,0.210473820567131,0.476114273071289,0.5080552697181702,0.6343963146209717,0.1826542913913726,0.5204477310180664,0.5168777108192444,0.664068341255188,0.2061427384614944,0.6109688878059387,0.5034481883049011,0.671932578086853,0.1853415668010711,0.6741119623184204
0.592312753200531,0.5575354695320129,-0.2772120237350464,0.9999670386314392,0.5954740047454834,0.5544924736022949,-0.2750758528709411,0.9999349117279052,0.5965092182159424,0.55423903465271,-0.2751328349113464,0.999921977519989,0.5975090861320496,0.5538073182106018,-0.2751595377922058,0.9999356269836426,0.5922564268112183,0.5521678328514099,-0.2846393585205078,0.9999493360519408,0.5911157727241516,0.5503460764884949,-0.2847157120704651,0.9999452233314514,0.5901982188224792,0.5481723546981812,-0.2847164869308471,0.9999565482139589,0.598047137260437,0.5449870824813843,-0.2287206351757049,0.9998763799667358,0.5873194336891174,0.5356382131576538,-0.2704223096370697,0.9999526143074036,0.5925007462501526,0.5561537146568298,-0.2553401589393616,0.9999600052833556,0.5881119966506958,0.5533626675605774,-0.2676698863506317,0.9999714493751526,0.6037618517875671,0.5372430682182312,-0.1548105627298355,0.999979853630066,0.5625432133674622,0.5295895338058472,-0.2364925295114517,0.9999858736991882,0.6020647883415222,0.5783332586288452,-0.1103550419211387,0.9074386358261108,0.5351172685623169,0.5830023288726807,-0.2437997609376907,0.9938250780105592,0.6076725721359253,0.6358746290206909,-0.131537526845932,0.8997489809989929,0.5329738259315491,0.6518236398696899,-0.2681422829627991,0.9908021092414856,0.615505039691925,0.6440631747245789,-0.1420401632785797,0.8431987762451172,0.531638503074646,0.6687710285186768,-0.2939786911010742,0.98015558719635,0.616313636302948,0.6432373523712158,-0.1602992266416549,0.8574199080467224,0.535188615322113,0.670276403427124,-0.2969944179058075,0.9811556935310364,0.6131150126457214,0.6411451697349548,-0.1399537026882171,0.8519645929336548,0.5364856719970703,0.6655001640319824,-0.2701232135295868,0.969721496105194,0.5635501742362976,0.5803630352020264,0.0246435832232236,0.9999113082885742,0.5425236225128174,0.5721371173858643,-0.0246033445000648,0.9999178051948548,0.5488099455833435,0.6329285502433777,0.0938797369599342,0.737419605255127,0.5303699374198914,0.629925012588501,0.0343928150832653,0.907872200012207,0.520238995552063,0.6433899402618408,0.230631798505783,0.5098689794540405,0.5125662684440613,0.6420658230781555,0.1821505427360534,0.5914108753204346,0.5146825909614563,0.6356317400932312,0.2448756843805313,0.4601118862628937,0.5091644525527954,0.634740948677063,0.1975512504577636,0.5059887170791626,0.5104151368141174,0.6723580360412598,0.2336587458848953,0.6020233631134033,0.5045105218887329,0.6740162968635559,0.1894334703683853,0.6700994968414307
0.5931570529937744,0.5569964051246643,-0.2801415622234344,0.9999688267707824,0.5962682962417603,0.55355304479599,-0.2777238190174103,0.9999383091926576,0.5974419713020325,0.5533038973808289,-0.2777765095233917,0.9999258518218994,0.5985491871833801,0.5527938008308411,-0.2777968347072601,0.9999393820762634,0.5927965641021729,0.5520225167274475,-0.2866504490375519,0.9999525547027588,0.5916324853897095,0.5499694347381592,-0.2867165505886078,0.9999485611915588,0.5906050801277161,0.5474509000778198,-0.2867100834846496,0.9999591708183287,0.5990142226219177,0.5427844524383545,-0.2300389558076858,0.999882996082306,0.5871421694755554,0.5342780947685242,-0.2689504623413086,0.9999557733535768,0.5936945080757141,0.5551542639732361,-0.257978081703186,0.9999619126319884,0.5888332724571228,0.5531254410743713,-0.2694486975669861,0.9999727010726928,0.6047524809837341,0.5352410078048706,-0.155545487999916,0.9999803900718688,0.5624522566795349,0.5292899012565613,-0.2349647730588913,0.9999860525131226,0.6034234166145325,0.5768035054206848,-0.114977166056633,0.908722996711731,0.5375095009803772,0.5816766619682312,-0.2489605695009231,0.9940321445465088,0.6074331402778625,0.6347402930259705,-0.1392482966184616,0.9037787914276124,0.5365325808525085,0.6502837538719177,-0.2839602828025818,0.9913321733474731,0.6151132583618164,0.6439096927642822,-0.1504326313734054,0.8501036167144775,0.534473180770874,0.6675950884819031,-0.3102997243404388,0.9812799692153932,0.615831732749939,0.6430884003639221,-0.1687489449977874,0.8640087842941284,0.5378199815750122,0.6691190004348755,-0.3135405480861664,0.982218861579895,0.6124307513237,0.6406487822532654,-0.1478172391653061,0.8584006428718567,0.5395623445510864,0.6642183065414429,-0.2862110137939453,0.9711123108863832,0.5650030374526978,0.5831339955329895,0.0245822668075561,0.9999127984046936,0.543803870677948,0.5747452974319458,-0.0245368611067533,0.999919891357422,0.5515174865722656,0.6366364359855652,0.0595045834779739,0.7434605360031128,0.5321150422096252,0.6349380612373352,0.0124270673841238,0.9094934463500975,0.5198074579238892,0.6467406749725342,0.1861850768327713,0.5156754851341248,0.5116063356399536,0.6464131474494934,0.1594404578208923,0.6029801964759827,0.5147707462310791,0.6411043405532837,0.1994907408952713,0.4584988951683044,0.5073354244232178,0.6369609236717224,0.1750026494264602,0.5051571130752563,0.5114797353744507,0.673568606376648,0.1863453984260559,0.6103746891021729,0.5045005083084106,0.674551784992218,0.1682693064212799,0.6802890300750732
0.5936118364334106,0.5491915941238403,-0.2817674577236175,0.99997079372406,0.5962808132171631,0.5453406572341919,-0.2788200974464416,0.9999419450759888,0.5975252389907837,0.5449883937835693,-0.2788524329662323,0.9999300241470336,0.598929762840271,0.5438365936279297,-0.2788583934307098,0.9999430179595948,0.592296838760376,0.5430929660797119,-0.2867935597896576,0.9999556541442872,0.5911518931388855,0.5413869023323059,-0.2868504226207733,0.9999517798423768,0.5901190638542175,0.5393484234809875,-0.2868412137031555,0.9999616146087646,0.6014055013656616,0.5336266756057739,-0.2293996959924698,0.999890387058258,0.5867980122566223,0.527897834777832,-0.2641106247901916,0.9999589920043944,0.5947284698486328,0.5484372973442078,-0.25935760140419,0.9999645948410034,0.5893677473068237,0.5464509725570679,-0.2693977952003479,0.999974489212036,0.6060859560966492,0.5342262983322144,-0.1514865010976791,0.9999810457229614,0.5631396174430847,0.5294445157051086,-0.2310943156480789,0.9999861121177672,0.6046819686889648,0.5758614540100098,-0.1169745773077011,0.9121882915496826,0.5385544896125793,0.5803235769271851,-0.243272453546524,0.9943839311599731,0.6073420643806458,0.6339564919471741,-0.1460088938474655,0.9072401523590088,0.5395783185958862,0.647322416305542,-0.2719471752643585,0.9917754530906676,0.6150044202804565,0.6436973810195923,-0.1561904400587082,0.8562771081924438,0.5369542241096497,0.6619522571563721,-0.2958257496356964,0.98219895362854,0.6156212687492371,0.6426382660865784,-0.1732850521802902,0.8695454001426697,0.5411115288734436,0.6651695370674133,-0.2997955679893493,0.9830732941627502,0.6120580434799194,0.6399673223495483,-0.1539133489131927,0.8636017441749573,0.5432015061378479,0.6602436900138855,-0.2740035951137543,0.9723559617996216,0.5669655203819275,0.5855565667152405,0.0245372168719768,0.9999178647994996,0.545711100101471,0.5767707228660583,-0.0244846101850271,0.9999240040779114,0.561987042427063,0.6487148404121399,-0.0098957121372222,0.7590435743331909,0.5386720299720764,0.6447501182556152,-0.0474734827876091,0.9135723114013672,0.5211027264595032,0.6504700779914856,0.1029179394245147,0.5316579937934875,0.5118923783302307,0.6475903987884521,0.0982269793748855,0.6158431768417358,0.5156806111335754,0.6438271999359131,0.1145892217755317,0.4672673940658569,0.5076726078987122,0.6379233598709106,0.1138907298445701,0.5130064487457275,0.5139209628105164,0.6742742657661438,0.1031409129500389,0.6225946545600891,0.504406750202179,0.676301896572113,0.113228864967823,0.6909250020980835
0.5921592712402344,0.5416767597198486,-0.2797608077526092,0.9999725222587584,0.5952757000923157,0.5375232696533203,-0.2767733335494995,0.9999454021453856,0.5968692302703857,0.5379876494407654,-0.2767927944660187,0.9999337792396544,0.5984931588172913,0.5372866988182068,-0.276775449514389,0.9999462366104126,0.5911000967025757,0.5342804789543152,-0.2835570871829986,0.999958336353302,0.5899519324302673,0.5325244665145874,-0.2835994660854339,0.9999544620513916,0.5889080166816711,0.5304863452911377,-0.2835936248302459,0.9999637007713318,0.6023924946784973,0.5274548530578613,-0.2264079451560974,0.999897301197052,0.5861638784408569,0.5202974677085876,-0.256123274564743,0.9999619722366332,0.5938127636909485,0.5420650839805603,-0.2569306492805481,0.9999672174453736,0.5886029601097107,0.5399453043937683,-0.2653279602527618,0.9999762177467346,0.6105620265007019,0.534805178642273,-0.1478632986545562,0.9999818801879884,0.564980685710907,0.5276178121566772,-0.2175856381654739,0.999986469745636,0.6072447896003723,0.5783045887947083,-0.1117023155093193,0.9184603095054626,0.5403066873550415,0.5791565179824829,-0.2248839437961578,0.9947751760482788,0.607543408870697,0.6339094638824463,-0.1397412419319152,0.9120834469795228,0.5386478900909424,0.637657880783081,-0.2562501728534698,0.9921945929527284,0.6149848103523254,0.6439217329025269,-0.148314967751503,0.8628235459327698,0.5368826389312744,0.6541137099266052,-0.2763181924819946,0.9830220341682434,0.6154301762580872,0.6430182456970215,-0.165563017129898,0.8754175305366516,0.5415332913398743,0.6580780744552612,-0.2807952165603637,0.9838467836380004,0.6119579076766968,0.6396554112434387,-0.1472785472869873,0.8691364526748657,0.543507993221283,0.6531732678413391,-0.2577092051506042,0.9736428260803224,0.5691698789596558,0.5905938744544983,0.0235837660729885,0.9999232292175292,0.5502487421035767,0.57477205991745,-0.0234854985028505,0.9999289512634276,0.5827118158340454,0.6475151777267456,-0.0600773058831691,0.7779995203018188,0.5424402356147766,0.6434922218322754,-0.091162659227848,0.9186645150184632,0.5320435166358948,0.6509950757026672,0.0444316715002059,0.5515377521514893,0.5120039582252502,0.6488483548164368,0.0377473197877407,0.6345289349555969,0.5258642435073853,0.6434258222579956,0.0548400841653347,0.4779502153396606,0.5074600577354431,0.6416649222373962,0.0511199571192264,0.5247304439544678,0.5220043063163757,0.6744555234909058,0.0404435507953166,0.6376867294311523,0.5045004487037659,0.677311897277832,0.0424318760633468,0.707429051399231
