x_0,y_0,z_0,visibility_0,x_1,y_1,z_1,visibility_1,x_2,y_2,z_2,visibility_2,x_3,y_3,z_3,visibility_3,x_4,y_4,z_4,visibility_4,x_5,y_5,z_5,visibility_5,x_6,y_6,z_6,visibility_6,x_7,y_7,z_7,visibility_7,x_8,y_8,z_8,visibility_8,x_9,y_9,z_9,visibility_9,x_10,y_10,z_10,visibility_10,x_11,y_11,z_11,visibility_11,x_12,y_12,z_12,visibility_12,x_13,y_13,z_13,visibility_13,x_14,y_14,z_14,visibility_14,x_15,y_15,z_15,visibility_15,x_16,y_16,z_16,visibility_16,x_17,y_17,z_17,visibility_17,x_18,y_18,z_18,visibility_18,x_19,y_19,z_19,visibility_19,x_20,y_20,z_20,visibility_20,x_21,y_21,z_21,visibility_21,x_22,y_22,z_22,visibility_22,x_23,y_23,z_23,visibility_23,x_24,y_24,z_24,visibility_24,x_25,y_25,z_25,visibility_25,x_26,y_26,z_26,visibility_26,x_27,y_27,z_27,visibility_27,x_28,y_28,z_28,visibility_28,x_29,y_29,z_29,visibility_29,x_30,y_30,z_30,visibility_30,x_31,y_31,z_31,visibility_31,x_32,y_32,z_32,visibility_32
0.4891881942749023,0.3453252613544464,-0.1391083151102066,0.9999833106994628,0.4927294552326202,0.3323231339454651,-0.1472637504339218,0.9999828934669496,0.4950240850448608,0.3324677646160126,-0.1474568396806717,0.99998539686203,0.4974419772624969,0.3327495157718658,-0.1473644524812698,0.9999902844429016,0.491267055273056,0.3312810063362121,-0.124632604420185,0.99997478723526,0.4915790855884552,0.3306516110897064,-0.1248307898640632,0.9999715089797974,0.4918631315231323,0.3299499154090881,-0.1248922795057296,0.9999738931655884,0.5096803307533264,0.3386124074459076,-0.1556728333234787,0.9999937415122986,0.501080334186554,0.3361318707466125,-0.050826895982027,0.9999440908432008,0.4933248162269592,0.3587103486061096,-0.1375929564237594,0.9999855756759644,0.4903710186481476,0.3567317426204681,-0.108990304172039,0.999964952468872,0.5337010025978088,0.4010243415832519,-0.1713778525590896,0.9999971389770508,0.4962723553180694,0.4157958924770355,0.0583702288568019,0.9998561143875122,0.5477657318115234,0.5024176239967346,-0.1961476951837539,0.9934497475624084,0.4468194544315338,0.4353760480880737,0.1808163821697235,0.3631357848644256,0.538242757320404,0.6038747429847717,-0.2020596116781234,0.9961800575256348,0.4791945517063141,0.3779973089694977,0.2624978125095367,0.7349793910980225,0.5396898984909058,0.6338074803352356,-0.2190288752317428,0.9922841787338256,0.4923684298992157,0.365823745727539,0.2735760807991028,0.6968145370483398,0.5307932496070862,0.6326451897621155,-0.2233673930168151,0.9916207194328308,0.4937882423400879,0.3652717769145965,0.2681178450584411,0.6907983422279358,0.5298062562942505,0.6244679689407349,-0.2014026343822479,0.9816189408302308,0.4901205897331238,0.3714620471000671,0.260728120803833,0.6634519100189209,0.5231172442436218,0.6025009751319885,-0.0736397057771682,0.9999189972877502,0.5046393275260925,0.6066008806228638,0.0735916793346405,0.999816358089447,0.519136369228363,0.7472890615463257,-0.0469441302120685,0.7506066560745239,0.5086265802383423,0.745055079460144,0.0595002323389053,0.2987688183784485,0.5249103307723999,0.8958616852760315,-0.0125470999628305,0.9474985003471376,0.5190926790237427,0.8867909908294678,0.1152433976531028,0.5617392659187317,0.5346114635467529,0.9256517291069032,-0.0145462276414036,0.8397203087806702,0.5289220213890076,0.9119529724121094,0.118503525853157,0.6555237770080566,0.4886838495731354,0.9232081174850464,-0.1008215695619583,0.956379532814026,0.4866573512554168,0.911820650100708,0.0712851509451866,0.7754384875297546
0.4887581765651703,0.3454488515853882,-0.1438723057508468,0.9999845027923584,0.4924122989177704,0.3324416279792785,-0.1526959240436554,0.9999842643737792,0.4946239292621612,0.3325614631175995,-0.1528911739587783,0.9999865293502808,0.4969852864742279,0.3327985107898712,-0.1528010815382003,0.9999911189079284,0.4908899366855621,0.3314287960529327,-0.1298073083162307,0.9999765753746032,0.4911490082740783,0.3307971656322479,-0.1300071775913238,0.9999732375144958,0.4913536012172699,0.3300906121730804,-0.1300725191831588,0.9999753832817078,0.5090087056159973,0.3386821150779724,-0.1623857915401458,0.9999942183494568,0.5003669857978821,0.3363947868347168,-0.0566971711814403,0.999947190284729,0.4931637048721313,0.3589139580726623,-0.1428292393684387,0.9999864101409912,0.4900396764278412,0.3568232357501983,-0.1138763725757598,0.9999666810035706,0.5333526730537415,0.401610791683197,-0.1763630956411361,0.9999971985816956,0.4956381022930145,0.4159868955612182,0.0525100789964199,0.999849498271942,0.5474898815155029,0.5031944513320923,-0.1994863450527191,0.9933068752288818,0.4465852975845337,0.4351612627506256,0.1722498089075088,0.3524719476699829,0.5379784107208252,0.6045118570327759,-0.2059186995029449,0.9960558414459229,0.4799184799194336,0.3784645497798919,0.2491223216056823,0.6959837079048157,0.5393096804618835,0.6345619559288025,-0.2234127521514892,0.9919858574867249,0.4933816492557525,0.369989812374115,0.2588762640953064,0.6560139060020447,0.5305183529853821,0.6329185962677002,-0.2285702675580978,0.9913027882575988,0.49504354596138,0.3699449300765991,0.2532229721546173,0.649450421333313,0.5295337438583374,0.6246801018714905,-0.2055589705705642,0.980947494506836,0.4913900792598724,0.3741507828235626,0.2470805048942566,0.6232481598854065,0.5229885578155518,0.6026354432106018,-0.0733542889356613,0.9999200105667114,0.5043110251426697,0.6068115234375,0.0733045265078544,0.9998161792755128,0.518970251083374,0.7472854852676392,-0.0463226549327373,0.7522731423377991,0.5082759857177734,0.7449518442153931,0.0623055137693882,0.3029353022575378,0.5249247550964355,0.896162748336792,-0.0089813470840454,0.9486168026924132,0.5190477967262268,0.8867776393890381,0.1207409873604774,0.5671130418777466,0.534634530544281,0.9257644414901732,-0.010784525424242,0.8401504755020142,0.5288932919502258,0.9118281006813048,0.1243018880486488,0.6568979620933533,0.4887026250362396,0.9232100248336792,-0.0984087511897087,0.9574363231658936,0.4866162538528442,0.9116226434707642,0.0775560811161995,0.7795583009719849
0.488256573677063,0.3455747067928314,-0.1325729489326477,0.9999854564666748,0.491923838853836,0.3325449526309967,-0.1422389894723892,0.99998539686203,0.4940180480480194,0.3326246738433838,-0.1424334496259689,0.9999874830245972,0.4963216781616211,0.3328113257884979,-0.1423461139202118,0.999991774559021,0.4904332756996155,0.331615537405014,-0.1187510341405868,0.9999779462814332,0.4906709790229797,0.3310022950172424,-0.1189492717385292,0.9999745488166808,0.4908342063426971,0.3303120732307434,-0.1190124601125717,0.9999764561653136,0.5085058808326721,0.3387265801429748,-0.1586313545703888,0.9999945759773254,0.4999705255031585,0.3367800712585449,-0.0478751398622989,0.9999493956565856,0.4929164350032806,0.3590991795063019,-0.1330740749835968,0.999987006187439,0.4897699952125549,0.3570506572723388,-0.1033310666680336,0.9999677538871764,0.53305584192276,0.4015758633613586,-0.1691368967294693,0.9999971985816956,0.4949603974819183,0.4159797132015228,0.0588688179850578,0.99984210729599,0.546842634677887,0.5031511187553406,-0.1916526854038238,0.9931904077529908,0.4462732076644897,0.4332606792449951,0.1725210547447204,0.3422841429710388,0.5374230146408081,0.6045663952827454,-0.1978739202022552,0.9959542155265808,0.4797822833061218,0.3825064599514007,0.2502464056015014,0.659460723400116,0.5388140082359314,0.634580135345459,-0.2160815447568893,0.9917608499526978,0.4932413697242737,0.3779010772705078,0.2597620189189911,0.6185507774353027,0.5301337242126465,0.6329384446144104,-0.2216257750988006,0.991072416305542,0.4949757754802704,0.377579927444458,0.25435271859169,0.6116509437561035,0.529163658618927,0.6247519850730896,-0.1978451609611511,0.980506718158722,0.4914917945861816,0.3807509243488312,0.2482819557189941,0.5867652297019958,0.5228220820426941,0.6026398539543152,-0.0728749856352806,0.9999200701713562,0.5040388703346252,0.6068633794784546,0.0728239566087722,0.999813973903656,0.5188086628913879,0.7472708225250244,-0.0464974865317344,0.7549208402633667,0.5082941651344299,0.744905412197113,0.0638413205742836,0.3053262829780578,0.5249295830726624,0.8963716626167297,-0.0127910142764449,0.949754238128662,0.5189696550369263,0.8867692947387695,0.1188205406069755,0.5705865621566772,0.5346590876579285,0.9258375763893129,-0.0150737967342138,0.8413618803024292,0.5288623571395874,0.91177099943161,0.1217820942401886,0.657362163066864,0.4887254536151886,0.9232162237167358,-0.1025092527270317,0.958452045917511,0.4865218997001648,0.9114126563072203,0.0739872753620147,0.7823513746261597
0.4877590537071228,0.3458066582679748,-0.1340279132127761,0.9999865889549256,0.4913770258426666,0.3327703773975372,-0.1413168460130691,0.9999866485595704,0.4934212565422058,0.3327855169773102,-0.1415039598941803,0.9999885559082032,0.4957493543624878,0.33289635181427,-0.1414095610380172,0.9999924898147584,0.4899170100688934,0.3319341540336609,-0.1191365197300911,0.9999796748161316,0.4901327490806579,0.3313294649124145,-0.1193379908800125,0.9999762773513794,0.4902484118938446,0.3306570947170257,-0.1194019690155983,0.999978005886078,0.5081418752670288,0.3388302028179168,-0.1523817926645279,0.9999949932098388,0.4995233714580536,0.3373470604419708,-0.0448930747807025,0.999952495098114,0.4926628470420837,0.3592814207077026,-0.1315789967775344,0.999987781047821,0.4894957840442657,0.3572729527950287,-0.1035017594695091,0.9999693036079408,0.5328431725502014,0.4015495777130127,-0.1611141115427017,0.9999971985816956,0.4949724376201629,0.4155297577381134,0.0603541024029254,0.9998339414596558,0.5463793873786926,0.5032208561897278,-0.1871964186429977,0.9931416511535645,0.4466190040111542,0.427864134311676,0.1703512370586395,0.3307389318943023,0.5368180871009827,0.6045855283737183,-0.1972127854824066,0.995907187461853,0.4811977744102478,0.3839037120342254,0.2481257319450378,0.619486391544342,0.5381589531898499,0.6345905065536499,-0.2158402055501938,0.9916629791259766,0.4946092963218689,0.3803167343139648,0.2575572729110718,0.5788474678993225,0.529792845249176,0.6329428553581238,-0.2214392572641372,0.9909920692443848,0.4964895248413086,0.3799978792667389,0.2527796626091003,0.5716649293899536,0.5288598537445068,0.6247531771659851,-0.1973122507333755,0.9804001450538636,0.4929440319538116,0.3828933238983154,0.2464545220136642,0.548590898513794,0.522623598575592,0.6026804447174072,-0.0716656893491745,0.99992036819458,0.5035840272903442,0.6069068908691406,0.0716074779629707,0.9998115301132202,0.5186214447021484,0.747276246547699,-0.0462030246853828,0.7593663334846497,0.5082201361656189,0.7448996901512146,0.0645608156919479,0.3116028010845184,0.5249196887016296,0.8964118957519531,-0.0157892666757106,0.9514219760894777,0.5188553333282471,0.886673629283905,0.1165395155549049,0.578870415687561,0.5346708297729492,0.9258608222007751,-0.0185109265148639,0.844007134437561,0.5288223028182983,0.9114545583724976,0.1191116273403167,0.6609088778495789,0.4887280464172363,0.9233372807502748,-0.1067632362246513,0.9599302411079408,0.486402690410614,0.9113807082176208,0.0704724639654159,0.7878122925758362
0.4874262511730194,0.3460676074028015,-0.1373365819454193,0.999987781047821,0.4909674227237701,0.3331556022167206,-0.143214076757431,0.9999878406524658,0.4930221736431122,0.3331103324890136,-0.143397644162178,0.9999895691871644,0.4954118728637695,0.3331367075443268,-0.143297404050827,0.9999932050704956,0.4894234836101532,0.3324455320835113,-0.1218113675713539,0.9999814629554749,0.4895781278610229,0.3318727314472198,-0.1220124289393425,0.999978244304657,0.4895973205566406,0.3312395811080932,-0.1220729500055313,0.9999797344207764,0.5077883005142212,0.3389076292514801,-0.1479129940271377,0.9999954104423524,0.4987265765666961,0.3379056751728058,-0.0442528836429119,0.9999560713768004,0.4925773739814758,0.359497606754303,-0.1327298283576965,0.9999887347221376,0.4893176853656769,0.3575330376625061,-0.1056964248418808,0.9999713897705078,0.5327377915382385,0.4013227522373199,-0.1565753668546676,0.9999973177909852,0.4949684143066406,0.4146351814270019,0.0615317560732364,0.9998303055763244,0.5460404753684998,0.5033329129219055,-0.181657612323761,0.9932196736335754,0.4467077255249023,0.4217161834239959,0.1710687577724456,0.3195242881774902,0.5363820791244507,0.6045672297477722,-0.1919183582067489,0.9959314465522766,0.4826206266880035,0.3839516937732696,0.2563180029392242,0.5803599953651428,0.537752091884613,0.6344757676124573,-0.2103308588266372,0.9916889667510986,0.4955628216266632,0.3805459141731262,0.2666059732437134,0.5405325293540955,0.5294448733329773,0.6329408288002014,-0.2159762382507324,0.9910458326339722,0.497507631778717,0.3801699578762054,0.2619908154010772,0.5330795049667358,0.5285184383392334,0.6247513890266418,-0.1919928193092346,0.980570673942566,0.4939804673194885,0.3831368684768677,0.254895806312561,0.5119935274124146,0.5220456719398499,0.6025593876838684,-0.0710553675889968,0.9999218583106996,0.5028036832809448,0.6068626642227173,0.0709961876273155,0.9998117685317992,0.5185226202011108,0.7472929358482361,-0.0461759492754936,0.7671810984611511,0.5080903172492981,0.7448973059654236,0.0647547170519828,0.3222827911376953,0.5249190926551819,0.8964118957519531,-0.0149804903194308,0.9534175992012024,0.5188238024711609,0.886492908000946,0.1192027479410171,0.5899713635444641,0.5346977114677429,0.9258674383163452,-0.0175981558859348,0.8475378155708313,0.5288158655166626,0.9111086130142212,0.1220713183283805,0.6660847067832947,0.4887216687202453,0.923391819000244,-0.1055212169885635,0.9617093205451964,0.4863381385803222,0.9112582206726074,0.0739986449480056,0.7948787212371826
0.4872340559959411,0.3473585546016693,-0.1333555281162262,0.999988853931427,0.4907500445842743,0.3344840407371521,-0.1415359377861023,0.9999889731407166,0.4928158521652221,0.334334135055542,-0.1417299211025238,0.9999905228614808,0.4952045977115631,0.3341498970985412,-0.1416406333446502,0.999993860721588,0.4890969097614288,0.3338416814804077,-0.1185488030314445,0.9999830722808838,0.489228218793869,0.3332638144493103,-0.1187485232949256,0.9999800324440002,0.4892099499702453,0.332590639591217,-0.1188110560178756,0.9999813437461852,0.5075283050537109,0.3389709889888763,-0.1387864798307418,0.9999958276748656,0.4981123208999634,0.3385593593120575,-0.0425907261669635,0.9999593496322632,0.4925679862499237,0.3602973818778991,-0.1326286047697067,0.9999895691871644,0.4893186390399933,0.3586551547050476,-0.1028233468532562,0.9999732971191406,0.5326383709907532,0.401245653629303,-0.1505460292100906,0.9999974370002748,0.4947667717933655,0.4133628308773041,0.0620980449020862,0.9998283982276917,0.5457739233970642,0.5034093260765076,-0.1757209151983261,0.9933422207832336,0.4467167258262634,0.415772795677185,0.1710501015186309,0.3129806220531463,0.5359682440757751,0.6044789552688599,-0.1863799393177032,0.9959925413131714,0.4839919805526733,0.3815051913261413,0.2538512647151947,0.5464094281196594,0.5373873114585876,0.634246289730072,-0.2044900506734848,0.9917911291122437,0.4972117841243744,0.3784611523151397,0.2636818885803222,0.5066078901290894,0.529108464717865,0.6328774690628052,-0.2101217359304428,0.991179585456848,0.4990189373493194,0.3787999153137207,0.2595643103122711,0.4987978637218475,0.5281638503074646,0.6247078776359558,-0.1864515393972396,0.980912148952484,0.4952206313610077,0.381433755159378,0.2524977028369903,0.4796679317951202,0.5215515494346619,0.6024379730224609,-0.0703115761280059,0.9999240040779114,0.5023292899131775,0.6068298816680908,0.0702532827854156,0.9998145699501038,0.5183160305023193,0.7472649812698364,-0.0442335754632949,0.7739549279212952,0.5079337358474731,0.7448961734771729,0.065210074186325,0.3339179158210754,0.5248091816902161,0.8963790535926819,-0.013029939495027,0.9548431038856506,0.5187593102455139,0.8863535523414612,0.1156283095479011,0.5999658703804016,0.5347084403038025,0.9257144331932068,-0.0153844151645898,0.8496602773666382,0.5287987589836121,0.9106565713882446,0.1179554983973503,0.6707590222358704,0.488718032836914,0.9234078526496888,-0.1024214103817939,0.9630688428878784,0.4862905144691467,0.911201000213623,0.0696295872330665,0.8014635443687439
0.4870872497558594,0.3479480743408203,-0.1293494552373886,0.9999898672103882,0.4906486868858337,0.3353063762187958,-0.1326635479927063,0.9999900460243224,0.4927746057510376,0.3351108729839325,-0.1328371614217758,0.9999914169311525,0.4952010810375213,0.3348625600337982,-0.1327361166477203,0.999994456768036,0.4888148009777069,0.3346244990825653,-0.1121798232197761,0.999984622001648,0.4888744056224823,0.3340082764625549,-0.1123766005039215,0.9999818205833436,0.4887709617614746,0.3332871794700622,-0.1124245300889015,0.9999829530715942,0.5074350237846375,0.339012861251831,-0.1240183860063552,0.9999961853027344,0.4973603785037994,0.3389316499233246,-0.0299971122294664,0.9999626874923706,0.492568165063858,0.3608966171741485,-0.1222738102078437,0.9999904036521912,0.4891701638698578,0.358918160200119,-0.096222385764122,0.9999752640724182,0.5325587391853333,0.4011776149272918,-0.1375483870506286,0.9999975562095642,0.4948300719261169,0.41206756234169,0.0721897929906845,0.999826729297638,0.5455062389373779,0.503009557723999,-0.1652484238147735,0.9934447407722472,0.4468089938163757,0.4109400808811188,0.1768154948949813,0.3071050345897674,0.5354908108711243,0.6041788458824158,-0.177048459649086,0.996035933494568,0.4848008453845978,0.3779558837413788,0.2630073726177215,0.5158151984214783,0.5370544791221619,0.6339367032051086,-0.1944854855537414,0.9918688535690308,0.4982286989688873,0.3736364841461181,0.273441731929779,0.4760639667510986,0.5287871956825256,0.6326870918273926,-0.1999221444129943,0.9912911653518676,0.5000523924827576,0.3747346699237823,0.270052820444107,0.4677964150905609,0.5278173089027405,0.6245482563972473,-0.1770304292440414,0.9812429547309875,0.4960815012454986,0.3778818249702453,0.2619926035404205,0.4506294131278991,0.521495521068573,0.6023522615432739,-0.0697161182761192,0.9999250173568726,0.5020435452461243,0.6067426800727844,0.0696555376052856,0.9998149275779724,0.5182742476463318,0.7472995519638062,-0.0430638268589973,0.7803072333335876,0.507743775844574,0.7449594140052795,0.0623867362737655,0.3461733758449554,0.5247649550437927,0.8963555097579956,-0.013036579824984,0.9559274315834044,0.5185322165489197,0.886385977268219,0.1020572558045387,0.6092228889465332,0.5346957445144653,0.9256508946418762,-0.0155162867158651,0.8517060279846191,0.5285013318061829,0.9106858372688292,0.103388674557209,0.675101637840271,0.4887087941169739,0.9234698414802552,-0.1010130643844604,0.9641887545585632,0.4859359562397003,0.9111371040344238,0.0554881356656551,0.8073970079421997
0.4869593381881714,0.3487120568752289,-0.1238867118954658,0.999990701675415,0.4905191361904144,0.3360815644264221,-0.1270272433757782,0.999990940093994,0.4926698803901672,0.3358812630176544,-0.1272009462118148,0.9999921917915344,0.4951278567314148,0.3356338739395141,-0.1270999312400818,0.999994933605194,0.4885572493076324,0.3353785276412964,-0.107415921986103,0.9999858736991882,0.4885716736316681,0.3347580134868622,-0.1076125279068946,0.9999831914901732,0.4884242117404938,0.3340275883674621,-0.1076627150177955,0.9999842047691344,0.5073089003562927,0.3391952812671661,-0.1204631030559539,0.999996542930603,0.496856153011322,0.3393608033657074,-0.0278025455772876,0.9999651908874512,0.4925407767295837,0.361448585987091,-0.1163469329476356,0.9999910593032836,0.4890409409999847,0.3595269322395324,-0.0915570706129074,0.9999765753746032,0.5325113534927368,0.4010597467422485,-0.1335245072841644,0.999997615814209,0.4947328865528106,0.4097883999347687,0.0723584741353988,0.999820113182068,0.5453482866287231,0.5029124021530151,-0.1602462381124496,0.9936001896858216,0.4468671083450317,0.4075311422348022,0.1761037558317184,0.3036258816719055,0.5352613925933838,0.604077160358429,-0.1736925095319748,0.9961021542549132,0.4855863153934479,0.3752460777759552,0.2625030875205993,0.4875609874725342,0.5368958711624146,0.6338416337966919,-0.1912886649370193,0.991993486881256,0.4989816844463348,0.3711909055709839,0.2727667689323425,0.4480036795139313,0.528583824634552,0.6326166987419128,-0.19688181579113,0.9914485216140748,0.5007631778717041,0.3723962306976318,0.2695418298244476,0.4392909407615661,0.5275664329528809,0.6244850158691406,-0.1738323122262954,0.9816650748252868,0.4969695806503296,0.375175267457962,0.2616005539894104,0.4241985380649566,0.5214305520057678,0.6023446917533875,-0.0680963099002838,0.999926745891571,0.5014871954917908,0.6066365838050842,0.0680387541651725,0.9998168349266052,0.5182598233222961,0.747560977935791,-0.0379455797374248,0.7895023822784424,0.5075056552886963,0.74505215883255,0.0638807341456413,0.3645873367786407,0.5246608257293701,0.8963606953620911,-0.0041377102024853,0.9575774073600768,0.5184224843978882,0.8863577842712402,0.1086636781692504,0.6238940954208374,0.5345970988273621,0.9256247282028198,-0.0061005041934549,0.8543862104415894,0.5282518863677979,0.9106051921844482,0.1107973158359527,0.6826397776603699,0.4886412620544433,0.9235427379608154,-0.0896509811282157,0.9655352234840392,0.4855343997478485,0.9109843373298644,0.0631065368652343,0.8152915239334106
0.4866641163825989,0.3498572111129761,-0.1210618168115615,0.9999914169311525,0.4900886118412018,0.3372914493083954,-0.1253959685564041,0.9999917149543762,0.4921589195728302,0.3370421230792999,-0.1255709528923034,0.999992847442627,0.4946453273296356,0.336741179227829,-0.1254701763391494,0.9999953508377076,0.4881520271301269,0.3365344703197479,-0.1054373160004615,0.9999869465827942,0.4881402552127838,0.3359023630619049,-0.1056368574500083,0.999984323978424,0.4879664182662964,0.3351191878318786,-0.105691023170948,0.9999852180480956,0.5068874955177307,0.3395925760269165,-0.1225281804800033,0.9999968409538268,0.4964056015014648,0.3398929536342621,-0.0280284527689218,0.999967098236084,0.4923220574855804,0.3622714877128601,-0.1147743090987205,0.9999915957450868,0.4887968897819519,0.3605323433876037,-0.0895648673176765,0.9999775290489196,0.5324342846870422,0.4010417759418487,-0.1356090009212494,0.9999976754188538,0.4947508573532104,0.4094042778015136,0.0722085386514663,0.9998130798339844,0.5452623963356018,0.5028990507125854,-0.1601071208715438,0.9937193989753724,0.4478290677070617,0.404899537563324,0.1788102835416793,0.2951591610908508,0.5351272821426392,0.604043185710907,-0.171795979142189,0.996135950088501,0.4864129722118377,0.3744294941425323,0.2700406014919281,0.4584688246250152,0.5368151068687439,0.6338323354721069,-0.1890010237693786,0.9920440316200256,0.4991833567619324,0.3701061606407165,0.2812091112136841,0.4201447367668152,0.5284506678581238,0.632588267326355,-0.1947596818208694,0.9915260672569276,0.501003623008728,0.3712202310562134,0.2773700356483459,0.4112647473812103,0.5273916125297546,0.6244715452194214,-0.1719296276569366,0.9819180965423584,0.4975667297840118,0.3739057779312134,0.2690163552761078,0.3981100916862488,0.5208279490470886,0.6023401618003845,-0.0679399520158767,0.999927580356598,0.5009905099868774,0.6065951585769653,0.0678819492459297,0.9998157024383544,0.5181463360786438,0.7475700974464417,-0.0385216698050498,0.7954005002975464,0.507367730140686,0.7450529336929321,0.0696569830179214,0.3727860152721405,0.5246295928955078,0.8962559103965759,-0.0078268405050039,0.9583871364593506,0.5183789134025574,0.8862346410751343,0.11366568505764,0.6300296187400818,0.5345697999000549,0.9254580736160278,-0.0101709542796015,0.8548421859741211,0.5281508564949036,0.910423457622528,0.1154698505997657,0.6842359900474548,0.4885603189468384,0.9235552549362184,-0.0929358452558517,0.9662770628929138,0.4854452311992645,0.9107535481452942,0.0704336240887641,0.8188424110412598
0.486547440290451,0.3508806228637695,-0.1201746091246604,0.9999921321868896,0.489941269159317,0.338266909122467,-0.1247072517871856,0.9999924302101136,0.4920423328876495,0.3379290997982025,-0.1248805746436119,0.9999935030937196,0.4945427477359772,0.3375580310821533,-0.1247783452272415,0.999995768070221,0.4879393577575683,0.3376373946666717,-0.1047004461288452,0.9999880194664,0.487865537405014,0.3370730578899383,-0.1048997715115547,0.9999855160713196,0.4876210391521454,0.3363355994224548,-0.1049518808722496,0.9999862909317015,0.5066191554069519,0.339812159538269,-0.1212220340967178,0.9999971389770508,0.4958237111568451,0.3406536281108856,-0.0273606535047292,0.999969244003296,0.4922550320625305,0.3629151880741119,-0.1140259951353073,0.9999921321868896,0.4886380136013031,0.361396312713623,-0.0887789502739906,0.9999787211418152,0.5320715308189392,0.4010644555091858,-0.1345206648111343,0.9999977350234984,0.4947817921638489,0.4093045890331268,0.0725656077265739,0.999807059764862,0.5451769232749939,0.5027740001678467,-0.1614275127649307,0.9937937259674072,0.4487043917179107,0.4036281406879425,0.1791940778493881,0.2885656058788299,0.5351418256759644,0.6039798259735107,-0.1747794896364212,0.996152937412262,0.4870539903640747,0.3732660114765167,0.2716685235500335,0.432778924703598,0.5368391275405884,0.6338109970092773,-0.1921680718660354,0.9920803904533386,0.4996850788593292,0.3686389327049255,0.2832525372505188,0.3952911794185638,0.5283757448196411,0.6324965953826904,-0.1978295445442199,0.991589605808258,0.5016012191772461,0.3697954714298248,0.2794301807880401,0.3862281441688537,0.5273153781890869,0.6244126558303833,-0.1749260127544403,0.9821498394012452,0.4983530044555664,0.3722748756408691,0.2706834673881531,0.3749619126319885,0.5200059413909912,0.6023198366165161,-0.06793212890625,0.9999277591705322,0.5004779696464539,0.6065621972084045,0.0678714290261268,0.9998127222061156,0.5180522799491882,0.7473973035812378,-0.0439212843775749,0.8016894459724426,0.5070369243621826,0.7449413537979126,0.0706209987401962,0.378494530916214,0.52461177110672,0.8962441086769104,-0.0221082977950572,0.9594486951828004,0.5183754563331604,0.8859068155288696,0.1178805828094482,0.6330315470695496,0.5345287919044495,0.9254541993141174,-0.025156857445836,0.856349527835846,0.5281056761741638,0.9098852276802064,0.1202172264456749,0.6839059591293335,0.4882647097110748,0.9236427545547484,-0.1081768721342086,0.9671971201896667,0.485356867313385,0.9106284976005554,0.0781776085495948,0.820647656917572
0.4863371253013611,0.3512169122695923,-0.119260624051094,0.9999927878379822,0.4897613227367401,0.3386754095554352,-0.1237946525216102,0.999993085861206,0.4918962121009826,0.3383184671401977,-0.1239699125289917,0.9999940991401672,0.4944374859333038,0.3379125893115997,-0.1238699182868003,0.9999961256980896,0.4877166748046875,0.3381502032279968,-0.1038887128233909,0.9999889731407166,0.4875895380973816,0.3376859426498413,-0.1040864884853363,0.9999865889549256,0.4872755408287048,0.3370561003684997,-0.10413858294487,0.999987244606018,0.5063297152519226,0.3400302231311798,-0.1197215095162391,0.99999737739563,0.4952400326728821,0.3413084149360657,-0.0267117395997047,0.9999712109565736,0.4921185076236725,0.363042801618576,-0.1130379140377044,0.999992609024048,0.4884170293807983,0.361678272485733,-0.0879424437880516,0.9999797940254213,0.5313810706138611,0.4011769294738769,-0.1328746527433395,0.9999977946281432,0.4947360754013061,0.4090060293674469,0.0736609920859336,0.9998005628585817,0.5448997020721436,0.5028074383735657,-0.1588911414146423,0.9938665628433228,0.4499072134494781,0.4025841057300567,0.1831940859556198,0.2806060314178467,0.5351208448410034,0.6040431261062622,-0.1706794649362564,0.9961614608764648,0.4874088168144226,0.3731718957424164,0.2792689502239227,0.4069827497005462,0.5368275046348572,0.633838415145874,-0.1877590119838714,0.9920877814292908,0.4999988675117492,0.3684991896152496,0.291532814502716,0.3711870014667511,0.5282872915267944,0.6324946284294128,-0.1936947256326675,0.9916248321533204,0.5018213987350464,0.3695123791694641,0.2876876890659332,0.3620879054069519,0.5272113680839539,0.6244109272956848,-0.1709535419940948,0.9823251962661744,0.4986542761325836,0.3719518184661865,0.2783802449703216,0.352658599615097,0.5190743803977966,0.602142870426178,-0.0680869966745376,0.9999281167984008,0.4999827444553375,0.6063140630722046,0.0680267885327339,0.999809503555298,0.5179253816604614,0.7472039461135864,-0.0529371127486228,0.8103572726249695,0.5067535638809204,0.7447988986968994,0.0744877234101295,0.3851329684257507,0.524527907371521,0.8964810371398926,-0.0362603180110454,0.9609906673431396,0.518358051776886,0.8858903050422668,0.127689316868782,0.6375055313110352,0.5344627499580383,0.9254788160324096,-0.0398614779114723,0.8589454889297485,0.528041660785675,0.9096283316612244,0.1306205242872238,0.6841764450073242,0.4881817698478699,0.9238534569740297,-0.1265528053045272,0.9684848189353944,0.485207051038742,0.9104580283164978,0.0869812071323394,0.8231511116027832
0.4859131276607513,0.3518023490905761,-0.0966140925884246,0.9999932646751404,0.4893000423908233,0.3393530249595642,-0.1033720076084137,0.999993622303009,0.4911827445030212,0.3390227556228637,-0.1035448014736175,0.9999945759773254,0.4935140907764435,0.3385691344738006,-0.1034457683563232,0.9999964237213136,0.4873345494270324,0.3389331698417663,-0.0827325284481048,0.999989688396454,0.48722705245018,0.3385370075702667,-0.0829268246889114,0.9999873042106628,0.4869286119937897,0.3379826545715332,-0.082971379160881,0.9999878406524658,0.5054672360420227,0.3403309881687164,-0.1084680259227752,0.9999975562095642,0.4949979484081268,0.3417608439922333,-0.0126708857715129,0.9999724626541138,0.4917937219142914,0.3633738458156585,-0.093891754746437,0.9999929070472716,0.4882113337516784,0.362394243478775,-0.0678471699357032,0.9999802708625792,0.5307439565658569,0.4011696279048919,-0.1281705796718597,0.999997854232788,0.4947508573532104,0.4089585244655609,0.0833207741379737,0.9997961521148682,0.5446240305900574,0.5028714537620544,-0.1546813398599624,0.9939870834350586,0.4513184428215027,0.4022234082221985,0.1896463334560394,0.2730722427368164,0.5350502729415894,0.6040615439414978,-0.1645291149616241,0.9962080121040344,0.4878556430339813,0.3730857968330383,0.2806790471076965,0.3835077285766601,0.5367165803909302,0.6338385343551636,-0.1815827786922454,0.9921861290931702,0.5002739429473877,0.3681923747062683,0.292356789112091,0.3497432768344879,0.528079092502594,0.6324909925460815,-0.1872140616178512,0.9917468428611756,0.502151608467102,0.3691962659358978,0.2885559201240539,0.3406662046909332,0.526997447013855,0.6244074702262878,-0.1646616011857986,0.9826488494873048,0.498956948518753,0.3716334402561188,0.2795680463314056,0.3329918980598449,0.5189374685287476,0.6019337177276611,-0.0681806355714798,0.9999294877052308,0.4999093413352966,0.6060730814933777,0.0681193619966507,0.99981027841568,0.5176412463188171,0.7471211552619934,-0.05281413346529,0.8160313367843628,0.50654137134552,0.7447868585586548,0.0727334767580032,0.3917528390884399,0.5245035886764526,0.8964810371398926,-0.0319041945040226,0.961442232131958,0.518425464630127,0.8858062624931335,0.122539646923542,0.638617992401123,0.5344454646110535,0.9254127740859984,-0.0349949672818183,0.8582220673561096,0.5280414819717407,0.9090850949287416,0.1252592504024505,0.68313068151474,0.4881935715675354,0.9237819910049438,-0.1187547519803047,0.968893826007843,0.485222190618515,0.9101916551589966,0.0859904065728187,0.8240413665771484
0.4856588244438171,0.3527200520038605,-0.0927407965064048,0.9999936819076538,0.4890671670436859,0.3402418792247772,-0.099439688026905,0.9999940991401672,0.4908838272094726,0.3399222791194916,-0.0996114090085029,0.999994933605194,0.4931554198265075,0.3394527733325958,-0.0995140448212623,0.9999967217445374,0.4871195256710052,0.339975893497467,-0.0787302181124687,0.9999902844429016,0.4870103895664215,0.3396551012992859,-0.0789213255047798,0.9999879002571106,0.4867146909236908,0.3392180502414703,-0.0789662078022956,0.999988317489624,0.5048620104789734,0.3407928943634033,-0.1051764860749244,0.9999977350234984,0.494813859462738,0.3425206840038299,-0.0090391747653484,0.9999734163284302,0.4916672110557556,0.3640933632850647,-0.0903010442852974,0.9999931454658508,0.4881168305873871,0.3633890450000763,-0.0641526207327842,0.9999805092811584,0.5303592681884766,0.4011443555355072,-0.1270496547222137,0.9999979138374328,0.4947470128536224,0.4090351164340973,0.0859461575746536,0.9997895956039428,0.5438312292098999,0.5028566122055054,-0.1572660356760025,0.9940722584724426,0.4524314701557159,0.4025904238224029,0.1909471303224563,0.2662445604801178,0.5344426035881042,0.6040610074996948,-0.1677677780389785,0.996217966079712,0.4886746406555176,0.373453825712204,0.2829106450080871,0.3622170984745025,0.5361062288284302,0.6338340044021606,-0.1850030273199081,0.9922202229499816,0.5007252097129822,0.3680962920188904,0.2948859333992004,0.3302074670791626,0.5275313854217529,0.632498025894165,-0.1902426034212112,0.9918002486228944,0.5027401447296143,0.3690260946750641,0.2916305959224701,0.3210712075233459,0.5264469385147095,0.6244282722473145,-0.1677689403295517,0.9828383326530457,0.4992966949939728,0.3716795146465301,0.2820420563220978,0.3149990737438202,0.5187221169471741,0.6016401648521423,-0.0682392567396164,0.9999300837516784,0.4999426901340484,0.605760931968689,0.0681758895516395,0.999809205532074,0.5171062350273132,0.7471126914024353,-0.0515197478234767,0.8215903043746948,0.5064480900764465,0.7447298765182495,0.0716955438256263,0.3992097675800323,0.5244973301887512,0.8965405225753784,-0.0316502712666988,0.96218079328537,0.5185561180114746,0.885688066482544,0.1160144358873367,0.6409456133842468,0.534441351890564,0.9254212975502014,-0.0349737294018268,0.8588771820068359,0.5280903577804565,0.908819854259491,0.1181329861283302,0.6834592223167419,0.4882070124149322,0.9237862229347228,-0.1177200898528099,0.9694572687149048,0.4852961599826813,0.9100494384765624,0.0779684856534004,0.8253106474876404
0.4854557812213897,0.3538889288902282,-0.09412881731987,0.9999940991401672,0.4888129830360412,0.341416984796524,-0.100438192486763,0.9999945163726808,0.4905693829059601,0.341002494096756,-0.1006088480353355,0.9999952912330629,0.4927295744419098,0.3404430747032165,-0.1005098968744278,0.9999969601631165,0.4868307709693908,0.3415372967720032,-0.0797581672668457,0.9999908804893494,0.486707329750061,0.3413363397121429,-0.0799485594034195,0.9999884963035583,0.4863907694816589,0.3410577774047851,-0.0799923464655876,0.9999887943267822,0.5044875741004944,0.3410846292972564,-0.1039810553193092,0.9999979138374328,0.4944820404052734,0.3434250652790069,-0.0079488847404718,0.9999744296073914,0.4916025102138519,0.3648744523525238,-0.0908327475190162,0.9999933242797852,0.4880634248256683,0.3646892607212066,-0.0647154375910759,0.999980628490448,0.5299490690231323,0.4008976519107818,-0.1257303208112716,0.9999979138374328,0.4946282207965851,0.4090554118156433,0.0884519591927528,0.9997804760932922,0.543143093585968,0.5019081234931946,-0.1579305976629257,0.9941165447235109,0.4531825482845306,0.403020292520523,0.1929426044225692,0.2581446766853332,0.533429741859436,0.6032615303993225,-0.1693051159381866,0.9962082505226136,0.4895215332508087,0.3737165033817291,0.2852082550525665,0.3412922620773315,0.5353356003761292,0.6329778432846069,-0.1867298781871795,0.9922187924385072,0.5014407634735107,0.3680677711963653,0.2974408864974975,0.3112214505672455,0.5269017815589905,0.632081151008606,-0.1916334778070449,0.9918150305747986,0.5035926699638367,0.3689697980880737,0.2943542599678039,0.3020956516265869,0.525815486907959,0.6240986585617065,-0.1691966652870178,0.9829378128051758,0.4999300539493561,0.3717454373836517,0.2844431102275848,0.2973997890949249,0.518718421459198,0.6014102101325989,-0.0685165971517562,0.9999294877052308,0.4998873472213745,0.6054653525352478,0.0684552267193794,0.99980366230011,0.5167991518974304,0.7472096681594849,-0.053731482475996,0.8272006511688232,0.5063456892967224,0.744756281375885,0.0715034827589988,0.4028536677360534,0.5244794487953186,0.8965746760368347,-0.0373891852796077,0.962951123714447,0.5185620188713074,0.8854287266731262,0.1165355294942855,0.6395712494850159,0.5344480872154236,0.925417423248291,-0.0408939942717552,0.8601731657981873,0.528090238571167,0.9082117676734924,0.1189212724566459,0.682079017162323,0.4882124662399292,0.9238373637199402,-0.1222822740674018,0.9700289964675904,0.4852969348430633,0.9099271893501282,0.0812761634588241,0.8243691325187683
0.4851774573326111,0.3544855415821075,-0.0956851318478584,0.999994456768036,0.4885159134864807,0.3420329988002777,-0.1019474565982818,0.9999948740005492,0.4902136921882629,0.3415816724300384,-0.1021159365773201,0.9999956488609314,0.4922946393489837,0.3409989178180694,-0.1020169109106063,0.9999971985816956,0.4864667952060699,0.3424249291419983,-0.0810363292694091,0.9999914169311525,0.486309140920639,0.342359721660614,-0.0812271758913993,0.9999890327453612,0.4859527051448822,0.3422527313232422,-0.0812700614333152,0.9999892115592957,0.5041115283966064,0.3412693440914154,-0.1045168936252594,0.9999980330467224,0.4939913153648376,0.3440612554550171,-0.0075059873051941,0.9999751448631288,0.4914236068725586,0.3652761578559875,-0.0920009985566139,0.9999934434890748,0.487918883562088,0.3654608130455017,-0.0656133964657783,0.9999805092811584,0.5289348363876343,0.4004407227039337,-0.1262633949518203,0.9999979138374328,0.4945040345191955,0.4090962409973144,0.0899462848901748,0.9997698068618774,0.5425640344619751,0.5012241005897522,-0.159440666437149,0.9941612482070924,0.4540748596191406,0.4037574827671051,0.1909211426973343,0.2487075626850128,0.5323032140731812,0.6028872728347778,-0.1706849634647369,0.9961709976196288,0.4899851381778717,0.3738642632961273,0.2797193825244903,0.3211273550987243,0.5344560742378235,0.6326988935470581,-0.1882139295339584,0.9921626448631288,0.5017806887626648,0.3679397404193878,0.2912528812885284,0.293098121881485,0.526084303855896,0.6319288015365601,-0.1934656798839569,0.9917694330215454,0.5039867758750916,0.3688037395477295,0.2876399755477905,0.2840557694435119,0.5249864459037781,0.6240069270133972,-0.1707160323858261,0.9829107522964478,0.5002759099006653,0.3717510104179382,0.278688371181488,0.2804816961288452,0.5182353258132935,0.6010972857475281,-0.0688781663775444,0.9999284744262696,0.499737948179245,0.6050819158554077,0.0688187032938003,0.9997976422309875,0.5164938569068909,0.747193455696106,-0.0536682642996311,0.8318888545036316,0.5062715411186218,0.7447412610054016,0.0672652572393417,0.4071040153503418,0.5244522094726562,0.8966715335845947,-0.0359355136752128,0.9635337591171264,0.5185595750808716,0.8854588270187378,0.1104235723614692,0.6398264765739441,0.5344448685646057,0.9254328608512878,-0.0392614863812923,0.8614532351493835,0.5280812978744507,0.9082251787185668,0.1126127317547798,0.6825276613235474,0.4882159233093261,0.9239401817321776,-0.1201785579323768,0.9704261422157288,0.4852730929851532,0.9099226593971252,0.0737136080861091,0.8243545889854431
0.4850784242153168,0.3549716770648956,-0.0948664024472236,0.9999948143959044,0.488259494304657,0.3425177335739136,-0.1008475124835968,0.999995231628418,0.4899400770664215,0.3420071899890899,-0.1010153740644455,0.9999959468841552,0.4920108020305633,0.3413894176483154,-0.1009168177843093,0.99999737739563,0.4861274063587188,0.3431362211704254,-0.0801983848214149,0.9999918937683104,0.4859198331832886,0.3431569933891296,-0.080387644469738,0.9999895095825196,0.4855037629604339,0.343158096075058,-0.0804299414157867,0.9999895095825196,0.5038636326789856,0.341331273317337,-0.1021405011415481,0.999998152256012,0.4934333264827728,0.3444813191890716,-0.0063200835138559,0.9999758005142212,0.4913742840290069,0.3655875623226166,-0.0906623899936676,0.9999935626983644,0.4878481328487396,0.3660218715667724,-0.0646188482642173,0.999980330467224,0.5284866094589233,0.3999407589435577,-0.1235198602080345,0.9999979138374328,0.4940544962882995,0.4090025126934051,0.091527909040451,0.999757707118988,0.5421313047409058,0.5000194907188416,-0.1575088053941726,0.994211494922638,0.45437753200531,0.4042100310325622,0.1932544261217117,0.2398437410593032,0.5316450595855713,0.6019291877746582,-0.1699416041374206,0.996164858341217,0.4906249046325683,0.3739564418792724,0.2829253375530243,0.3018557131290436,0.5339244604110718,0.6318718194961548,-0.1875068992376327,0.992152750492096,0.5022664070129395,0.3675344288349151,0.2948115170001983,0.2758114337921142,0.5255594849586487,0.6313515305519104,-0.1921766251325607,0.9917721748352052,0.5043784379959106,0.3683490753173828,0.2918750643730163,0.2668940126895904,0.5244515538215637,0.6235366463661194,-0.1697564125061035,0.9829687476158142,0.5006798505783081,0.3714482486248016,0.2821485698223114,0.2643946409225464,0.5178816914558411,0.600658655166626,-0.0689330324530601,0.999927282333374,0.499299943447113,0.6047563552856445,0.0688743591308593,0.9997901320457458,0.5162087082862854,0.7471930384635925,-0.0551218129694461,0.8359397649765015,0.5061002969741821,0.7447530031204224,0.0665005519986152,0.4095863699913025,0.524364709854126,0.8968585133552551,-0.0381239913403987,0.9638664722442628,0.5185629725456238,0.8854649662971497,0.1120180636644363,0.6372387409210205,0.5344282984733582,0.9254659414291382,-0.0414647199213504,0.8617915511131287,0.5280627012252808,0.9082222580909728,0.1143990755081176,0.6806584596633911,0.4882126450538635,0.9241758584976196,-0.1222444102168083,0.970647633075714,0.4852742850780487,0.9099506735801696,0.0739103406667709,0.8225483298301697
0.4848574995994568,0.3551627695560455,-0.1070123836398124,0.9999951720237732,0.4879571795463562,0.3427227437496185,-0.1112721785902977,0.9999955892562866,0.4896274507045746,0.3422205150127411,-0.1114406287670135,0.9999962449073792,0.4917048513889313,0.3416299819946289,-0.1113436892628669,0.999997615814209,0.4856343865394592,0.3433656394481659,-0.0914576053619384,0.9999924302101136,0.4853342175483703,0.3433879315853119,-0.0916440486907959,0.9999901056289672,0.4848270416259765,0.3433941900730133,-0.0916878208518028,0.9999900460243224,0.5035502910614014,0.3413775265216827,-0.1043344438076019,0.9999982714653016,0.4924609959125519,0.3445888459682464,-0.011081458069384,0.9999768733978271,0.4911777675151825,0.3657189905643463,-0.0994683802127838,0.9999938011169434,0.4875705540180206,0.3661669194698334,-0.0745889171957969,0.9999807476997375,0.5280522108078003,0.3992179334163666,-0.1260221600532531,0.9999979734420776,0.4932161569595337,0.4081482887268066,0.0891467332839965,0.9997471570968628,0.5416167378425598,0.499333918094635,-0.1579056680202484,0.994266927242279,0.4547256231307983,0.4044009447097778,0.1929253786802292,0.2319082468748092,0.5309727787971497,0.6013738512992859,-0.1707222014665603,0.9961673617362976,0.4912291467189789,0.3732760548591614,0.2887061834335327,0.2848696708679199,0.5331529974937439,0.6312754154205322,-0.1879771798849105,0.9921420216560364,0.5028171539306641,0.365951657295227,0.3017713725566864,0.2603141367435455,0.5249939560890198,0.630821168422699,-0.1923374831676483,0.99177747964859,0.5049302577972412,0.3667009770870209,0.2988352477550506,0.2514752149581909,0.5239167213439941,0.6230056285858154,-0.1702911555767059,0.9830275774002076,0.5013139247894287,0.3700456321239471,0.2881774008274078,0.2498365044593811,0.5177794098854065,0.5996416807174683,-0.0693862661719322,0.9999255537986756,0.498937577009201,0.6040141582489014,0.0693279206752777,0.9997811317443848,0.5159072279930115,0.7470378279685974,-0.0596987232565879,0.8417266011238098,0.5059096813201904,0.744575023651123,0.0648625567555427,0.4147520363330841,0.5243504047393799,0.8969683051109314,-0.0472482964396476,0.964966118335724,0.5185703635215759,0.8854798674583435,0.1106541156768798,0.6391746401786804,0.534425675868988,0.9254673719406128,-0.0510805137455463,0.8647215962409973,0.5280304551124573,0.9081953167915344,0.113071471452713,0.6823491454124451,0.488301008939743,0.9245283603668212,-0.1348084807395935,0.9715811610221864,0.4853300154209137,0.910092830657959,0.071746751666069,0.8239365816116333
0.4845805764198303,0.3552491366863251,-0.1067930907011032,0.9999954700469972,0.4875886142253876,0.3427962362766266,-0.111001469194889,0.9999958872795104,0.4892865121364593,0.3422755300998688,-0.1111689135432243,0.999996542930603,0.4913527369499206,0.3416875600814819,-0.1110712587833404,0.9999977946281432,0.4851714670658111,0.3434492647647857,-0.0909777954220771,0.9999929070472716,0.4848475158214569,0.3434441685676574,-0.0911637544631958,0.9999905824661256,0.4843341410160064,0.3434207737445831,-0.0912064611911773,0.999990463256836,0.5030798316001892,0.3413695096969604,-0.1058508306741714,0.9999983906745912,0.4917769730091095,0.34457927942276,-0.0111957406625151,0.999977707862854,0.4909598529338836,0.3657779693603515,-0.0996070206165313,0.9999939799308776,0.4872850477695465,0.3662326633930206,-0.0743608176708221,0.9999809861183168,0.527285635471344,0.3992058336734772,-0.1260941475629806,0.9999979734420776,0.4928783774375915,0.4080962836742401,0.0902577489614486,0.9997368454933168,0.5412391424179077,0.4991492927074432,-0.1587093621492386,0.9942936301231384,0.4555754363536834,0.40462327003479,0.1993282586336136,0.2251687049865722,0.5303782820701599,0.6009215712547302,-0.1713838279247284,0.9961577653884888,0.4922281205654144,0.3718385994434356,0.2996048331260681,0.2727912664413452,0.5324588418006897,0.6307356953620911,-0.1883924752473831,0.9921094179153442,0.5038019418716431,0.3617943227291107,0.3131951689720154,0.248986154794693,0.5243322849273682,0.6300776600837708,-0.1929586827754974,0.9917519092559814,0.5061206817626953,0.3630054593086242,0.3105131685733795,0.2400857210159301,0.5233318209648132,0.6222960352897644,-0.1705216914415359,0.9830172657966614,0.5025950074195862,0.3665812313556671,0.2992452979087829,0.2389974296092987,0.5176013708114624,0.5992454290390015,-0.0699255764484405,0.9999210834503174,0.4988041222095489,0.6036468148231506,0.0698671117424964,0.999765157699585,0.5155711770057678,0.7468805909156799,-0.0607253760099411,0.8413704037666321,0.505808413028717,0.7444177865982056,0.0601166747510433,0.4087536633014679,0.5242995023727417,0.8970608711242676,-0.0500953532755374,0.9644507765769958,0.5186235308647156,0.8854959011077881,0.099319227039814,0.6296582818031311,0.5344107747077942,0.9254849553108216,-0.0540669560432434,0.864060640335083,0.5280171632766724,0.9081990718841552,0.1010311096906662,0.6763028502464294,0.4883300364017486,0.9246060848236084,-0.1365933567285537,0.9713516235351562,0.4855108261108398,0.9101736545562744,0.0594255663454532,0.8186667561531067
0.4843808114528656,0.3553512692451477,-0.1057081669569015,0.9999957084655762,0.4872537851333618,0.3428665101528168,-0.110170230269432,0.9999961256980896,0.4889425039291382,0.3423242270946502,-0.1103368028998375,0.9999967217445374,0.4910230338573456,0.3417355120182037,-0.1102405413985252,0.9999979138374328,0.4847874641418457,0.34351447224617,-0.0900040417909622,0.9999932050704956,0.4844348728656769,0.3434717655181885,-0.0901902690529823,0.9999908804893494,0.483907014131546,0.3434058725833893,-0.0902315452694892,0.9999906420707704,0.5026132464408875,0.3413736820220947,-0.1065379232168197,0.9999984502792358,0.4913787543773651,0.3445523381233215,-0.011645489372313,0.999978005886078,0.4907673895359039,0.3658488094806671,-0.0991847217082977,0.9999939799308776,0.4870216250419616,0.3662411272525787,-0.0737564489245414,0.9999808073043824,0.5264967679977417,0.3992014825344085,-0.126753881573677,0.9999979734420776,0.4924716353416443,0.4073321223258972,0.0892798155546188,0.9997241497039796,0.5406176447868347,0.4981754422187805,-0.1596541255712509,0.994343638420105,0.45595583319664,0.4047759771347046,0.1977068930864334,0.2188838571310043,0.5299007892608643,0.6001128554344177,-0.1757821887731552,0.9961702823638916,0.4920625984668731,0.3711283206939697,0.2981366813182831,0.2605752944946289,0.5319898724555969,0.6299487948417664,-0.1932416558265686,0.992132306098938,0.5035350918769836,0.3606820404529571,0.3113183081150055,0.2379078716039657,0.5238939523696899,0.6294100880622864,-0.1974517703056335,0.9917835593223572,0.5058422684669495,0.3620570003986358,0.3102541267871856,0.2290520817041397,0.5229266881942749,0.6216534376144409,-0.1751022636890411,0.9831103086471558,0.5023705959320068,0.3656396269798279,0.2980457842350006,0.2285230159759521,0.5176079273223877,0.5983948707580566,-0.069986380636692,0.9999180436134338,0.4988313913345337,0.6028608083724976,0.0699272081255912,0.9997538924217224,0.5152730345726013,0.7467581033706665,-0.0614040680229663,0.840961217880249,0.505672812461853,0.7441560626029968,0.0482387132942676,0.4076707363128662,0.5242817401885986,0.8971424102783203,-0.0499207004904747,0.9637818336486816,0.5187726616859436,0.885652482509613,0.0787132680416107,0.6249207258224487,0.5344098806381226,0.9255159497261048,-0.0538362190127372,0.8623310327529907,0.5280182957649231,0.9084762334823608,0.0795102193951606,0.6734859943389893,0.4883856773376465,0.924610197544098,-0.1357672810554504,0.970894455909729,0.4857158064842224,0.9101939797401428,0.036461267620325,0.816043496131897
0.4842178225517273,0.3557130098342895,-0.1147817522287368,0.9999960064888,0.4869079887866974,0.3431145548820495,-0.1193485707044601,0.9999964237213136,0.4885597825050354,0.3425372838973999,-0.1195152699947357,0.9999969601631165,0.4906920194625854,0.3419430553913116,-0.1194154471158981,0.9999980926513672,0.4844713807106018,0.3438824713230133,-0.0989100486040115,0.999993622303009,0.4840888679027557,0.3438522219657898,-0.0990996658802032,0.9999914169311525,0.4835319519042969,0.3437763154506683,-0.0991406738758087,0.9999911189079284,0.5023888349533081,0.3415699005126953,-0.1131805181503295,0.9999985694885254,0.4910234808921814,0.3446497023105621,-0.0182714071124792,0.9999789595603944,0.4905441999435425,0.3661457002162933,-0.1078183203935623,0.9999942183494568,0.4867402911186218,0.3665421605110168,-0.082134760916233,0.9999813437461852,0.5258665680885315,0.3991756439208984,-0.1300851553678512,0.9999979734420776,0.4923509657382965,0.4067214727401733,0.0866827890276908,0.9997170567512512,0.5400514006614685,0.4972099661827087,-0.1663071662187576,0.9944584369659424,0.4560606777667999,0.404866486787796,0.1964911073446273,0.2122420817613601,0.5293638706207275,0.5989940762519836,-0.1857695877552032,0.9962433576583862,0.4920336902141571,0.3711196184158325,0.2971513569355011,0.249077022075653,0.5311191082000732,0.6285994648933411,-0.2039898335933685,0.992262601852417,0.5027680993080139,0.3611683547496795,0.3091781735420227,0.2276329845190048,0.5234571695327759,0.6282750964164734,-0.2083185613155365,0.9919264316558838,0.5052090883255005,0.3624603450298309,0.3095803558826446,0.218915969133377,0.5225645899772644,0.6204109191894531,-0.1853880137205124,0.983403980731964,0.5018693208694458,0.3660021722316742,0.297804057598114,0.2188799679279327,0.5174971222877502,0.5981099605560303,-0.0699913576245307,0.999916136264801,0.4988313913345337,0.6026647686958313,0.0699318498373031,0.9997457265853882,0.5150410532951355,0.7465227842330933,-0.0635846033692359,0.8429517149925232,0.5056015253067017,0.7439939379692078,0.0450169891119003,0.4105420708656311,0.5242676138877869,0.8972086310386658,-0.0534754171967506,0.9641159772872924,0.5188105702400208,0.8857551217079163,0.0777727738022804,0.6252337098121643,0.5344027280807495,0.9255325794219972,-0.0576325468719005,0.8637773990631104,0.528002917766571,0.908546268939972,0.0787550061941146,0.6747912168502808,0.4885105490684509,0.9246082901954652,-0.1414488852024078,0.9712952375411988,0.4859431087970733,0.9102070331573486,0.0343129709362983,0.8168224096298218
0.4841391146183014,0.3561683893203735,-0.1251003593206405,0.9999963641166688,0.4867137372493744,0.3435558974742889,-0.1282736212015152,0.9999967217445374,0.4884179830551147,0.3429125249385834,-0.1284423768520355,0.9999971985816956,0.4906306862831116,0.342287540435791,-0.1283427774906158,0.9999982714653016,0.4842685461044311,0.3445256352424621,-0.1078429371118545,0.999994158744812,0.4838044345378876,0.3445696830749511,-0.1080297753214836,0.9999920725822448,0.4831390082836151,0.3445455729961395,-0.108070008456707,0.999991774559021,0.5022839903831482,0.3419985771179199,-0.1162890121340751,0.9999986886978148,0.4902102053165436,0.3452513515949249,-0.0215578470379114,0.9999803900718688,0.4904904961585998,0.3664528429508209,-0.116139218211174,0.9999945759773254,0.4865021407604217,0.3669292628765106,-0.0904619842767715,0.9999824166297911,0.5249260663986206,0.3991740047931671,-0.1316268295049667,0.9999980330467224,0.4922257959842682,0.4067570269107818,0.0866833627223968,0.9997113943099976,0.5394810438156128,0.49655681848526,-0.1678897589445114,0.994621992111206,0.4560643434524536,0.4051968455314636,0.1971706598997116,0.2065758556127548,0.5288050174713135,0.5980753302574158,-0.1860890835523605,0.9963333010673524,0.4918066263198852,0.3710854649543762,0.29370978474617,0.2381835579872131,0.5300366878509521,0.6274223923683167,-0.204328641295433,0.99241042137146,0.5026975274085999,0.3614763617515564,0.3064925074577331,0.2176378518342971,0.5229029059410095,0.6272919774055481,-0.2083811610937118,0.9920876026153564,0.505098819732666,0.3627199828624725,0.303800493478775,0.2089754790067672,0.5221639275550842,0.6192891597747803,-0.1855717301368713,0.9837319850921632,0.501757025718689,0.366213709115982,0.2932105362415313,0.2094360142946243,0.5172995924949646,0.5979682207107544,-0.0711449682712555,0.999914050102234,0.4986944198608398,0.6025736927986145,0.0710832700133323,0.9997355341911316,0.5148065686225891,0.746527910232544,-0.0693423748016357,0.8489313721656799,0.5054991245269775,0.7439779043197632,0.0491594150662422,0.417078822851181,0.5242636799812317,0.8972476720809937,-0.0601496919989585,0.9653781652450562,0.5188001990318298,0.8857552409172058,0.0876830369234085,0.629197895526886,0.5344046354293823,0.9255353212356568,-0.0643697679042816,0.8680970072746277,0.5279037952423096,0.9084871411323548,0.0892588421702385,0.6793193221092224,0.4885676503181457,0.9246242642402648,-0.1503417789936065,0.9723571538925172,0.4859863519668579,0.9102079272270204,0.0453519150614738,0.8194340467453003
0.4839394986629486,0.3570654690265655,-0.109959453344345,0.9999966621398926,0.4863408803939819,0.3446202278137207,-0.1127031296491622,0.9999970197677612,0.4880234897136688,0.3438184559345245,-0.1128598600625991,0.9999974370002748,0.4902880787849426,0.3430173695087433,-0.1127614080905914,0.9999984502792358,0.4839489161968231,0.345885306596756,-0.0923256501555442,0.9999946355819702,0.4834479689598083,0.3460842669010162,-0.0925100669264793,0.9999926686286926,0.4827348291873932,0.3462034463882446,-0.0925419554114341,0.999992311000824,0.5020553469657898,0.3424219191074371,-0.1025358140468597,0.9999988079071044,0.4897140860557556,0.3464811444282532,-0.007752725854516,0.9999815821647644,0.4903555512428283,0.3670372664928436,-0.1014894470572471,0.9999948740005492,0.4862558543682098,0.3676475286483764,-0.0758500024676323,0.9999831914901732,0.5245110988616943,0.3991786241531372,-0.1222472637891769,0.9999980926513672,0.4922158122062683,0.4070048332214355,0.0964351668953895,0.9997099041938782,0.5390827059745789,0.4960093796253204,-0.1608667969703674,0.994792938232422,0.4559883177280426,0.4057835042476654,0.2015763372182846,0.2032741457223892,0.528170645236969,0.5976073741912842,-0.1783001869916916,0.9963964819908142,0.4917208254337311,0.3711693286895752,0.2937849462032318,0.2302996963262558,0.5294417142868042,0.6268123984336853,-0.1956115365028381,0.9925241470336914,0.5028096437454224,0.3616972267627716,0.3065758049488067,0.2104513496160507,0.5222288370132446,0.6266989707946777,-0.1986158192157745,0.992209494113922,0.5051394701004028,0.3628995716571808,0.3039695620536804,0.2016578912734985,0.5215675830841064,0.6187527775764465,-0.1772732585668563,0.9840094447135924,0.5016867518424988,0.3663797378540039,0.293234646320343,0.2027072161436081,0.516663670539856,0.5978288650512695,-0.0715158879756927,0.9999131560325624,0.4984322190284729,0.6025211215019226,0.0714537948369979,0.9997304081916808,0.514393150806427,0.7463000416755676,-0.0773398131132125,0.8553135395050049,0.5053898096084595,0.7438087463378906,0.0453614182770252,0.4227415323257446,0.5243085026741028,0.8972505331039429,-0.078126385807991,0.9665590524673462,0.518819272518158,0.8857539892196655,0.0762449130415916,0.6321417689323425,0.5346043705940247,0.925542175769806,-0.0832168385386467,0.8725020885467529,0.5279116034507751,0.9084873199462892,0.0770445317029953,0.6834427714347839,0.488712877035141,0.9246661067008972,-0.1671772897243499,0.9733564853668212,0.4861078858375549,0.9103846549987792,0.0338856093585491,0.8217191100120544
0.4837323725223541,0.3580463528633117,-0.1014616414904594,0.9999969005584716,0.485939472913742,0.3457798063755035,-0.1054770797491073,0.9999972581863404,0.4875623285770416,0.3449132442474365,-0.1056353598833084,0.999997615814209,0.489829272031784,0.3439882397651672,-0.1055362746119499,0.9999985694885254,0.4835545718669891,0.3471609354019165,-0.0846976190805435,0.999994933605194,0.4830166697502136,0.3473932147026062,-0.0848838239908218,0.9999930262565612,0.4822698831558227,0.3475213646888733,-0.0849172547459602,0.9999926686286926,0.5017911195755005,0.343070775270462,-0.0991470664739608,0.9999988675117492,0.4893282353878021,0.3474367558956146,-0.00294766202569,0.9999822974205016,0.4900886118412018,0.3677989244461059,-0.0944638699293136,0.9999949932098388,0.4859919548034668,0.3684694468975067,-0.0683596134185791,0.9999833703041076,0.5241743326187134,0.3991278409957886,-0.1198068186640739,0.999998152256012,0.4921485483646393,0.407039076089859,0.0995738804340362,0.9997044801712036,0.5386542081832886,0.4953511655330658,-0.1566352993249893,0.9949884414672852,0.4560582935810089,0.40680593252182,0.2005610913038253,0.1991840153932571,0.5276294350624084,0.5967881083488464,-0.1712376475334167,0.9965083003044128,0.4912411570549011,0.3712705671787262,0.2902939915657043,0.2224404215812683,0.5287209749221802,0.6259101033210754,-0.1882210075855255,0.9927451014518738,0.5024265646934509,0.3618607819080353,0.3015461266040802,0.2039370089769363,0.521589457988739,0.6258083581924438,-0.1915169805288314,0.992441713809967,0.5047417879104614,0.3629474639892578,0.2998076975345611,0.1950918585062027,0.5210286974906921,0.6177144646644592,-0.1702968925237655,0.9844953417778016,0.5009950995445251,0.3664093315601349,0.2896031737327575,0.1966694295406341,0.5154498815536499,0.5978185534477234,-0.0715068727731704,0.9999128580093384,0.4981269240379333,0.602507472038269,0.0714450031518936,0.9997270107269288,0.5140292048454285,0.7463035583496094,-0.0743012204766273,0.8616924285888672,0.5053728818893433,0.7438095211982727,0.0425356552004814,0.4367207586765289,0.5243133902549744,0.8971893191337585,-0.0751191675662994,0.967766046524048,0.5188353657722473,0.8857881426811218,0.0724675580859184,0.641724705696106,0.5346987247467041,0.9255037903785706,-0.0811928063631057,0.8766928911209106,0.5279127359390259,0.9085606932640076,0.0732289999723434,0.6922497153282166,0.4887803196907043,0.924636960029602,-0.1541543155908584,0.9742974042892456,0.4861406087875366,0.9103509783744812,0.0303060878068208,0.8272443413734436
0.483439952135086,0.3586967885494232,-0.0987682342529296,0.999997079372406,0.4855245649814605,0.346462219953537,-0.1037456542253494,0.9999974370002748,0.4870905578136444,0.3455527722835541,-0.1039051786065101,0.9999977946281432,0.4893417656421661,0.3445504307746887,-0.1038057878613472,0.9999986886978148,0.4831242561340332,0.347927063703537,-0.0824139341711998,0.9999951720237732,0.4825921356678009,0.3481756448745727,-0.0826012417674064,0.9999933242797852,0.4818635284900665,0.3483047485351562,-0.0826370939612388,0.9999929070472716,0.5014387369155884,0.3434820771217346,-0.1003050282597541,0.999998927116394,0.4890350103378296,0.3480853736400604,-0.0018913408275693,0.99998277425766,0.4897572100162506,0.368294894695282,-0.0929138660430908,0.9999950528144836,0.4857650995254516,0.3690171837806701,-0.066086396574974,0.9999833106994628,0.5238010287284851,0.3990041613578796,-0.1214169636368751,0.999998152256012,0.4922324120998382,0.4070721268653869,0.1004484891891479,0.9996997714042664,0.537759006023407,0.4950218498706817,-0.1574809849262237,0.9951549172401428,0.4560763239860534,0.4076036810874939,0.1998989731073379,0.1941070854663849,0.5267037749290466,0.5965646505355835,-0.1721689999103546,0.996607542037964,0.4907830357551574,0.3715208172798157,0.2841068804264068,0.2153793722391128,0.5276739001274109,0.6257138848304749,-0.1892897933721542,0.9929408431053162,0.5016635060310364,0.3624798655509949,0.2945105731487274,0.1981713622808456,0.5206789374351501,0.6255786418914795,-0.1930642575025558,0.9926472306251526,0.5040549039840698,0.3635509610176086,0.2924491167068481,0.1893391460180282,0.520182728767395,0.6173527240753174,-0.1714536547660827,0.9849101901054382,0.5002449154853821,0.3668356239795685,0.2831225991249084,0.1912051439285278,0.5139543414115906,0.5979030728340149,-0.0717072561383247,0.9999128580093384,0.4979794323444366,0.6025384068489075,0.0716521888971328,0.9997255206108092,0.5137891173362732,0.7466869354248047,-0.0731028988957405,0.8653835654258728,0.5054644346237183,0.744015097618103,0.0434269644320011,0.4439275860786438,0.5242997407913208,0.897251307964325,-0.0624216422438621,0.9683644771575928,0.5188336968421936,0.8862854838371277,0.0726762786507606,0.6466549634933472,0.5347243547439575,0.9255841374397278,-0.0665320381522178,0.8793888688087463,0.5278851389884949,0.9094011187553406,0.0733163878321647,0.697950541973114,0.488729327917099,0.9246546626091005,-0.1395843178033828,0.9747929573059082,0.4860264360904693,0.9103528261184692,0.0300286971032619,0.8305292129516602
0.4831201732158661,0.3591898083686828,-0.0923349857330322,0.9999972581863404,0.4851652681827545,0.3468857705593109,-0.0960637256503105,0.999997615814209,0.4867390394210815,0.3459370732307434,-0.0962211191654205,0.9999979138374328,0.4890131950378418,0.3448661863803863,-0.0961244106292724,0.9999987483024596,0.4826567471027374,0.3484553396701813,-0.0756208226084709,0.9999954104423524,0.4821087419986725,0.348751425743103,-0.0758057683706283,0.999993622303009,0.4813855290412903,0.3489077687263489,-0.0758414939045906,0.9999931454658508,0.5011951327323914,0.3436771333217621,-0.0893179923295974,0.9999989867210388,0.4885783493518829,0.3484769463539123,0.0053492491133511,0.9999831914901732,0.4894946217536926,0.368649810552597,-0.0854809433221817,0.9999951124191284,0.4855080246925354,0.3694270849227905,-0.0597661100327968,0.9999833106994628,0.5237444043159485,0.3988240957260132,-0.1119809299707412,0.999998152256012,0.4919642508029938,0.4071006774902344,0.104325033724308,0.9996915459632874,0.5371168255805969,0.4938563108444214,-0.1512696146965026,0.9952332973480223,0.4561099112033844,0.4078470170497894,0.1994313895702362,0.1898767501115799,0.5258682370185852,0.5961717963218689,-0.1677758544683456,0.9966265559196472,0.4906534552574157,0.3716132640838623,0.2820686399936676,0.2064035981893539,0.5267821550369263,0.6251130700111389,-0.1847769767045974,0.992988646030426,0.5011774897575378,0.3629637360572815,0.2926091849803924,0.1904571652412414,0.5195886492729187,0.6249796748161316,-0.1885519027709961,0.9927095770835876,0.5033564567565918,0.3639717400074005,0.2907362878322601,0.1816991716623306,0.5191023945808411,0.6167258024215698,-0.1671522259712219,0.9850831627845764,0.499699205160141,0.3670749366283417,0.2812041640281677,0.1841330677270889,0.5136144757270813,0.5978267192840576,-0.0716240331530571,0.9999114274978638,0.4978514909744262,0.6025198698043823,0.0715690553188324,0.9997191429138184,0.5136283040046692,0.7466426491737366,-0.0752931833267211,0.8697012662887573,0.5054513812065125,0.7439433932304382,0.0387202985584735,0.4512396156787872,0.5242980122566223,0.8974999189376831,-0.0741868838667869,0.9689233303070068,0.5188103914260864,0.8867857456207275,0.0607309564948082,0.6505999565124512,0.534825325012207,0.925806760787964,-0.0792049691081047,0.8808332085609436,0.5275490880012512,0.9099158644676208,0.0605951473116874,0.7008753418922424,0.488751471042633,0.9247294068336488,-0.1613763123750686,0.9752119183540344,0.4860271513462066,0.9103906154632568,0.0159321576356887,0.8325908780097961
0.4825412034988403,0.3594484329223633,-0.0848729759454727,0.9999974370002748,0.4846372306346893,0.3470259010791778,-0.0876812934875488,0.9999977946281432,0.4862615168094635,0.3460860848426819,-0.0878347009420394,0.9999980926513672,0.4885029196739197,0.3450117111206054,-0.0877377688884735,0.9999988079071044,0.4819311797618866,0.348518818616867,-0.0677058547735214,0.9999957084655762,0.481366753578186,0.3487655520439148,-0.0678873807191848,0.9999939799308776,0.4806574881076813,0.3488639593124389,-0.0679192245006561,0.9999934434890748,0.5009223818778992,0.3437751829624176,-0.0787676721811294,0.9999990463256836,0.4878730475902557,0.3485122621059418,0.0138684157282114,0.9999839067459106,0.4889215230941772,0.3688779771327972,-0.0773194581270217,0.999995231628418,0.4849728345870971,0.3696780800819397,-0.0522282309830188,0.9999836087226868,0.5235421061515808,0.3985057473182678,-0.102793850004673,0.999998152256012,0.4911308288574219,0.4070631265640259,0.1108799129724502,0.9996872544288636,0.5366196036338806,0.4917552769184112,-0.1450717151165008,0.9953429698944092,0.4561220407485962,0.4077857434749603,0.2048093527555465,0.1882483065128326,0.5251004099845886,0.5950860381126404,-0.1609414368867874,0.9966811537742616,0.4915896952152252,0.3701911270618438,0.2912616729736328,0.2010831534862518,0.5259857773780823,0.6240482926368713,-0.1772811561822891,0.9931111335754396,0.5025862455368042,0.3595926463603973,0.3031137585639953,0.1860181242227554,0.5187602043151855,0.6239481568336487,-0.1805616170167923,0.992847740650177,0.5050828456878662,0.3614383935928345,0.3023688197135925,0.1770293563604354,0.5182152390480042,0.6155372858047485,-0.16007961332798,0.985405445098877,0.5011125802993774,0.3651726841926574,0.2911359965801239,0.1800093501806259,0.5136798620223999,0.597650408744812,-0.0715308859944343,0.9999091625213624,0.49768728017807,0.602441132068634,0.071476936340332,0.999710738658905,0.5133612155914307,0.7462607622146606,-0.0765865892171859,0.8745483756065369,0.5053800940513611,0.7437539100646973,0.030939120799303,0.4626409709453583,0.5242463946342468,0.8975581526756287,-0.0767791494727134,0.9695758819580078,0.5187196135520935,0.8871437311172485,0.0474752411246299,0.6565904021263123,0.5348300337791443,0.9258626103401184,-0.0818066298961639,0.8827153444290161,0.5272137522697449,0.9101537466049194,0.0467997379601001,0.7051485180854797,0.4887526631355285,0.9247648119926452,-0.1638701260089874,0.9757005572319032,0.485968142747879,0.9104405641555786,0.0019287645118311,0.8357043266296387
0.4822791814804077,0.3594099879264831,-0.0817716270685195,0.999997615814209,0.4844457805156708,0.3469616174697876,-0.083459086716175,0.9999979734420776,0.4861530065536499,0.3460370898246765,-0.0836096107959747,0.9999982118606568,0.4884107410907745,0.3449790179729461,-0.0835122913122177,0.999998927116394,0.4816665649414062,0.3484238982200622,-0.0640691891312599,0.9999960064888,0.4810604751110077,0.3486618101596832,-0.0642456784844398,0.9999943971633912,0.4803165197372436,0.3487600684165954,-0.0642725974321365,0.999993860721588,0.5006707310676575,0.3437963724136352,-0.0714877098798751,0.9999991059303284,0.487282246351242,0.3484644889831543,0.0185411740094423,0.999984860420227,0.4886370897293091,0.3688660860061645,-0.0733888149261474,0.9999954104423524,0.4846164584159851,0.3696503937244415,-0.0490389689803123,0.9999842643737792,0.5228726267814636,0.3983497321605682,-0.0967637598514556,0.9999982118606568,0.4900766015052795,0.4069262146949768,0.113562487065792,0.9996877312660216,0.5361769795417786,0.4902336895465851,-0.1443691551685333,0.9953976273536682,0.4562640786170959,0.4071767628192901,0.2063852846622467,0.1912958323955536,0.5246968865394592,0.5939456224441528,-0.1639747768640518,0.9967164397239684,0.4939378798007965,0.3671134710311889,0.2955292165279388,0.2031048238277435,0.5255728960037231,0.6231641173362732,-0.1807323545217514,0.9932122826576232,0.5055956840515137,0.3550007343292236,0.3077287971973419,0.1876560598611831,0.5183320641517639,0.623066246509552,-0.1839740127325058,0.9929652214050292,0.5080546736717224,0.3571914136409759,0.3072532415390014,0.1780289560556411,0.5177618265151978,0.6145393252372742,-0.1631655246019363,0.9856906533241272,0.5040969252586365,0.3611967861652374,0.2956516444683075,0.1813888102769851,0.5138036012649536,0.5976211428642273,-0.0713260099291801,0.9999067783355712,0.4974006414413452,0.6023815870285034,0.0712703242897987,0.999704658985138,0.5131308436393738,0.746006429195404,-0.0745978280901908,0.877178430557251,0.5052303075790405,0.7436675429344177,0.0276699364185333,0.470686137676239,0.5241924524307251,0.8975614905357361,-0.0752118378877639,0.9696842432022096,0.5186423063278198,0.8874397277832031,0.0399919487535953,0.6596034169197083,0.5348158478736877,0.9258967638015748,-0.0802444964647293,0.8831153512001038,0.5270581841468811,0.9104965925216676,0.0389484874904155,0.7069289684295654,0.4887333512306213,0.9247772097587584,-0.1606068760156631,0.9758622646331788,0.4858709573745727,0.910498023033142,-0.0048486609011888,0.8375287055969238
0.4818032681941986,0.3594319820404053,-0.0870480239391326,0.9999977350234984,0.4839823842048645,0.3469684720039367,-0.0897358208894729,0.9999980926513672,0.4857705533504486,0.3460431694984436,-0.0898913964629173,0.9999983310699464,0.4880210757255554,0.3450010120868683,-0.0897940322756767,0.9999989867210388,0.4811373949050903,0.3483842015266418,-0.0699569061398506,0.9999961853027344,0.4805241227149963,0.3486067950725555,-0.0701374635100364,0.9999945163726808,0.4797861278057098,0.3486863672733307,-0.070169523358345,0.9999939799308776,0.5003096461296082,0.3438466489315033,-0.0798335075378418,0.9999991655349731,0.4868009686470032,0.3484645485877991,0.0115765668451786,0.9999850392341614,0.4882538914680481,0.3688721060752868,-0.0793339908123016,0.9999953508377076,0.484188437461853,0.3696530163288116,-0.0545056872069835,0.9999839663505554,0.5222471952438354,0.3978118598461151,-0.1030878201127052,0.9999982118606568,0.4896067380905151,0.4065935313701629,0.1089808940887451,0.9996747970581056,0.5361918210983276,0.4893466532230377,-0.1471774578094482,0.995429754257202,0.4562511146068573,0.4061952829360962,0.2057516723871231,0.1887206733226776,0.5244451761245728,0.5931335091590881,-0.1687122136354446,0.9967233538627625,0.494007408618927,0.3660736382007599,0.2935782372951507,0.1985132992267608,0.5252549052238464,0.6226458549499512,-0.1858649849891662,0.9932433366775512,0.505727231502533,0.3537302613258362,0.3057694435119629,0.1836084127426147,0.5180314779281616,0.6224400997161865,-0.1883762925863266,0.99300616979599,0.5082226991653442,0.3558712005615234,0.3047167658805847,0.1738221347332,0.5175086855888367,0.6136689782142639,-0.1677574664354324,0.9858065247535706,0.5043004155158997,0.3598033487796783,0.2935045659542084,0.1775275766849517,0.5138656497001648,0.597658097743988,-0.0709190517663955,0.9999045729637146,0.4968422055244446,0.6023815870285034,0.070862129330635,0.9996963739395142,0.5129746198654175,0.7460126280784607,-0.073481410741806,0.8791207671165466,0.5050718188285828,0.7436684370040894,0.0315586067736148,0.4764887392520904,0.5241773128509521,0.8979572653770447,-0.0705358758568763,0.970054030418396,0.5185762643814087,0.8878626227378845,0.0500054322183132,0.6632825136184692,0.5348414182662964,0.9262308478355408,-0.0751631930470466,0.884010910987854,0.5269749760627747,0.9109367728233336,0.0496285520493984,0.7091793417930603,0.4887217581272125,0.925030529499054,-0.156628280878067,0.97611802816391,0.4857314229011535,0.910609483718872,0.0057782754302024,0.8392725586891174
0.4813127517700195,0.3594135046005249,-0.0893556997179985,0.9999977350234984,0.48350790143013,0.3469572067260742,-0.0923731103539466,0.999998152256012,0.4853230714797973,0.3460419178009033,-0.0925303772091865,0.9999983906745912,0.4875493049621582,0.3450284004211426,-0.0924337208271026,0.9999989867210388,0.4806593060493469,0.3483679294586181,-0.0725201889872551,0.9999961853027344,0.4800571799278259,0.3485982418060303,-0.0727023333311081,0.999994456768036,0.4793301820755005,0.3486844301223755,-0.0727361440658569,0.9999938011169434,0.4996046125888824,0.3440451025962829,-0.081138752400875,0.9999991655349731,0.4864586889743805,0.3484906852245331,0.0086126904934644,0.999984622001648,0.4878771007061004,0.3688670396804809,-0.0819694250822067,0.9999951124191284,0.4838050901889801,0.3696658611297607,-0.0568697974085807,0.9999828934669496,0.5218036770820618,0.3961670696735382,-0.1088463738560676,0.999998152256012,0.4896497726440429,0.4065461456775665,0.1068493500351905,0.999662220478058,0.5360444784164429,0.4887970089912414,-0.1588064134120941,0.9954750537872314,0.4564805328845978,0.4051635861396789,0.2050597369670868,0.1800446808338165,0.524084210395813,0.5927557945251465,-0.1822943687438964,0.99670147895813,0.4926873743534088,0.3665569722652435,0.2827401161193847,0.1894766241312027,0.5247438549995422,0.6223905682563782,-0.2006925046443939,0.9932166934013368,0.5029116272926331,0.3566429316997528,0.2933036684989929,0.1768237501382827,0.5177092552185059,0.6220610737800598,-0.2039292156696319,0.9929845929145812,0.5052558779716492,0.35841104388237,0.2901412546634674,0.1673334389925003,0.5172483325004578,0.6132455468177795,-0.1816530674695968,0.9857767224311828,0.5018569827079773,0.3614792823791504,0.2813921570777893,0.1713650524616241,0.5138614177703857,0.5981571078300476,-0.0709415823221206,0.9999041557312012,0.4967659115791321,0.6024706363677979,0.0708860009908676,0.9996939897537231,0.5127938985824585,0.746076762676239,-0.0677584186196327,0.8809517025947571,0.5050333738327026,0.7437262535095215,0.031518455594778,0.4855461120605469,0.524156928062439,0.8983802795410156,-0.0582673773169517,0.9703595638275146,0.5185000896453857,0.8884583711624146,0.0512056872248649,0.6693626046180725,0.5348411798477173,0.92666357755661,-0.0623077787458896,0.8851010203361511,0.5269321203231812,0.9118324518203736,0.0509083643555641,0.714296281337738,0.4886487126350403,0.9251158833503724,-0.1419490277767181,0.976268231868744,0.4855769276618957,0.9107394814491272,0.0067330463789403,0.8421605229377747
0.4811021685600281,0.3593957424163818,-0.0905042588710784,0.999997854232788,0.4833028614521026,0.3469425439834595,-0.0938668027520179,0.9999982714653016,0.4851632118225097,0.3460309505462646,-0.0940251424908638,0.9999985098838806,0.4873755872249603,0.345016598701477,-0.0939280465245246,0.9999990463256836,0.4803865849971771,0.3483225703239441,-0.0738089755177497,0.9999964237213136,0.4797172248363495,0.3485579788684845,-0.0739915817975997,0.9999947547912598,0.4789184629917145,0.3486681878566742,-0.0740256235003471,0.9999940991401672,0.4992910027503967,0.344254583120346,-0.0843668654561042,0.999999225139618,0.4858379364013672,0.3486473858356476,0.008841797709465,0.9999851584434508,0.4877057075500488,0.3687958717346191,-0.0833685547113418,0.999995231628418,0.4835083782672882,0.3696522116661072,-0.0580173544585704,0.9999831914901732,0.5215939283370972,0.39527627825737,-0.1095963642001152,0.999998152256012,0.4897147119045257,0.4066055417060852,0.1084174439311027,0.9996599555015564,0.535956621170044,0.4889513850212097,-0.1592577844858169,0.9954496622085572,0.4566730558872223,0.4036063551902771,0.2060286998748779,0.1733476966619491,0.5240057706832886,0.5927169322967529,-0.1838357001543045,0.9966241121292114,0.4917137026786804,0.3665990829467773,0.2858330905437469,0.1826684027910232,0.524687647819519,0.6223927736282349,-0.2022198885679245,0.9930875897407532,0.5013951063156128,0.3580908179283142,0.296416699886322,0.1716110855340957,0.5175707936286926,0.6220434308052063,-0.2056168466806411,0.9928595423698424,0.5037305355072021,0.3599578440189361,0.2924108505249023,0.1622771620750427,0.5171669721603394,0.6132792234420776,-0.1832573115825653,0.9855555891990662,0.5006077289581299,0.3622293174266815,0.2841390371322632,0.1666355431079864,0.5138984322547913,0.5982780456542969,-0.0709652006626129,0.9999033212661744,0.4967893362045288,0.6025615930557251,0.0709093138575553,0.9996928572654724,0.5125415921211243,0.7458820939064026,-0.0673962160944938,0.8811212778091431,0.5049442052841187,0.743657648563385,0.0253303945064544,0.4923526048660278,0.5241252183914185,0.8984696269035339,-0.0579842217266559,0.9701132774353028,0.5184541940689087,0.8888027667999268,0.0397481843829155,0.6732211112976074,0.5348364114761353,0.9268401265144348,-0.0620587430894374,0.8846943378448486,0.5268969535827637,0.9123644828796388,0.0388397499918937,0.7172893285751343,0.4885793924331665,0.9251320958137512,-0.1415860056877136,0.976067066192627,0.4854519963264465,0.9109123945236206,-0.0063516334630548,0.8439720273017883
0.4808799922466278,0.3593663871288299,-0.0912382081151008,0.9999979734420776,0.4830785691738128,0.3469167053699493,-0.0947134271264076,0.9999983906745912,0.4849673509597778,0.3460198044776916,-0.0948719903826713,0.9999986290931702,0.4871215224266052,0.345005452632904,-0.09477449208498,0.9999991059303284,0.4801433384418487,0.3482941389083862,-0.0745191052556037,0.9999966025352478,0.4794492721557617,0.3485187292098999,-0.0747015997767448,0.9999949932098388,0.4786231815814972,0.3486275672912597,-0.0747353658080101,0.9999943375587464,0.4989812076091766,0.3444967567920685,-0.0860314443707466,0.9999992847442628,0.4854591488838196,0.3487104177474975,0.0084515018388628,0.9999856352806092,0.4875371158123016,0.3687382936477661,-0.0841562300920486,0.9999952912330629,0.4832746088504791,0.3696364462375641,-0.0586430579423904,0.9999834299087524,0.5215631723403931,0.3947345614433288,-0.1103200986981391,0.999998152256012,0.4897915422916412,0.4067131876945495,0.1083010137081146,0.9996573328971864,0.5356806516647339,0.4890387654304504,-0.1602022647857666,0.9954580664634703,0.4568184018135071,0.4018585979938507,0.2062442749738693,0.1677305698394775,0.5240131616592407,0.5924779772758484,-0.1855188757181167,0.9965957999229432,0.4910764098167419,0.3667512536048889,0.2868442237377167,0.1772238165140152,0.5247105360031128,0.6223345398902893,-0.2042308896780014,0.993048906326294,0.5007660984992981,0.3595360815525055,0.2971957623958587,0.1676471382379531,0.5175701379776001,0.621980607509613,-0.2077825218439102,0.9928249716758728,0.5030339956283569,0.3612759709358215,0.2925553619861603,0.1584426462650299,0.5172039866447449,0.6132598519325256,-0.1850369572639465,0.9854966402053832,0.4999731779098511,0.3629934787750244,0.2849353849887848,0.1631529182195663,0.5139749050140381,0.598336935043335,-0.0709647759795188,0.999903440475464,0.4967981278896332,0.6028408408164978,0.0709089562296867,0.999694049358368,0.5124824643135071,0.745966911315918,-0.0612766556441783,0.8823442459106445,0.5048439502716064,0.7436848878860474,0.0278602503240108,0.5020297169685364,0.5240963101387024,0.8987771272659302,-0.0465161241590976,0.9703139662742616,0.5183723568916321,0.8890948295593262,0.0467433705925941,0.6798017024993896,0.5348265171051025,0.9270156621932985,-0.0500778071582317,0.8850551247596741,0.5267288684844971,0.9126617908477784,0.046325609087944,0.7218239307403564,0.4885312020778656,0.9251311421394348,-0.1294575035572052,0.9761523008346558,0.4854229986667633,0.9109404683113098,0.0012990854447707,0.8470867276191711
0.4805752038955688,0.3594436645507812,-0.1002318710088729,0.9999980926513672,0.4827008545398712,0.3470869958400726,-0.104409359395504,0.9999984502792358,0.4845406711101532,0.3462381064891815,-0.1045689210295677,0.9999986886978148,0.4866422712802887,0.3452869653701782,-0.1044636815786361,0.9999991655349731,0.4798407256603241,0.348473846912384,-0.0833043158054351,0.999996781349182,0.4791851937770843,0.348724216222763,-0.0834894180297851,0.9999951720237732,0.4783937036991119,0.3488426506519317,-0.0835222080349922,0.9999945163726808,0.4986386299133301,0.3447164893150329,-0.096329241991043,0.9999993443489076,0.4853616952896118,0.3488524556159973,0.0014773610746487,0.9999859929084778,0.4872658848762512,0.3687854409217834,-0.0927513688802719,0.9999954104423524,0.4831110835075378,0.369710773229599,-0.0662652924656868,0.9999836087226868,0.5214569568634033,0.3945360481739044,-0.1182398349046707,0.999998152256012,0.4905460178852081,0.4067174196243286,0.1065504476428031,0.9996554255485536,0.5355190634727478,0.4891051054000854,-0.1660214960575103,0.99549400806427,0.4573537111282348,0.4004178941249847,0.2082948982715606,0.1605336219072342,0.5240576267242432,0.5923195481300354,-0.1887501627206802,0.9966090321540833,0.48979052901268,0.3669491112232208,0.2968365252017975,0.1710525751113891,0.5248165726661682,0.6223230957984924,-0.2071576565504074,0.9930747747421264,0.4994199573993683,0.3596649467945099,0.3088834881782532,0.1631204783916473,0.5176535844802856,0.6220160722732544,-0.2109090834856033,0.9928600192070008,0.5018725991249084,0.3615302443504333,0.3038340210914612,0.1542227268218994,0.5172753930091858,0.6133146286010742,-0.1882407814264297,0.9855682253837584,0.4986811578273773,0.3631706237792969,0.2949489951133728,0.159189686179161,0.5139835476875305,0.5986077785491943,-0.0711442455649375,0.9999017715454102,0.4968571364879608,0.603091299533844,0.0710909143090248,0.9996889233589172,0.51242995262146,0.7463632822036743,-0.0592894628643989,0.8816070556640625,0.5048065185546875,0.7438609004020691,0.0279832258820533,0.50730299949646,0.524088442325592,0.8991620540618896,-0.0437346473336219,0.9699665307998656,0.518370509147644,0.8892843723297119,0.0490438416600227,0.6811391711235046,0.5348309874534607,0.9273000359535216,-0.0471588745713233,0.8845030069351196,0.5267126560211182,0.9128203392028807,0.0488845035433769,0.7232609391212463,0.4885305166244507,0.9251022338867188,-0.1255040913820266,0.9759305119514464,0.485486775636673,0.9109410643577576,0.0046675964258611,0.8478614091873169
0.4804578721523285,0.3594461381435394,-0.1095689758658409,0.9999982118606568,0.4825643897056579,0.3471240401268005,-0.112558402121067,0.9999985694885254,0.4844412803649902,0.346297413110733,-0.1127177327871322,0.9999988079071044,0.4865551590919494,0.3453861474990845,-0.1126097738742828,0.999999225139618,0.4796181917190552,0.3485347032546997,-0.0919590070843696,0.9999970197677612,0.4789173007011413,0.3488185703754425,-0.0921435430645942,0.9999954700469972,0.4780996739864349,0.3489624857902527,-0.0921749100089073,0.9999948143959044,0.4984419643878937,0.3447960317134857,-0.1003683283925056,0.9999994039535522,0.4850117564201355,0.3490214049816131,-0.0048404340632259,0.99998676776886,0.4871866106986999,0.3687803149223327,-0.1005648076534271,0.9999956488609314,0.482969582080841,0.369714617729187,-0.0747586637735366,0.999984323978424,0.5214405655860901,0.3945694267749786,-0.1200942024588584,0.999998152256012,0.4905520379543304,0.4067315757274627,0.1020875126123428,0.9996556639671326,0.5349870324134827,0.4891863167285919,-0.168683722615242,0.9954649209976196,0.4578040242195129,0.3988505005836487,0.2081207931041717,0.1544704288244247,0.5240451097488403,0.5922340750694275,-0.1958873867988586,0.9965723156929016,0.4886336028575897,0.3670783936977386,0.302374005317688,0.1646325141191482,0.5248838067054749,0.62233966588974,-0.214897871017456,0.9930081367492676,0.497855931520462,0.3597523272037506,0.315225601196289,0.1578314304351806,0.5177109837532043,0.6220494508743286,-0.218949943780899,0.9928002953529358,0.5003882646560669,0.3615676462650299,0.3102255463600158,0.1491951197385788,0.5173245072364807,0.6133623123168945,-0.1956437677145004,0.9854567050933838,0.4971615970134735,0.3633072972297668,0.3006881773471832,0.154439315199852,0.5140395760536194,0.5987215638160706,-0.0711477920413017,0.9999018311500548,0.4968790113925934,0.6033309102058411,0.0710941851139068,0.999689519405365,0.5123769640922546,0.7464084029197693,-0.0598482154309749,0.8818619847297668,0.5046939253807068,0.7439134120941162,0.0282277185469865,0.5123990178108215,0.5240716338157654,0.8993156552314758,-0.0469443462789058,0.969896137714386,0.5183402895927429,0.8893757462501526,0.0501573160290718,0.6841630339622498,0.5348311066627502,0.9273410439491272,-0.050634179264307,0.8842103481292725,0.5266698598861694,0.9128513932228088,0.0500343330204486,0.7247719168663025,0.4885758757591247,0.9251040816307068,-0.1300465017557144,0.9759637713432312,0.485501080751419,0.9109829664230348,0.0053176372312009,0.8494666814804077
0.4803682565689087,0.3596221208572387,-0.1112791523337364,0.9999983310699464,0.4824996888637543,0.3471949398517608,-0.1132579073309898,0.9999986886978148,0.4844168722629547,0.3463500440120697,-0.113415241241455,0.999998927116394,0.486580491065979,0.3454314470291137,-0.1133055761456489,0.9999992847442628,0.4794674515724182,0.348649650812149,-0.0926466882228851,0.9999972581863404,0.4787432253360748,0.3489670753479004,-0.0928268507122993,0.9999958276748656,0.4779244363307953,0.3491336405277252,-0.0928556993603706,0.999995231628418,0.4983380734920501,0.344852477312088,-0.0992351919412612,0.999999463558197,0.4848776459693908,0.3491903841495514,-0.0037796315737068,0.9999877214431764,0.4871584773063659,0.3689109981060028,-0.1015035659074783,0.9999959468841552,0.4828943014144897,0.3699181079864502,-0.0756966099143028,0.9999853372573853,0.5214487314224243,0.3949914872646332,-0.1194602325558662,0.9999982118606568,0.4906045198440552,0.4073257744312286,0.1044777855277061,0.999658226966858,0.5346370935440063,0.48944091796875,-0.1678605377674102,0.995412051677704,0.4586332738399505,0.3970107138156891,0.2249534726142883,0.1473817825317382,0.524052083492279,0.5922562479972839,-0.1941846162080764,0.9965264201164246,0.4886784851551056,0.3668029606342315,0.3357682228088379,0.157655194401741,0.524933397769928,0.6223586797714233,-0.2126562446355819,0.9929121136665344,0.4976588785648346,0.3596174120903015,0.3516988158226013,0.1518122851848602,0.5177429914474487,0.6220993399620056,-0.2165250331163406,0.9927096962928772,0.5001073479652405,0.3615929782390594,0.3469853103160858,0.1434158086776733,0.5173465609550476,0.6134116053581238,-0.193802922964096,0.9852744340896606,0.4969530701637268,0.3632627129554748,0.3346662819385528,0.1488055884838104,0.5141105055809021,0.5987566113471985,-0.0719537436962127,0.9999001622200012,0.4970775246620178,0.6034316420555115,0.0718930289149284,0.9996846914291382,0.5121467113494873,0.7464087009429932,-0.0662541538476944,0.8804177045822144,0.5046961307525635,0.7439195513725281,0.0281023178249597,0.5089552998542786,0.5240671038627625,0.8992900848388672,-0.0536376610398292,0.9691630005836488,0.5183781385421753,0.8893625736236572,0.050608105957508,0.6804347038269043,0.5348533391952515,0.9272605180740356,-0.0571768023073673,0.8830944895744324,0.5267044901847839,0.9127362370491028,0.0505241937935352,0.7224075794219971,0.4886938631534576,0.9251120686531068,-0.1360189616680145,0.9756198525428772,0.4858470857143402,0.9110081791877748,0.0061352853663265,0.8477715849876404
0.4803577363491058,0.3597919642925262,-0.1115557625889778,0.9999984502792358,0.4824478924274444,0.3472949266433716,-0.1140885353088378,0.9999988079071044,0.4844018518924713,0.346404105424881,-0.1142456382513046,0.9999989867210388,0.4865928888320923,0.3454694151878357,-0.1141341850161552,0.9999993443489076,0.4793989360332489,0.3487828373908996,-0.0931338369846344,0.9999974370002748,0.4786839187145233,0.3490964770317077,-0.0933116674423217,0.9999961256980896,0.4778745770454407,0.34925177693367,-0.093339592218399,0.9999955296516418,0.4980606436729431,0.344852864742279,-0.1009520515799522,0.9999995231628418,0.484880656003952,0.3492327034473419,-0.0041066273115575,0.9999884963035583,0.4871585667133331,0.3689357936382293,-0.102362997829914,0.9999961853027344,0.4828878045082092,0.3699409663677215,-0.0761046484112739,0.9999861121177672,0.5214217901229858,0.3950048983097076,-0.1222559064626693,0.9999982714653016,0.4910248816013336,0.4073289036750793,0.1049489304423332,0.9996603727340698,0.5346782207489014,0.4894790053367615,-0.1721804589033126,0.9954472184181212,0.4597327411174774,0.3959358632564544,0.2268823236227035,0.1402051895856857,0.5240667462348938,0.5922726392745972,-0.1980108916759491,0.9965356588363647,0.4886261522769928,0.3642228841781616,0.3364929258823395,0.1518434137105941,0.5249617695808411,0.6224174499511719,-0.2162991017103195,0.9929237961769104,0.4969643354415893,0.3567359745502472,0.3523627519607544,0.1470820754766464,0.5177574753761292,0.6222000122070312,-0.2201560586690902,0.9927294850349426,0.4996418058872223,0.3593385219573974,0.3474898636341095,0.1389310210943222,0.5173563361167908,0.6134475469589233,-0.19754259288311,0.9852938055992126,0.4966939091682434,0.3608462810516357,0.3352614939212799,0.144415944814682,0.5141039490699768,0.5987576842308044,-0.0732701867818832,0.9998986124992372,0.4970846772193908,0.6034330725669861,0.073205754160881,0.9996788501739502,0.5121148824691772,0.7464609742164612,-0.0689934119582176,0.880485475063324,0.5046995878219604,0.7439407706260681,0.0302018132060766,0.5037835836410522,0.5240631103515625,0.8992060422897339,-0.0583984516561031,0.9690511226654052,0.5184194445610046,0.889246940612793,0.0588493682444095,0.6761782169342041,0.534882128238678,0.9271456599235536,-0.062088917940855,0.8834683895111084,0.5267184972763062,0.9125515818595886,0.0594690181314945,0.7204771041870117,0.4887843430042267,0.9251184463500975,-0.1406888961791992,0.975695013999939,0.4860439300537109,0.9110098481178284,0.0175902117043733,0.8461560606956482
0.4803500771522522,0.3598308265209198,-0.1107556149363517,0.9999985098838806,0.482406347990036,0.3473618328571319,-0.1127630919218063,0.9999988675117492,0.4843644201755523,0.346460223197937,-0.1129193231463432,0.9999989867210388,0.4865446984767914,0.3455286622047424,-0.1128107756376266,0.9999993443489076,0.4793914556503296,0.3488004207611084,-0.0926811695098877,0.9999974966049194,0.4786931872367859,0.3490951359272003,-0.0928636267781257,0.9999961256980896,0.4778952896595001,0.3492423593997955,-0.0928961113095283,0.9999955296516418,0.4978594779968261,0.3448489010334015,-0.1013794317841529,0.9999995231628418,0.4848929643630981,0.3491688966751098,-0.0035949966404587,0.999988317489624,0.4871371686458587,0.3689340054988861,-0.1010983139276504,0.9999961256980896,0.4828959703445434,0.3699349164962768,-0.0759309604763984,0.9999858140945436,0.5213395357131958,0.3949775099754333,-0.125566691160202,0.9999982714653016,0.4917445778846741,0.407247394323349,0.1049107536673545,0.999653697013855,0.5347465872764587,0.4896255433559418,-0.1740605682134628,0.9954022765159608,0.4603859484195709,0.3945631682872772,0.2224054187536239,0.1326700896024704,0.5240638852119446,0.5922814607620239,-0.1961962580680847,0.996427595615387,0.4889056980609894,0.3631099462509155,0.3242984116077423,0.145047128200531,0.5249503254890442,0.6225727796554565,-0.2144662886857986,0.9926998019218444,0.4970152080059051,0.3554584980010986,0.3385311365127563,0.1415485292673111,0.5177279114723206,0.6223531365394592,-0.2179488986730575,0.9924960732460022,0.4997995793819427,0.3580598831176758,0.3338451385498047,0.1337057501077652,0.5173453092575073,0.6135167479515076,-0.1954922676086425,0.984815776348114,0.4968986213207245,0.3595819771289825,0.3228594362735748,0.1392949521541595,0.5141010880470276,0.5989119410514832,-0.0739797353744506,0.9998968839645386,0.4969838559627533,0.6035575270652771,0.0739214718341827,0.999672830104828,0.5121173858642578,0.7469161152839661,-0.062972567975521,0.8758106231689453,0.5046950578689575,0.744071900844574,0.0337210781872272,0.4964455962181091,0.524059534072876,0.8992142677307129,-0.0427513942122459,0.9675347805023192,0.5184243321418762,0.8892272114753723,0.0640242472290992,0.6694878339767456,0.5349465012550354,0.9271397590637208,-0.0454618372023105,0.8796682357788086,0.5267204642295837,0.9124992489814758,0.0648112073540687,0.7165071964263916,0.4887911677360534,0.925201952457428,-0.1218080893158912,0.9745090007781982,0.4860897660255432,0.9110707640647888,0.0234912801533937,0.8420882225036621
0.4803418517112732,0.3598717749118805,-0.1024288088083267,0.9999985694885254,0.4823821783065796,0.3473986685276031,-0.1056123822927475,0.999998927116394,0.4843513667583465,0.3464913666248321,-0.1057713702321052,0.9999990463256836,0.4865314662456512,0.3455660939216614,-0.1056637689471244,0.9999993443489076,0.4793757200241089,0.3487983345985412,-0.0849721059203147,0.9999975562095642,0.478685051202774,0.3490905463695526,-0.0851475372910499,0.9999961853027344,0.4778943955898285,0.3492119908332824,-0.0851721912622451,0.9999955892562866,0.4977261424064636,0.3448265194892883,-0.0967458635568618,0.9999995231628418,0.4849040806293487,0.3489466607570648,0.0008936786325648,0.9999882578849792,0.4871083199977875,0.3689346611499786,-0.0942553207278251,0.9999961256980896,0.4828889071941376,0.3699279725551605,-0.0683473497629165,0.9999856352806092,0.5213670134544373,0.3949516117572784,-0.1238827183842659,0.9999982714653016,0.4917488098144531,0.4063636362552643,0.106968805193901,0.9996459484100342,0.5347739458084106,0.4896708726882934,-0.1726169735193252,0.9954215288162231,0.4620386362075805,0.3927533626556396,0.2206311076879501,0.1279013603925705,0.5240759253501892,0.5922638773918152,-0.1949403136968612,0.9964218735694884,0.4915401339530945,0.3600333631038666,0.3215681314468384,0.1401068419218063,0.5249579548835754,0.6225927472114563,-0.2131292223930359,0.992686688899994,0.5010977983474731,0.3514400720596313,0.335526168346405,0.1375172883272171,0.5177460312843323,0.6223779916763306,-0.2171473205089569,0.9924862384796144,0.5040376782417297,0.3537322580814361,0.3314354121685028,0.1298047453165054,0.517360508441925,0.6135507225990295,-0.1945210844278335,0.9847931265830994,0.5001319646835327,0.3559217154979706,0.3203272223472595,0.1355948597192764,0.514175534248352,0.5989630818367004,-0.0740747228264808,0.9998956322669984,0.4968712925910949,0.6036872863769531,0.0740152597427368,0.9996665120124816,0.5121548771858215,0.7469931840896606,-0.0620583519339561,0.8743582367897034,0.5045995116233826,0.7440733313560486,0.0376690253615379,0.4937764704227447,0.5240607261657715,0.8991725444793701,-0.044017668813467,0.9669241309165956,0.5184352397918701,0.8890975117683411,0.0690972805023193,0.6660453677177429,0.534993588924408,0.9270657896995544,-0.0470433346927166,0.8777701258659363,0.5267199277877808,0.9121822714805604,0.0700637325644493,0.7147834897041321,0.4888120889663696,0.9252607226371764,-0.123816892504692,0.9740188717842102,0.4860977232456207,0.9110747575759888,0.0301393177360296,0.8401950001716614
0.4803207814693451,0.3603977262973785,-0.0961344987154007,0.9999986290931702,0.4823087155818939,0.3478946983814239,-0.1008985564112663,0.9999989867210388,0.4842659533023834,0.3469872772693634,-0.101057730615139,0.9999991059303284,0.4864001870155334,0.3460462093353271,-0.1009503901004791,0.9999993443489076,0.4793526530265808,0.3490889370441437,-0.0798735618591308,0.999997615814209,0.4786880612373352,0.349279910326004,-0.0800487548112869,0.9999962449073792,0.4779120087623596,0.3493140935897827,-0.0800693705677986,0.9999955892562866,0.4975488781929016,0.3449971675872803,-0.0964107364416122,0.9999995231628418,0.4853271842002868,0.3489483892917633,0.0015544827328994,0.9999881982803344,0.4870273768901825,0.3692231774330139,-0.0900105163455009,0.9999961256980896,0.482899010181427,0.3701704740524292,-0.0636023059487342,0.9999854564666748,0.5214065909385681,0.3954672217369079,-0.1231453642249107,0.9999983310699464,0.492047369480133,0.4063371419906616,0.1068305745720863,0.9996423125267028,0.5347824096679688,0.4902582168579101,-0.1716427206993103,0.9955087304115297,0.4628953337669372,0.3914198279380798,0.2197912037372589,0.1235749423503875,0.5240920782089233,0.5924624800682068,-0.1938039660453796,0.9964775443077089,0.4935296475887298,0.3587860465049743,0.3182668685913086,0.1352303922176361,0.5250503420829773,0.6227239370346069,-0.2120365798473358,0.9927853345870972,0.5032250881195068,0.3498517274856567,0.3319579660892486,0.1335065811872482,0.5177590847015381,0.6224412322044373,-0.2157051861286163,0.9925870299339294,0.5058276653289795,0.3522410690784454,0.3279244601726532,0.1259664893150329,0.5173699259757996,0.6137537360191345,-0.1932218521833419,0.984981894493103,0.5023398995399475,0.3546463549137115,0.3170329630374908,0.1320349127054214,0.5143450498580933,0.5990263819694519,-0.0740071609616279,0.9998961091041564,0.4968169331550598,0.6038023829460144,0.073948435485363,0.9996653199195862,0.5123102068901062,0.7467809319496155,-0.0609344281256198,0.8741089701652527,0.5045827031135559,0.7439896464347839,0.0385126993060112,0.4928262233734131,0.5240625739097595,0.8990920186042786,-0.0453844517469406,0.966755509376526,0.5184425711631775,0.8890278339385986,0.0681144446134567,0.6644188761711121,0.5350803136825562,0.9270059466362,-0.0486908629536628,0.8769405484199524,0.5267177820205688,0.9119932651519777,0.0688452273607254,0.7141003608703613,0.4888156354427337,0.9253071546554564,-0.1261240988969802,0.9739336371421814,0.4861002564430237,0.9111037254333496,0.0282409656792879,0.8398483991622925
0.4802266061306,0.3606726825237274,-0.1002880632877349,0.9999986886978148,0.4821682870388031,0.3481922149658203,-0.105335921049118,0.9999990463256836,0.4840856790542602,0.3472628593444824,-0.105497159063816,0.9999991655349731,0.4861822128295898,0.3462831079959869,-0.1053867861628532,0.9999994039535522,0.4792274534702301,0.3493210673332214,-0.0840821638703346,0.9999977350234984,0.4785963892936706,0.3494485318660736,-0.0842622220516204,0.9999963641166688,0.477855235338211,0.3494178354740143,-0.0842870846390724,0.9999957084655762,0.4974316358566284,0.3450812995433807,-0.1006196662783622,0.9999995231628418,0.4854992926120758,0.3489422798156738,-0.0021694076713174,0.9999884366989136,0.4868874549865722,0.3694429695606231,-0.0940160006284713,0.9999961853027344,0.482883870601654,0.3703778982162475,-0.0673137009143829,0.9999856352806092,0.5217710137367249,0.3958645462989807,-0.1244647651910781,0.9999983310699464,0.4924710988998413,0.4064953029155731,0.10341826826334,0.9996405243873596,0.5348150730133057,0.4912668764591217,-0.1722591519355774,0.995565950870514,0.4642354547977447,0.3916249275207519,0.2189056426286697,0.1191420555114746,0.5241186022758484,0.592984676361084,-0.1951799243688583,0.9965240955352784,0.4932814538478851,0.3589005470275879,0.318626195192337,0.1300071477890014,0.525092363357544,0.6230689287185669,-0.2137606143951416,0.9928699731826782,0.503207266330719,0.3499913215637207,0.3326422870159149,0.1290588229894638,0.5177666544914246,0.6226874589920044,-0.2173164635896682,0.9926751852035522,0.5056849718093872,0.3524341583251953,0.3282442986965179,0.1217611655592918,0.5173773169517517,0.6142445802688599,-0.1945676803588867,0.985136866569519,0.5020907521247864,0.3547522723674774,0.3173303306102752,0.127953827381134,0.5146066546440125,0.5992734432220459,-0.0739776790142059,0.999897003173828,0.4968200922012329,0.6039713621139526,0.0739192739129066,0.9996662735939026,0.5124103426933289,0.7464227676391602,-0.0610230527818203,0.8750167489051819,0.5046083331108093,0.7438985705375671,0.0392250306904315,0.4937157928943634,0.5240645408630371,0.898893415927887,-0.0462579242885112,0.9670410752296448,0.518452525138855,0.888905942440033,0.0690259635448455,0.6651408672332764,0.535148561000824,0.9268656373023988,-0.0497406721115112,0.8778150677680969,0.5267260670661926,0.9117698669433594,0.0697420611977577,0.715141773223877,0.4888248443603515,0.9252898097038268,-0.1288813203573227,0.9742498993873596,0.4861393868923187,0.9110867381095886,0.0279145780950784,0.8408143520355225
0.480223685503006,0.3609495759010315,-0.0891166403889656,0.9999986290931702,0.4821304678916931,0.3485325276851654,-0.0958757326006889,0.9999990463256836,0.4840405583381653,0.3475560843944549,-0.0960372239351272,0.9999991655349731,0.4861151576042175,0.3465122878551483,-0.0959246531128883,0.9999994039535522,0.4792210757732391,0.3495897948741913,-0.0740258321166038,0.9999976754188538,0.4786000251770019,0.3496404588222503,-0.074208103120327,0.9999962449073792,0.4778647422790527,0.3495312929153442,-0.0742349699139595,0.9999955296516418,0.4974001049995422,0.3451565504074096,-0.0988918766379356,0.9999995231628418,0.485871285200119,0.3489292860031128,0.0022811195813119,0.9999880790710448,0.4868703782558441,0.3695716857910156,-0.0852617472410202,0.9999960064888,0.482896476984024,0.370543360710144,-0.057793840765953,0.9999848008155824,0.521820604801178,0.3958198130130768,-0.1238668337464332,0.9999983310699464,0.4944013357162475,0.406500369310379,0.1046848744153976,0.9996386170387268,0.5348191857337952,0.4921827614307403,-0.1712833493947982,0.9955877661705016,0.465664267539978,0.3918900191783905,0.2188493311405182,0.1136905401945114,0.5241250395774841,0.5934796333312988,-0.1876356899738311,0.9965195059776306,0.4909084737300873,0.3611604273319244,0.3177631795406341,0.1249100714921951,0.5251643061637878,0.6236518621444702,-0.2057090848684311,0.9928846955299376,0.5014482140541077,0.3519465029239654,0.3316041529178619,0.1254716962575912,0.5178148746490479,0.6231331825256348,-0.2094646245241165,0.9926894903182985,0.5036793351173401,0.3542963564395904,0.3270248770713806,0.1185053139925003,0.5173918604850769,0.6148664355278015,-0.1870826333761215,0.9851696491241456,0.5001908540725708,0.3561744093894958,0.3162946105003357,0.1249730288982391,0.5146614909172058,0.5996077656745911,-0.0737247914075851,0.9998995065689088,0.497016429901123,0.6040491461753845,0.0736753866076469,0.99967360496521,0.5127773880958557,0.7463623881340027,-0.0559851936995983,0.8776618242263794,0.5047824382781982,0.7438924312591553,0.0388051494956016,0.5019024610519409,0.5240879058837891,0.8987284898757935,-0.037343580275774,0.9677895307540894,0.5184547305107117,0.8887380957603455,0.0677400976419448,0.6716125011444092,0.5352104306221008,0.9266980886459352,-0.0402831919491291,0.8799417018890381,0.5267306566238403,0.9115006327629088,0.0683870241045951,0.7201991081237793,0.4888277053833008,0.925275444984436,-0.1160674765706062,0.9747751355171204,0.4861384034156799,0.9110451340675354,0.0268007386475801,0.8443588614463806
0.4802127182483673,0.3611644804477691,-0.0905896127223968,0.9999986290931702,0.4821065068244934,0.3488188982009887,-0.0969370231032371,0.9999990463256836,0.4840227961540222,0.3478157818317413,-0.0970984920859336,0.9999991655349731,0.4860926270484924,0.3467379808425903,-0.0969874858856201,0.9999994039535522,0.4792186021804809,0.3498339056968689,-0.0751492753624916,0.999997615814209,0.4786045849323272,0.3498373329639435,-0.0753323286771774,0.9999961256980896,0.4778730273246765,0.3496780395507812,-0.0753616914153099,0.9999953508377076,0.4973958730697632,0.3452840447425842,-0.0990521907806396,0.9999995231628418,0.4861086905002594,0.3489308357238769,0.0021749315783381,0.9999877214431764,0.4868563115596771,0.3697030544281006,-0.0862488225102424,0.9999958276748656,0.4829001724720001,0.370712548494339,-0.0588573738932609,0.999984085559845,0.5219537019729614,0.396003782749176,-0.1242872849106788,0.9999983310699464,0.4959395229816437,0.4065809249877929,0.1046595647931099,0.9996338486671448,0.5348337888717651,0.4927932620048523,-0.1707625985145568,0.995579183101654,0.4667343199253082,0.392394483089447,0.2186685055494308,0.1087281629443168,0.5241362452507019,0.5937472581863403,-0.186469480395317,0.9964807629585266,0.4896746575832367,0.3644874989986419,0.3179861903190613,0.1202726066112518,0.525221049785614,0.6239466667175293,-0.2043036669492721,0.992827296257019,0.5007752776145935,0.3548610806465149,0.3319422304630279,0.1220617890357971,0.5178877711296082,0.6234224438667297,-0.2081121355295181,0.9926279187202454,0.5029196739196777,0.3569562435150146,0.327038437128067,0.1153727024793624,0.5174371004104614,0.6152468323707581,-0.1858935207128524,0.9850587844848632,0.4992891252040863,0.358599305152893,0.3163844645023346,0.1220274940133094,0.5147667527198792,0.5999077558517456,-0.0736852586269378,0.9999001622200012,0.4972485899925232,0.6041589975357056,0.0736385136842727,0.9996747970581056,0.513141930103302,0.7463143467903137,-0.0565586052834987,0.8789168000221252,0.5049405694007874,0.7438887357711792,0.0387320891022682,0.5054051876068115,0.5240882635116577,0.898345410823822,-0.0402016602456569,0.9680985808372498,0.5184768438339233,0.888489305973053,0.0669958740472793,0.6735700368881226,0.535248339176178,0.9266093969345092,-0.043400403112173,0.8809465169906616,0.526784360408783,0.91123765707016,0.0675937235355377,0.722334623336792,0.4888263344764709,0.9252069592475892,-0.1198531314730644,0.974945306777954,0.4861533045768738,0.9109920859336852,0.0261773727834224,0.8453242778778076
0.4802087843418121,0.3613517582416534,-0.0911663696169853,0.9999986290931702,0.4820898771286011,0.349061518907547,-0.0980861335992813,0.9999990463256836,0.4840113818645477,0.3480464220046997,-0.098249152302742,0.9999991655349731,0.4860796928405761,0.3469484746456146,-0.0981347262859344,0.9999994039535522,0.4792195856571197,0.3500181138515472,-0.076179526746273,0.999997615814209,0.4786100089550018,0.3499847650527954,-0.0763652995228767,0.9999960660934448,0.4778788387775421,0.349788099527359,-0.0763954371213913,0.9999952912330629,0.4973872900009155,0.3454323410987854,-0.1009329333901405,0.9999995231628418,0.4863839745521545,0.348953902721405,-0.0006865213508717,0.9999876022338868,0.4868512153625488,0.3698725402355194,-0.0871811211109161,0.9999957084655762,0.4829087853431701,0.3708906173706054,-0.0596351437270641,0.9999836087226868,0.5223308205604553,0.3960359692573547,-0.1254289746284485,0.9999983310699464,0.4964733123779297,0.4065430462360382,0.1020502299070358,0.9996299147605896,0.5348411798477173,0.4930169582366943,-0.1715418994426727,0.9955852031707764,0.4677414000034332,0.3928924202919006,0.2181274890899658,0.1035962626338005,0.524181604385376,0.5939712524414062,-0.1892561912536621,0.9964881539344788,0.4881580471992492,0.3659884333610534,0.3174320757389068,0.1159198209643364,0.5253124237060547,0.624091386795044,-0.2071687430143356,0.9928606748580932,0.4990105330944061,0.3561938107013702,0.331411212682724,0.1190113946795463,0.5179880261421204,0.6235623955726624,-0.2113036811351776,0.9926652908325196,0.5010516047477722,0.3584299981594085,0.3265164494514465,0.1126383170485496,0.51750248670578,0.6154480576515198,-0.1888530552387237,0.9851384162902832,0.4976469278335571,0.3598925173282623,0.315839409828186,0.1194786503911018,0.5151471495628357,0.6000607013702393,-0.0733328908681869,0.9999006390571594,0.4973049759864807,0.6042481660842896,0.0732886269688606,0.9996747374534608,0.5134490132331848,0.7462432384490967,-0.0570999160408973,0.8796394467353821,0.5049947500228882,0.7438806891441345,0.034762717783451,0.5086269378662109,0.524120032787323,0.8979228138923645,-0.0413291826844215,0.9683678150177002,0.5185206532478333,0.8881372809410095,0.0605129115283489,0.6745514273643494,0.535276472568512,0.9265820384025574,-0.0444955825805664,0.882112443447113,0.5268368124961853,0.9110331535339355,0.0610080026090145,0.7239090204238892,0.4888178408145904,0.9250998497009276,-0.1220793947577476,0.9751540422439576,0.4861534535884857,0.9108880758285522,0.0215260330587625,0.846022367477417
0.4802083373069763,0.3615328669548034,-0.1027400866150856,0.9999986290931702,0.4820813238620758,0.3491774797439575,-0.1079125925898552,0.9999990463256836,0.4840115010738373,0.3481715023517608,-0.1080757677555084,0.9999991655349731,0.4860808551311493,0.3471040427684784,-0.1079644709825515,0.9999994039535522,0.4792029559612274,0.3500988185405731,-0.0868044048547744,0.999997615814209,0.4785910546779632,0.350051611661911,-0.0869880393147468,0.9999960660934448,0.4778558313846588,0.349838525056839,-0.0870210081338882,0.9999952912330629,0.497371643781662,0.3456986248493194,-0.1030701845884323,0.9999995231628418,0.486400306224823,0.3489877581596374,-0.0053246091119945,0.9999874830245972,0.4868500530719757,0.3700909614562988,-0.0956902652978897,0.9999956488609314,0.4829123318195343,0.3711163401603699,-0.069202147424221,0.9999831914901732,0.5223323106765747,0.3961799144744873,-0.1255494505167007,0.9999983310699464,0.4962528944015503,0.4065229892730713,0.1004622653126716,0.9996161460876464,0.5348213911056519,0.4932020306587219,-0.1722816973924636,0.9955706596374512,0.4678626954555511,0.3930878043174743,0.2164779603481292,0.0983936563134193,0.524211585521698,0.5942047238349915,-0.1938607841730117,0.9964587092399596,0.4881961047649383,0.3661176264286041,0.3171675503253937,0.1106002330780029,0.5253311395645142,0.6241853833198547,-0.212210550904274,0.9928025603294371,0.498639166355133,0.3563206791877746,0.3309980928897857,0.1144659668207168,0.5180548429489136,0.6236259341239929,-0.2160866558551788,0.9926112294197084,0.5005750060081482,0.3586854934692383,0.3263899683952331,0.1083729267120361,0.5175553560256958,0.6155545711517334,-0.1934212148189544,0.985035240650177,0.4973223507404327,0.3600044846534729,0.3156986832618713,0.1152340024709701,0.5151554942131042,0.6001875996589661,-0.073112629354,0.9998989105224608,0.497384250164032,0.6043592691421509,0.0730656236410141,0.9996660351753236,0.5135237574577332,0.7462118864059448,-0.0575687959790229,0.8797200322151184,0.5050758123397827,0.7438973188400269,0.0350403003394603,0.5089853405952454,0.5241205096244812,0.8976976871490479,-0.0423934534192085,0.9684178233146667,0.5185420513153076,0.887872576713562,0.0641277730464935,0.6737439036369324,0.5352796316146851,0.9265812039375304,-0.045667216181755,0.8826622366905212,0.5268532037734985,0.9108842611312866,0.0650631710886955,0.7240237593650818,0.4888068437576294,0.925016701221466,-0.1232430860400199,0.9751585125923156,0.4861623048782348,0.9108135104179382,0.025616155937314,0.8451579213142395
0.4802006483078003,0.3616361320018768,-0.0829980224370956,0.9999986290931702,0.4820383191108703,0.3492020070552826,-0.0879726409912109,0.9999990463256836,0.4839772284030914,0.348183125257492,-0.0881276503205299,0.9999991655349731,0.486040860414505,0.3471085727214813,-0.0880166292190551,0.9999994039535522,0.4791293442249298,0.3501371741294861,-0.0675379186868667,0.999997615814209,0.4785160720348358,0.3500920534133911,-0.0677144229412078,0.9999960064888,0.4777836799621582,0.349878579378128,-0.0677377954125404,0.999995231628418,0.4973194897174835,0.3456985056400299,-0.0852249786257743,0.9999995231628418,0.4864062964916229,0.3490075170993805,0.0095337452366948,0.9999873042106628,0.4868473410606384,0.3701658248901367,-0.0772146135568618,0.9999955296516418,0.4829158782958984,0.3712482750415802,-0.0515540391206741,0.9999825954437256,0.5224351286888123,0.3961773812770843,-0.1126077398657798,0.9999983310699464,0.4961076974868774,0.4067022800445556,0.1086845621466636,0.999601185321808,0.5348256826400757,0.4932059347629547,-0.1630026847124099,0.9955591559410096,0.4683096706867218,0.3932553827762604,0.2213990539312362,0.093601644039154,0.524219274520874,0.59419846534729,-0.1878220289945602,0.996414303779602,0.4882791638374328,0.3641827702522278,0.3251404166221618,0.1052409708499908,0.5253389477729797,0.6241492033004761,-0.2059315592050552,0.9927446246147156,0.4986105561256408,0.3546753823757171,0.3397682905197143,0.1099985986948013,0.5181062817573547,0.6235952973365784,-0.2098653316497802,0.9925572276115416,0.5006464123725891,0.3573778569698334,0.3347080945968628,0.1041834577918052,0.5175827145576477,0.6155276894569397,-0.1875715553760528,0.9849695563316344,0.4973812699317932,0.358775794506073,0.3235126137733459,0.1112018302083015,0.5151083469390869,0.6001676321029663,-0.0726382955908775,0.9998989105224608,0.4976663291454315,0.6043646335601807,0.0725895911455154,0.9996626377105712,0.5135374665260315,0.7459571957588196,-0.0615519843995571,0.8810741901397705,0.5051718950271606,0.7438174486160278,0.0345155671238899,0.5062205791473389,0.5241207480430603,0.8976857662200928,-0.054269716143608,0.968410849571228,0.5185762047767639,0.8877615928649902,0.0615636110305786,0.6698700785636902,0.5352817177772522,0.9266644716262816,-0.0581172481179237,0.882740318775177,0.5268597602844238,0.9108643531799316,0.0622971691191196,0.7211999297142029,0.4887399971485138,0.9249879121780396,-0.1315713673830032,0.9751282930374146,0.4861541092395782,0.9107649922370912,0.025502448901534,0.8429571986198425
