x_0,y_0,z_0,visibility_0,x_1,y_1,z_1,visibility_1,x_2,y_2,z_2,visibility_2,x_3,y_3,z_3,visibility_3,x_4,y_4,z_4,visibility_4,x_5,y_5,z_5,visibility_5,x_6,y_6,z_6,visibility_6,x_7,y_7,z_7,visibility_7,x_8,y_8,z_8,visibility_8,x_9,y_9,z_9,visibility_9,x_10,y_10,z_10,visibility_10,x_11,y_11,z_11,visibility_11,x_12,y_12,z_12,visibility_12,x_13,y_13,z_13,visibility_13,x_14,y_14,z_14,visibility_14,x_15,y_15,z_15,visibility_15,x_16,y_16,z_16,visibility_16,x_17,y_17,z_17,visibility_17,x_18,y_18,z_18,visibility_18,x_19,y_19,z_19,visibility_19,x_20,y_20,z_20,visibility_20,x_21,y_21,z_21,visibility_21,x_22,y_22,z_22,visibility_22,x_23,y_23,z_23,visibility_23,x_24,y_24,z_24,visibility_24,x_25,y_25,z_25,visibility_25,x_26,y_26,z_26,visibility_26,x_27,y_27,z_27,visibility_27,x_28,y_28,z_28,visibility_28,x_29,y_29,z_29,visibility_29,x_30,y_30,z_30,visibility_30,x_31,y_31,z_31,visibility_31,x_32,y_32,z_32,visibility_32
0.4705150425434112,0.4657939076423645,-0.160042330622673,0.9995601177215576,0.4732035100460052,0.4589248895645141,-0.1745324730873108,0.9996482133865356,0.474159836769104,0.4592257738113403,-0.1746681183576584,0.9996337294578552,0.4751409292221069,0.459575206041336,-0.1746543943881988,0.9997375011444092,0.4730194807052612,0.458320140838623,-0.1543956696987152,0.9996256232261658,0.4738292992115021,0.4582440853118896,-0.1544978320598602,0.9996781945228576,0.4747824370861053,0.4581352174282074,-0.15456223487854,0.9997873902320862,0.483876883983612,0.464715301990509,-0.2057773619890213,0.99978768825531,0.4837459921836853,0.4637295007705688,-0.1115418747067451,0.9994268417358398,0.4736377298831939,0.476701021194458,-0.1678508222103119,0.9995964169502258,0.4737318456172943,0.4765414297580719,-0.1416726559400558,0.999443769454956,0.495991975069046,0.5310043096542358,-0.2248260378837585,0.9999946355819702,0.4907003045082092,0.5079602003097534,-0.0393050052225589,0.999989926815033,0.4676027297973633,0.6113747954368591,-0.2498717308044433,0.8848515152931213,0.4650377929210663,0.5491436719894409,0.0038750316016376,0.089810200035572,0.4311947226524353,0.6186220645904541,-0.2412188351154327,0.8461935520172119,0.4354898631572723,0.5714625716209412,-0.0197659116238355,0.5634004473686218,0.4205954968929291,0.6293386220932007,-0.2605809867382049,0.8154118061065674,0.4263754487037658,0.5791502594947815,-0.0250889621675014,0.597925066947937,0.4185280799865722,0.6195356249809265,-0.2583735883235931,0.8168836236000061,0.4255214929580688,0.5796597003936768,-0.0434668101370334,0.6226055026054382,0.4214788973331451,0.6159124970436096,-0.2389870285987854,0.7400397658348083,0.4283396303653717,0.5795847177505493,-0.0287928320467472,0.5872247815132141,0.4628866612911224,0.6293193101882935,-0.0624690242111682,0.9999800324440002,0.4587626457214355,0.6048218607902527,0.0623366236686706,0.9999822974205016,0.4151226580142975,0.6534476280212402,-0.0582873187959194,0.6058539748191833,0.4212431311607361,0.6133328676223755,0.1689883023500442,0.0318097062408924,0.4215048849582672,0.7363844513893127,0.0165816713124513,0.6333635449409485,0.4201448857784271,0.6838927268981934,0.302848070859909,0.0996873974800109,0.4289279282093048,0.7490958571434021,0.0230191759765148,0.5791163444519043,0.4243126511573791,0.6995623111724854,0.3157297372817993,0.2098361253738403,0.3955971002578735,0.7626063823699951,0.0013716224348172,0.7433319687843323,0.4005345106124878,0.6906055212020874,0.322662204504013,0.2016578912734985
0.4700981080532074,0.4642263352870941,-0.1744137704372406,0.9996029138565063,0.472967267036438,0.457887053489685,-0.1895980536937713,0.9996821880340576,0.4739473164081573,0.4582270085811615,-0.1897309720516204,0.999669075012207,0.4750015437602997,0.4586361348628998,-0.1897122412919998,0.999763011932373,0.472747266292572,0.4573316276073456,-0.1692669838666916,0.9996615648269652,0.4734470248222351,0.4572378695011139,-0.1693790405988693,0.999708652496338,0.4742602705955505,0.4571353495121002,-0.1694574356079101,0.999807596206665,0.4838685989379883,0.4645714163780212,-0.2217329442501068,0.9998082518577576,0.4833462536334991,0.4634816944599151,-0.1274836212396621,0.9994803071022034,0.4726602733135223,0.4754375219345093,-0.1818167716264724,0.9996359944343568,0.4725765585899353,0.4751320779323578,-0.1553895026445388,0.9994968771934508,0.4959209561347961,0.5312517285346985,-0.2355468720197677,0.9999949932098388,0.4900579750537872,0.5082802176475525,-0.049282144755125,0.9999904036521912,0.4696243703365326,0.6148719191551208,-0.2555936574935913,0.8944032192230225,0.465995579957962,0.5501160025596619,0.0070301899686455,0.0915868952870369,0.4320886731147766,0.6076860427856445,-0.2435617297887802,0.8571245074272156,0.4369405508041382,0.5636133551597595,-0.0044464441016316,0.581095814704895,0.4218508601188659,0.616553008556366,-0.2635382115840912,0.8256801962852478,0.4274053871631622,0.5702996850013733,-0.0083156274631619,0.6118578910827637,0.4195033013820648,0.6049696803092957,-0.2604805827140808,0.8270173668861389,0.4264783263206482,0.5712140202522278,-0.0268446300178766,0.6352938413619995,0.4231995940208435,0.6015381217002869,-0.2409822940826416,0.7475760579109192,0.4293156266212463,0.5712463855743408,-0.0135180661454796,0.599280059337616,0.4638790190219879,0.6290130019187927,-0.0621709823608398,0.9999777674674988,0.4610826671123504,0.6041980385780334,0.0620286986231803,0.9999801516532898,0.4159798920154571,0.6528643369674683,-0.0263381283730268,0.5650721788406372,0.4253129065036773,0.6180142760276794,0.1900853514671325,0.0299699790775775,0.4215079247951507,0.7363839149475098,0.070638820528984,0.5846319198608398,0.4209672808647156,0.6826667189598083,0.3437599539756775,0.0908526703715324,0.4294621348381042,0.7490324378013611,0.0792587473988533,0.5316003561019897,0.425822764635086,0.6969860792160034,0.3592940270900726,0.1934219449758529,0.3956628441810608,0.762448251247406,0.0548447556793689,0.696475625038147,0.4009989500045776,0.6905001997947693,0.3658855557441711,0.1848509460687637
0.4695870578289032,0.4640386700630188,-0.1628261357545852,0.9996402263641356,0.4727520942687988,0.4577752649784088,-0.1794465035200119,0.9997111558914183,0.4737924039363861,0.4581687152385711,-0.179609015583992,0.9996989965438844,0.4749003946781158,0.4586287140846252,-0.1795839220285415,0.9997848868370056,0.4725047051906585,0.4571768045425415,-0.1588755548000335,0.9996923208236694,0.4732186496257782,0.4571166932582855,-0.1589969545602798,0.9997342824935912,0.4740622639656067,0.4570873379707336,-0.1590714007616043,0.9998247623443604,0.4838675856590271,0.4648219347000122,-0.2209718525409698,0.9998258948326112,0.4833535552024841,0.4635458588600158,-0.1226018145680427,0.999526023864746,0.4720403552055359,0.4753113985061645,-0.1720560491085052,0.9996708035469056,0.4718662798404693,0.4749233722686767,-0.1456557959318161,0.9995425939559937,0.4956893622875213,0.5315268635749817,-0.2287395596504211,0.9999949932098388,0.4902744889259338,0.5087785124778748,-0.0470917783677578,0.9999904036521912,0.4712351560592651,0.6156699061393738,-0.2412927895784378,0.8986572027206421,0.4670303463935852,0.5497685074806213,0.0230014882981777,0.0929243117570877,0.4338153600692749,0.5993660092353821,-0.2100497335195541,0.8568673729896545,0.4381598532199859,0.5546545386314392,0.0304325129836797,0.59300297498703,0.4238125383853912,0.6039056777954102,-0.2224185466766357,0.8199122548103333,0.4275684058666229,0.5603575110435486,0.0324076078832149,0.6189298033714294,0.4222510755062103,0.5922048091888428,-0.216517373919487,0.8210387825965881,0.4269979298114776,0.5624039769172668,0.0154992220923304,0.641183614730835,0.4263162910938263,0.5908078551292419,-0.2050602585077285,0.7334913611412048,0.4300626218318939,0.5637092590332031,0.0227840468287467,0.6064647436141968,0.4647617936134338,0.6306922435760498,-0.0619226619601249,0.9999694228172302,0.4620361924171448,0.6062617301940918,0.061804961413145,0.9999735951423644,0.4159314036369324,0.6519231796264648,-0.0442465506494045,0.5311418771743774,0.425321102142334,0.6146420240402222,0.1859473884105682,0.0280633773654699,0.4219995141029358,0.73591548204422,0.0284497775137424,0.5434704422950745,0.4221343398094177,0.6814898252487183,0.3133870959281921,0.0826727598905563,0.4302456676959991,0.7490233778953552,0.0350945442914962,0.4907580316066742,0.4274741411209106,0.6945945024490356,0.3269491493701935,0.1776544004678726,0.3963819444179535,0.7623389363288879,0.0167111940681934,0.653579592704773,0.4016188979148865,0.689574658870697,0.3381558060646057,0.1683356016874313
0.4689191877841949,0.464309960603714,-0.1583800911903381,0.9996694326400756,0.4724157452583313,0.4579376876354217,-0.1752731502056121,0.999732792377472,0.4735146164894104,0.4583620429039001,-0.1754039376974105,0.999720573425293,0.4746368825435638,0.4588422179222107,-0.1754117757081985,0.9998019337654114,0.4722079634666443,0.4572972059249878,-0.1550237089395523,0.9997147917747498,0.4729891717433929,0.4572662115097046,-0.1551513522863388,0.9997500777244568,0.4738866686820984,0.4572678804397583,-0.1552758961915969,0.9998363852500916,0.4834379851818084,0.4649633169174194,-0.2169118374586105,0.999838888645172,0.4832926392555237,0.463496059179306,-0.1195374280214309,0.9995539784431458,0.4717388451099396,0.4757044911384582,-0.1678114086389541,0.9996983408927916,0.4715811312198639,0.4752458333969116,-0.1414199322462082,0.9995714426040648,0.4954160451889038,0.5316969156265259,-0.2224213033914566,0.999994158744812,0.4909321367740631,0.5103846788406372,-0.039563599973917,0.9999892711639404,0.4706725478172302,0.6165518760681152,-0.226459264755249,0.8617367744445801,0.4690214991569519,0.5494539737701416,0.050127699971199,0.0858321264386177,0.4341238737106323,0.5872921943664551,-0.1810636818408966,0.8054283261299133,0.43924281001091,0.5476471185684204,0.0850318670272827,0.5594399571418762,0.423979252576828,0.5894855260848999,-0.1897672712802887,0.764718770980835,0.4285228848457336,0.5502547025680542,0.0928546339273452,0.5827656388282776,0.4240676760673523,0.5742284059524536,-0.1855352073907852,0.7658936977386475,0.4283656477928161,0.5505157113075256,0.0767758265137672,0.603602409362793,0.4273772239685058,0.5754623413085938,-0.1766909062862396,0.6756001114845276,0.431292325258255,0.552212119102478,0.0784449279308319,0.5717547535896301,0.4635029435157776,0.6321825385093689,-0.0629058182239532,0.9999369382858276,0.4629545509815216,0.6076164245605469,0.0627813637256622,0.9999499917030334,0.4158540070056915,0.6512678265571594,-0.059315301477909,0.4805606007575989,0.4259207546710968,0.591911256313324,0.202442392706871,0.0253045093268156,0.4219993054866791,0.7354686260223389,-0.0139265777543187,0.4908424019813537,0.4250855445861816,0.6674878597259521,0.3341840207576751,0.0744528993964195,0.4302386939525604,0.7490208745002747,-0.0095499577000737,0.4435606002807617,0.4291142225265503,0.6830617189407349,0.3479508757591247,0.1602649539709091,0.3963895440101623,0.7619394063949585,-0.026340115815401,0.5916226506233215,0.4053668975830078,0.6756952404975891,0.3692353069782257,0.1516163945198059
0.4684654772281647,0.4642815589904785,-0.1368220001459121,0.999696969985962,0.4721223711967468,0.4579558074474334,-0.1523700207471847,0.9997543096542358,0.4732747673988342,0.4584115445613861,-0.1524953693151474,0.9997423887252808,0.4744115471839905,0.4589039981365204,-0.1524829268455505,0.9998183250427246,0.4718969762325287,0.4572468400001526,-0.1330025494098663,0.9997382164001464,0.4727060496807098,0.4572286009788513,-0.1331305801868438,0.9997689723968506,0.4736254811286926,0.4572445154190063,-0.1332364827394485,0.9998493194580078,0.4829913377761841,0.4649962484836578,-0.1912603378295898,0.999852180480957,0.4831713140010834,0.4633302092552185,-0.1021820157766342,0.9995900392532348,0.4715252220630646,0.4757815897464752,-0.1468805521726608,0.999725341796875,0.4713472127914428,0.4751993119716644,-0.1220377758145332,0.9996064901351928,0.4953187704086303,0.5317860841751099,-0.2024469971656799,0.9999933242797852,0.4909245669841766,0.5098745822906494,-0.0271016303449869,0.9999890327453612,0.4703660309314728,0.6155695915222168,-0.1927957385778427,0.85248202085495,0.4708284735679626,0.5436815023422241,0.0534608960151672,0.0812388285994529,0.436135470867157,0.5680511593818665,-0.1244317591190338,0.7763336896896362,0.440629631280899,0.5342957377433777,0.075812928378582,0.545577347278595,0.4256995022296905,0.5634757876396179,-0.1268168091773986,0.7265523076057434,0.429541528224945,0.5339659452438354,0.082987442612648,0.5680648684501648,0.4267138838768005,0.5528112053871155,-0.1217632219195365,0.725455641746521,0.4293989539146423,0.5334776639938354,0.0698297992348671,0.5861198902130127,0.4301429986953735,0.5535730123519897,-0.1188273876905441,0.6302027702331543,0.43286794424057,0.5347886681556702,0.070205308496952,0.5566787123680115,0.4645653963088989,0.631661593914032,-0.0615803003311157,0.9999220967292786,0.4640698432922363,0.6052774786949158,0.0614844895899295,0.9999408721923828,0.4157811105251312,0.6503700613975525,-0.0600005351006984,0.4527241587638855,0.4254383146762848,0.5726286768913269,0.1477096378803253,0.0235409997403621,0.4219579398632049,0.7353829741477966,-0.0043155895546078,0.4545705616474151,0.4270592331886291,0.6606761813163757,0.2490393668413162,0.0676780864596366,0.4302391409873962,0.7490231990814209,0.0014893673360347,0.4097561836242676,0.4320563971996307,0.6769117116928101,0.2598641812801361,0.1469315737485885,0.3961216807365417,0.7619156241416931,-0.0093583101406693,0.5503403544425964,0.4071829617023468,0.6716311573982239,0.2766041159629822,0.137726604938507
0.4678241312503814,0.4644470512866974,-0.1356599181890487,0.9997249245643616,0.4714280068874359,0.458120584487915,-0.1511842459440231,0.9997767210006714,0.4726338982582092,0.4585957527160644,-0.1513075679540634,0.9997656345367432,0.473794549703598,0.4591034352779388,-0.151284173130989,0.9998350143432616,0.4713274240493774,0.4573253989219665,-0.1322669982910156,0.9997623562812804,0.4722706377506256,0.4572553038597107,-0.1323979049921035,0.9997896552085876,0.4732988178730011,0.4573087394237518,-0.1324938237667083,0.9998629689216614,0.4823803007602691,0.4655971527099609,-0.1895267218351364,0.9998656511306764,0.4828400909900665,0.4636192321777344,-0.1031011566519737,0.999627411365509,0.4710806310176849,0.4760105907917022,-0.145632728934288,0.9997512102127076,0.4709755480289459,0.4754505157470703,-0.1214592307806015,0.999642252922058,0.4948197305202484,0.5339905023574829,-0.199368268251419,0.9999929666519164,0.4904126524925232,0.5087226629257202,-0.0310985166579484,0.9999892711639404,0.4697176814079284,0.6138559579849243,-0.1883829534053802,0.8488525152206421,0.4701278507709503,0.5294798612594604,0.0435357503592968,0.0772634670138359,0.4379218220710754,0.5527580976486206,-0.1214577332139015,0.7480983734130859,0.4405655562877655,0.5181179642677307,0.0640254691243171,0.5212206244468689,0.4271691739559173,0.5454340577125549,-0.1234863102436065,0.6894488334655762,0.429978996515274,0.5195252895355225,0.0709194913506507,0.541918158531189,0.4304297864437103,0.5362322330474854,-0.1180940121412277,0.6857734322547913,0.4309329688549042,0.5172771215438843,0.0593031123280525,0.556938886642456,0.4338276982307434,0.5366008281707764,-0.1157497614622116,0.5863523483276367,0.4344091415405273,0.5176741480827332,0.0590287782251834,0.5302932262420654,0.4663823246955871,0.631327748298645,-0.0579301156103611,0.999919295310974,0.465262770652771,0.6033899784088135,0.0578438751399517,0.99993896484375,0.4157177209854126,0.6501852869987488,-0.0550389401614666,0.4372642338275909,0.425589382648468,0.5753245949745178,0.1411224454641342,0.0225022807717323,0.421963095664978,0.7354297637939453,0.0059823524206876,0.4280723631381988,0.4287398755550384,0.6630600690841675,0.2504794597625732,0.0620855428278446,0.4303851723670959,0.7494556307792664,0.0121112829074263,0.3828761577606201,0.433761715888977,0.676729679107666,0.2621703743934631,0.1361084133386612,0.3960746228694916,0.7618471384048462,0.0001958534267032,0.5211969017982483,0.4079372584819793,0.6740020513534546,0.277285099029541,0.1263313144445419
0.4674706757068634,0.4645897150039673,-0.0988310426473617,0.9997437000274658,0.4709633886814117,0.4582205712795257,-0.1147445514798164,0.999791979789734,0.4721084535121918,0.4586977362632751,-0.1148616224527359,0.9997808337211608,0.4731751382350921,0.4592079222202301,-0.1148373261094093,0.9998468160629272,0.4709629118442535,0.4574206173419952,-0.0959125086665153,0.99977844953537,0.4719637334346771,0.4573511779308319,-0.09604162722826,0.9998014569282532,0.4730380773544311,0.4573982954025268,-0.0961257591843605,0.999871015548706,0.4815289378166199,0.465611070394516,-0.1581087410449981,0.9998754262924194,0.4823354482650757,0.4636938571929931,-0.0725001245737075,0.9996508955955504,0.4705246090888977,0.4760319590568542,-0.110952004790306,0.9997687935829164,0.4705023467540741,0.4754573702812195,-0.0869714394211769,0.9996589422225952,0.4928817451000213,0.5343421697616577,-0.1749100536108017,0.9999912977218628,0.4914021790027618,0.508901834487915,-0.0092888539656996,0.9999863505363464,0.4680574834346771,0.6088455319404602,-0.169268399477005,0.8190211653709412,0.4712191820144653,0.5333552956581116,0.0535732395946979,0.0699560642242431,0.4420386254787445,0.5432196855545044,-0.0962980240583419,0.6878559589385986,0.4466801285743713,0.5143449306488037,0.075089193880558,0.4711032509803772,0.4314975142478943,0.5295294523239136,-0.0952688455581665,0.6313349008560181,0.4371333718299866,0.5086362957954407,0.0836606100201606,0.4908119440078735,0.4366548955440521,0.5192765593528748,-0.0879741534590721,0.6265063881874084,0.4392770528793335,0.5056164860725403,0.0754807367920875,0.5040270686149597,0.4403533637523651,0.5210083723068237,-0.0896936506032943,0.5329412221908569,0.4421471059322357,0.5080312490463257,0.071278728544712,0.4804092347621918,0.4677209854125976,0.6326171159744263,-0.0557330586016178,0.9999130964279176,0.4663388133049011,0.6014841198921204,0.0556426756083965,0.9999315142631532,0.4157058596611023,0.6491487622261047,-0.0683867558836937,0.4232324957847595,0.4257631599903106,0.5824679136276245,0.1244633644819259,0.0210585091263055,0.4220610857009887,0.7353073954582214,-0.0249041356146335,0.4082016348838806,0.4306508600711822,0.662020206451416,0.2169406861066818,0.0571577921509742,0.4305685460567474,0.7493916749954224,-0.0202489681541919,0.3638504445552826,0.4355795681476593,0.6747193336486816,0.226886048913002,0.1271763294935226,0.3960807025432586,0.7618326544761658,-0.0294033605605363,0.4964118599891662,0.4084373414516449,0.6747041344642639,0.2437530308961868,0.1159267425537109
0.4673725366592407,0.4646388292312622,-0.0924918502569198,0.9997591972351074,0.4704716801643371,0.4583379030227661,-0.109087273478508,0.9998047351837158,0.4715304672718048,0.4587213695049286,-0.1092030182480812,0.9997930526733398,0.4725008904933929,0.4592752158641815,-0.1091830432415008,0.9998564720153807,0.4703637361526489,0.4576864242553711,-0.0902893021702766,0.9997928142547609,0.4713059961795807,0.4575459063053131,-0.0904131010174751,0.9998120665550232,0.4722965657711029,0.4574669301509857,-0.0904992371797561,0.9998781085014344,0.4808667302131653,0.4656601250171661,-0.1543723195791244,0.9998838305473328,0.4813595414161682,0.4636789560317993,-0.069006823003292,0.9996718168258668,0.4702309966087341,0.4761333763599396,-0.1050900742411613,0.9997822642326356,0.4699611961841583,0.475516140460968,-0.0811679512262344,0.9996694326400756,0.4897821247577667,0.5337308049201965,-0.1738782674074173,0.9999887347221376,0.493190586566925,0.5089887976646423,-0.009504709392786,0.9999797344207764,0.4652554094791412,0.6037032008171082,-0.1615678369998932,0.800473153591156,0.4783084988594055,0.5516248345375061,0.0410448722541332,0.0636906549334526,0.4460819661617279,0.5354758501052856,-0.0769242942333221,0.6269232034683228,0.4529405832290649,0.5165027976036072,0.0517670586705207,0.4243324398994446,0.4378887116909027,0.5197154879570007,-0.0733439400792121,0.5739443898200989,0.4485460519790649,0.5040012001991272,0.0582834258675575,0.4422220885753631,0.4438653588294983,0.5081356167793274,-0.066229224205017,0.568591296672821,0.4466853141784668,0.4952169358730316,0.0504331700503826,0.4540504217147827,0.4468418061733246,0.5108686089515686,-0.0701553598046302,0.482377290725708,0.4493623375892639,0.5002935528755188,0.0472893714904785,0.4329164028167724,0.4682795703411102,0.6342634558677673,-0.0553090162575244,0.9999093413352966,0.4668188393115997,0.6000913977622986,0.0552129670977592,0.9999248385429382,0.4156768023967743,0.6491448283195496,-0.068622350692749,0.4377816021442413,0.4255742728710174,0.5839425325393677,0.1278950423002243,0.0204691663384437,0.4220606982707977,0.7353081703186035,-0.0109521094709634,0.4106456637382507,0.4309296607971191,0.6622244119644165,0.2329146862030029,0.0545949041843414,0.4305590093135834,0.749348521232605,-0.0045208632946014,0.3632127344608307,0.4352452158927917,0.6849111318588257,0.2441973090171814,0.1254745721817016,0.396295964717865,0.7618467807769775,-0.0100629972293972,0.48802250623703,0.40819051861763,0.6802321076393127,0.2644462883472442,0.1084284111857414
0.467425137758255,0.4655486345291137,-0.1006133109331131,0.999744951725006,0.4703285098075866,0.4591048955917358,-0.1179586201906204,0.9997944831848145,0.4713302850723266,0.4593490660190582,-0.1180818378925323,0.9997774362564088,0.472221702337265,0.4596777856349945,-0.1180712133646011,0.9998504519462584,0.4701718091964721,0.4585843384265899,-0.0988443940877914,0.9997867941856384,0.4710883200168609,0.4583252370357513,-0.0989712923765182,0.999797821044922,0.4720485806465149,0.4580064117908478,-0.0990590751171112,0.999871790409088,0.4807303249835968,0.4656894207000732,-0.1655584126710891,0.9998790621757508,0.4811937510967254,0.4635988175868988,-0.0785105973482132,0.9996606707572936,0.4702378213405609,0.4766339361667633,-0.1139570623636245,0.9997668862342834,0.4699537456035614,0.4757664501667022,-0.0895360559225082,0.999625325202942,0.4885322451591491,0.5327661633491516,-0.1839144378900528,0.9999802708625792,0.4943992793560028,0.5089563131332397,-0.0151627408340573,0.999967634677887,0.4613679647445678,0.5976650714874268,-0.1738602668046951,0.741376519203186,0.4778992235660553,0.5530838966369629,0.04043984785676,0.057433471083641,0.4506706893444061,0.5217474102973938,-0.08676278591156,0.5671383142471313,0.4573187828063965,0.5112208127975464,0.0616803094744682,0.3822619616985321,0.4450904130935669,0.5046260356903076,-0.0838194787502288,0.5192309021949768,0.4528028070926666,0.4966520965099334,0.0708196386694908,0.3986935615539551,0.4505063891410827,0.4971533417701721,-0.0773913636803627,0.5139252543449402,0.4537330567836761,0.4898069500923157,0.0637679323554039,0.4092459678649902,0.4522596299648285,0.502962589263916,-0.0804548561573028,0.4353814125061035,0.4556288421154022,0.4973845183849334,0.0581159368157386,0.3903511762619018,0.4682539701461792,0.6323791146278381,-0.0554407201707363,0.9999035000801086,0.4672025442123413,0.5994290113449097,0.0553502477705478,0.999919295310974,0.4156516194343567,0.6491678357124329,-0.0764740034937858,0.4308127164840698,0.4254221022129059,0.5843923687934875,0.1178485676646232,0.0193962100893259,0.4221389591693878,0.73541259765625,-0.0190620124340057,0.396462470293045,0.4302366375923157,0.6671289801597595,0.2215758711099624,0.0513607189059257,0.4305523931980133,0.7492988705635071,-0.0130979148671031,0.3445248603820801,0.4347492158412933,0.6849457621574402,0.2325932830572128,0.1196688190102577,0.3965066969394684,0.7617948055267334,-0.0214596036821603,0.4646317362785339,0.4078815579414367,0.6846780180931091,0.2492492794990539,0.1004724577069282
0.467336505651474,0.468897670507431,-0.0819847658276557,0.9997456073760986,0.4701947569847107,0.4613015353679657,-0.0993451252579689,0.9997963905334472,0.4712128341197967,0.4614119231700897,-0.0994633957743644,0.999778687953949,0.47215735912323,0.4616158604621887,-0.0994587019085884,0.9998524785041808,0.4698526561260223,0.4607997834682464,-0.0800727531313896,0.9997913241386414,0.4706839621067047,0.4604031145572662,-0.080199047923088,0.9997983574867249,0.4715616106986999,0.4598861634731293,-0.0802849307656288,0.9998729228973388,0.4808128178119659,0.4664168953895569,-0.1476938724517822,0.9998824000358582,0.4809577167034149,0.4640756547451019,-0.0601518489420414,0.9996712803840636,0.4702504575252533,0.4792581498622894,-0.0956674888730049,0.9997639656066896,0.4697596728801727,0.4781180918216705,-0.0710941776633262,0.999608874320984,0.4886013269424438,0.5305355787277222,-0.1705637872219085,0.999975860118866,0.4943798184394836,0.5099631547927856,0.0004793807747773,0.9999550580978394,0.4581196904182434,0.5924388766288757,-0.1596061587333679,0.7061534523963928,0.47725710272789,0.5596299767494202,0.0463045947253704,0.0518150515854358,0.4537135362625122,0.5169829726219177,-0.0668863803148269,0.5175428986549377,0.4606117010116577,0.5158513188362122,0.0568726286292076,0.3443493247032165,0.449966162443161,0.4981308579444885,-0.0631023496389389,0.4737994968891144,0.4562268555164337,0.4976647198200226,0.0642042979598045,0.3594878315925598,0.455605000257492,0.4930151998996734,-0.0573423393070697,0.4678926467895508,0.4582862555980682,0.4913693964481354,0.0582550093531608,0.3688972890377044,0.456887811422348,0.4996088743209839,-0.0607868582010269,0.3950073421001434,0.4601272642612457,0.4999103546142578,0.0533370785415172,0.3520136773586273,0.46819669008255,0.6322182416915894,-0.0555755831301212,0.9999035000801086,0.4674645364284515,0.6010196805000305,0.0554945617914199,0.9999182224273682,0.4156026244163513,0.6491910815238953,-0.0779651179909706,0.4593667089939117,0.4251303672790527,0.5860591530799866,0.1148970946669578,0.0201392639428377,0.4221550822257995,0.7354373931884766,-0.0175915714353323,0.4140189290046692,0.4294812083244324,0.6723380088806152,0.2139584869146347,0.0523581430315971,0.4303004443645477,0.7493752837181091,-0.0110989455133676,0.3503914773464203,0.4339303374290466,0.6868391633033752,0.2244875431060791,0.1222707256674766,0.3968419432640075,0.7617679238319397,-0.0164523404091596,0.4738913178443908,0.4077955186367035,0.6882067322731018,0.2415490001440048,0.0982861965894699
0.4673685729503631,0.470696359872818,-0.0847818180918693,0.999751091003418,0.4699250161647796,0.4631175696849823,-0.1016279757022857,0.9998005032539368,0.4710475504398346,0.4631805717945099,-0.1017438992857933,0.999783217906952,0.4720862507820129,0.4633157849311828,-0.1017309576272964,0.9998553991317748,0.4691694676876068,0.4627890288829803,-0.0828601121902465,0.99979829788208,0.4698124229907989,0.4624187648296356,-0.0829881578683853,0.999802589416504,0.470533549785614,0.461869865655899,-0.0830774381756782,0.9998761415481568,0.480697751045227,0.46694415807724,-0.1480778157711029,0.9998856782913208,0.4801305830478668,0.4647289216518402,-0.0625822991132736,0.9996894001960754,0.4703621566295624,0.4809741675853729,-0.0977401211857795,0.9997650384902954,0.4698177576065063,0.4798612892627716,-0.0737727358937263,0.9996086359024048,0.4890772402286529,0.5304559469223022,-0.1681806892156601,0.9999704360961914,0.4944043457508087,0.5096323490142822,-0.0027155817952007,0.9999482035636902,0.4558014273643493,0.5879663825035095,-0.1649384647607803,0.6742534041404724,0.4762068092823028,0.5574884414672852,0.0543181486427784,0.0468821227550506,0.4554327428340912,0.5081834197044373,-0.0855640396475792,0.4780386388301849,0.461686760187149,0.5050951242446899,0.0815699025988578,0.3106407523155212,0.4532871842384338,0.4868539869785309,-0.0840602070093154,0.4383965134620666,0.4591569006443023,0.4849929213523865,0.0909868031740188,0.324917733669281,0.4592366218566894,0.485387235879898,-0.0791504681110382,0.4313102066516876,0.4614646732807159,0.4806818068027496,0.0856038555502891,0.3332140743732452,0.4606321156024933,0.4923241436481476,-0.0803373828530311,0.3613740503787994,0.4632430076599121,0.4902809858322143,0.0788008868694305,0.3182387351989746,0.4701833426952362,0.6321581602096558,-0.0542259328067302,0.9998970627784728,0.4690050780773163,0.6024796366691589,0.0541664324700832,0.999912977218628,0.4155814945697784,0.6492133140563965,-0.0756015330553054,0.4795231819152832,0.4250938296318054,0.5873344540596008,0.110066071152687,0.0211430992931127,0.422340452671051,0.735439121723175,-0.0090082651004195,0.4177986085414886,0.4291923344135284,0.673797070980072,0.2138761430978775,0.0517431907355785,0.4302076995372772,0.7495209574699402,-0.0021191826090216,0.3446380198001861,0.4336113333702087,0.6881689429283142,0.2250479757785797,0.1204748898744583,0.396934449672699,0.7617456912994385,-0.0129825379699468,0.4716892838478088,0.4076264500617981,0.6887419819831848,0.2432796508073806,0.0944005772471427
0.4673303663730621,0.4717439413070678,-0.0882133543491363,0.9997643828392028,0.4696195721626282,0.4647371172904968,-0.1052923947572708,0.999811828136444,0.4708245098590851,0.464869737625122,-0.105407029390335,0.999795377254486,0.4719443619251251,0.4650301933288574,-0.105390228331089,0.9998635053634644,0.4686652719974518,0.4644168615341186,-0.0863364860415458,0.9998109340667723,0.4692244529724121,0.4640613496303558,-0.086464799940586,0.9998133182525636,0.4698696136474609,0.4634839296340942,-0.0865532085299491,0.9998830556869508,0.4805341064929962,0.4680057764053345,-0.1513379067182541,0.9998923540115356,0.4793306589126587,0.4655329287052154,-0.065057948231697,0.9997116327285768,0.4704015851020813,0.4818152487277984,-0.100890889763832,0.9997746348381042,0.4697493612766266,0.480830430984497,-0.0766923725605011,0.9996223449707032,0.4893183708190918,0.5286891460418701,-0.1705156713724136,0.9999682307243348,0.495032787322998,0.5096361637115479,-0.0034946803934872,0.9999438524246216,0.4548094570636749,0.5844298005104065,-0.1672722548246383,0.6508581638336182,0.4759002029895782,0.5613477826118469,0.0570628084242343,0.042369857430458,0.456360399723053,0.5051831007003784,-0.0881531089544296,0.4457068741321563,0.4627192914485931,0.5097363591194153,0.0854512900114059,0.2800001204013824,0.4548508822917938,0.48536416888237,-0.0871321111917495,0.4096585810184479,0.4598564207553863,0.4869543015956878,0.094751738011837,0.293279230594635,0.4616666436195373,0.4846338331699371,-0.0823211818933487,0.4012410640716553,0.462966650724411,0.4824453294277191,0.0890901535749435,0.3006458580493927,0.4631638526916504,0.4913227260112762,-0.0829962715506553,0.3327831029891968,0.4652172923088074,0.493483304977417,0.0826156139373779,0.2873117625713348,0.4715153276920318,0.6320940852165222,-0.054255411028862,0.999893605709076,0.4709006249904632,0.6034353971481323,0.0542002469301223,0.9999098777770996,0.4156122803688049,0.6491168141365051,-0.0709640607237815,0.4990408718585968,0.4250177443027496,0.5879324674606323,0.1115111485123634,0.0223615076392889,0.4223618805408478,0.7350907921791077,0.0052013145759701,0.4260868430137634,0.4288582503795624,0.6741102337837219,0.2210698574781417,0.051587164402008,0.4300536811351776,0.7495169639587402,0.0137855904176831,0.3420698046684265,0.4332083761692047,0.6885437369346619,0.2329271137714386,0.1194883063435554,0.3969301283359527,0.7617425918579102,0.0124653847888112,0.473838210105896,0.407489001750946,0.6895610094070435,0.251559317111969,0.0914862379431724
0.4670818746089935,0.4727791547775268,-0.0797547325491905,0.9997779726982116,0.4692631959915161,0.4662211239337921,-0.0969650894403457,0.9998235702514648,0.4704707860946655,0.4664271473884582,-0.0970780178904533,0.999808132648468,0.471610426902771,0.4666191041469574,-0.0970629453659057,0.9998719096183776,0.4683643877506256,0.4658879935741424,-0.077773667871952,0.999823808670044,0.4689813554286957,0.4655637443065643,-0.0779028311371803,0.9998247027397156,0.4697229266166687,0.4649998247623443,-0.0779909044504165,0.9998903274536132,0.4800883829593658,0.4694443643093109,-0.1440788209438324,0.9998990893363952,0.4792473912239074,0.4667251408100128,-0.0566162057220935,0.999733865261078,0.4704347550868988,0.4829834401607513,-0.0928460210561752,0.9997819662094116,0.469704806804657,0.4822653830051422,-0.0683034509420394,0.9996333122253418,0.4894396364688873,0.5288606286048889,-0.1653583347797393,0.9999643564224244,0.4955800771713257,0.5097634196281433,0.0033236958552151,0.9999359846115112,0.4543177485466003,0.5819616913795471,-0.1648371666669845,0.6229254603385925,0.4777220785617828,0.5611952543258667,0.0674546062946319,0.038281749933958,0.4576832056045532,0.5025103092193604,-0.0854202583432197,0.4139166176319122,0.4644059240818023,0.5041499137878418,0.1041623651981353,0.2523397207260132,0.4564622342586517,0.4830389022827148,-0.08409234136343,0.3818419873714447,0.4619811475276947,0.4824595153331756,0.1151456087827682,0.2646423578262329,0.4632134735584259,0.4839831888675689,-0.0799006968736648,0.3726407885551452,0.4657507836818695,0.480525255203247,0.1093440502882003,0.2711917757987976,0.4650031924247741,0.4905737936496734,-0.0806582942605018,0.3064973354339599,0.4684332013130188,0.4907234013080597,0.1013795211911201,0.2593332827091217,0.4725308418273926,0.633732795715332,-0.0545453056693077,0.9998922944068908,0.4717269837856293,0.6144593358039856,0.0544851645827293,0.999908685684204,0.4158466160297394,0.6489583253860474,-0.0745028406381607,0.5229341387748718,0.4249616265296936,0.5886349678039551,0.1134829446673393,0.0234827641397714,0.4223700761795044,0.7350998520851135,-0.0049695144407451,0.4425725936889648,0.4287255704402923,0.6753115653991699,0.2153871953487396,0.0520668886601924,0.4300725162029266,0.7496028542518616,0.0028294373769313,0.3485207855701446,0.4329606294631958,0.6892765760421753,0.2263478338718414,0.1198445037007331,0.3969139754772186,0.7617632746696472,0.0031964585650712,0.4862873256206512,0.4073957800865173,0.6904306411743164,0.2444398552179336,0.0899279937148094
0.467103898525238,0.4750069975852966,-0.0739454329013824,0.9997840523719788,0.4692296087741852,0.4682716131210327,-0.0909630209207534,0.999829649925232,0.4704052805900574,0.4684266746044159,-0.0910678431391716,0.9998143911361694,0.4715233743190765,0.4685185253620147,-0.0910635441541671,0.9998757243156432,0.4684389233589172,0.4679048359394073,-0.0720767453312873,0.999832034111023,0.4690963625907898,0.4675036370754242,-0.0722039863467216,0.9998311400413512,0.4698748886585235,0.4668125808238983,-0.0722905173897743,0.9998944997787476,0.4798363149166107,0.4706685841083526,-0.1373365223407745,0.9999027848243712,0.4793342649936676,0.4678817987442016,-0.0515764616429805,0.9997501969337464,0.4704914093017578,0.4848931729793548,-0.0869507417082786,0.9997815489768982,0.4697110950946808,0.4845333099365234,-0.0628829896450042,0.9996331334114076,0.4894751310348511,0.5280669927597046,-0.1615826934576034,0.9999619722366332,0.4959623515605926,0.5100147128105164,0.006449996959418,0.999930202960968,0.4542998671531677,0.5804539918899536,-0.160212904214859,0.6222334504127502,0.4809447526931762,0.5705640316009521,0.0602305494248867,0.034595463424921,0.4586219787597656,0.5002291798591614,-0.0768838599324226,0.3949789106845855,0.4664421379566192,0.5304545164108276,0.0820327550172805,0.2273230254650116,0.4567038416862488,0.4811714589595794,-0.0755987465381622,0.3647481501102447,0.4670245051383972,0.5318683981895447,0.0905359834432601,0.2386355847120285,0.4640022814273834,0.4812488555908203,-0.0714785829186439,0.3540176451206207,0.465436577796936,0.5254086256027222,0.0835559666156768,0.2444842159748077,0.4660064876079559,0.4883673191070556,-0.0721024647355079,0.2875219285488128,0.4682256877422333,0.5118440389633179,0.0784650743007659,0.2339347153902053,0.4725821912288666,0.6366254687309265,-0.054700206965208,0.9998940229415894,0.4720052182674408,0.6119301915168762,0.0546407140791416,0.9999096393585204,0.4158319532871246,0.6489659547805786,-0.0748203471302986,0.5591947436332703,0.4249217212200165,0.5889418721199036,0.104703240096569,0.0278857219964265,0.4223719239234924,0.7354313731193542,-0.0089307008311152,0.4769517183303833,0.4288294911384582,0.6754321455955505,0.1987970620393753,0.0581918507814407,0.4301924407482147,0.7500354647636414,-0.001548304921016,0.370646983385086,0.4332571625709533,0.6903698444366455,0.2089580446481704,0.1269706338644027,0.3969222009181976,0.7617953419685364,-0.0013674192596226,0.5138790607452393,0.4073419272899627,0.6907758116722107,0.2260084450244903,0.0943502187728881
0.4672317206859588,0.4751725494861603,-0.07976695895195,0.9997966289520264,0.4692414700984955,0.468535304069519,-0.0967010632157325,0.999840259552002,0.4704297482967376,0.4687648415565491,-0.0968056470155716,0.9998254776000975,0.471558004617691,0.468916118144989,-0.0968019068241119,0.9998830556869508,0.4684918820858001,0.4679656326770782,-0.0775862485170364,0.9998437762260436,0.469193547964096,0.4675468802452087,-0.0777136608958244,0.9998419284820556,0.4700208902359009,0.466875821352005,-0.0778011977672576,0.9999013543128968,0.4798844158649444,0.4710522592067718,-0.1418371200561523,0.999908685684204,0.4793599247932434,0.468231588602066,-0.0551024712622165,0.9997692108154296,0.4708244204521179,0.4851859807968139,-0.0922732427716255,0.9997912049293518,0.4701409041881561,0.4848570525646209,-0.0679255276918411,0.9996495842933656,0.4894713461399078,0.5282925963401794,-0.1643932312726974,0.999960958957672,0.4970012903213501,0.5106502175331116,0.0043709888122975,0.9999284744262696,0.4541262984275818,0.5805677175521851,-0.1603821218013763,0.6233412027359009,0.4830342233181,0.5729981064796448,0.0565920360386371,0.0313092656433582,0.4590097367763519,0.5003581047058105,-0.0755225345492363,0.3820078074932098,0.4671193063259125,0.5488614439964294,0.0757998451590538,0.2048425674438476,0.4568721354007721,0.4818421006202698,-0.0745363160967826,0.3526363968849182,0.4673403203487396,0.5419901609420776,0.0837942510843277,0.2152832597494125,0.464152067899704,0.4809721708297729,-0.0710893422365188,0.3405323624610901,0.4648721516132355,0.5359278321266174,0.0754234418272972,0.2204970568418502,0.4662124812602997,0.4880963265895843,-0.0709818750619888,0.2726473212242126,0.4665617942810058,0.5366569757461548,0.0717586800456047,0.2111329734325409,0.4734892249107361,0.64190673828125,-0.0548203997313976,0.9998969435691832,0.4731483459472656,0.6117057800292969,0.0547603778541088,0.9999120831489564,0.4158607125282287,0.6489572525024414,-0.075387492775917,0.59246426820755,0.4248915910720825,0.5895399451255798,0.1049627289175987,0.0329203009605407,0.4223731756210327,0.7358629703521729,-0.007357960101217,0.5074742436408997,0.4286703169345855,0.6762744188308716,0.2031448036432266,0.0634905993938446,0.4303656816482544,0.7504923939704895,-0.0009968861704692,0.3886743783950805,0.4332770705223083,0.6911150813102722,0.2136666178703308,0.1320112347602844,0.3969373106956482,0.7618440389633179,0.0013729817001149,0.5384097099304199,0.4072055220603943,0.6920747756958008,0.228910893201828,0.0982456728816032
0.4672278165817261,0.4760544300079345,-0.0834669172763824,0.9998041987419128,0.4692400395870209,0.4695277810096741,-0.1006339862942695,0.9998466968536376,0.4704104661941528,0.4697321057319641,-0.1007387712597847,0.9998318552970886,0.4715152680873871,0.469864159822464,-0.1007362753152847,0.9998869299888612,0.4685565829277038,0.4688222110271454,-0.0815901607275009,0.9998520612716676,0.4692786633968353,0.4683055877685547,-0.0817171856760978,0.9998495578765868,0.4701165556907654,0.467561811208725,-0.0818064361810684,0.9999063014984132,0.4797967970371246,0.4717712104320526,-0.1449822783470153,0.9999117255210876,0.4794505536556244,0.4688096642494201,-0.0588329285383224,0.9997830986976624,0.4708475768566131,0.4859530329704284,-0.0956455692648887,0.9997952580451964,0.470148891210556,0.4855982363224029,-0.0714457035064697,0.9996574521064758,0.4896850287914276,0.5283393263816833,-0.1663783341646194,0.9999613165855408,0.4971351027488708,0.5106403231620789,-0.0001853702560765,0.9999279975891112,0.4545463323593139,0.5807276964187622,-0.1622607111930847,0.638891875743866,0.4830600619316101,0.5735543370246887,0.0255375765264034,0.0283820647746324,0.4594329595565796,0.5004132986068726,-0.0815753191709518,0.3795587420463562,0.4691262543201446,0.5525201559066772,0.0059891650453209,0.1846427917480468,0.4572782218456268,0.4821961522102356,-0.0814299881458282,0.3506233096122741,0.467063307762146,0.5458106994628906,0.0076632369309663,0.1943503320217132,0.4643101990222931,0.4810425937175751,-0.0784286260604858,0.336553007364273,0.4647145867347717,0.5394471883773804,0.0007604545098729,0.1989899724721908,0.4663121402263641,0.4882550835609436,-0.0773090496659278,0.2648585736751556,0.4661859273910522,0.5420616865158081,0.0013744061579927,0.1907095313072204,0.4747500121593475,0.6412140727043152,-0.0537427142262458,0.9999021291732788,0.4740374684333801,0.6110146045684814,0.0537023544311523,0.999916136264801,0.4158595204353332,0.6493349075317383,-0.0736492127180099,0.6271936893463135,0.4248700737953186,0.590038001537323,0.0892871543765068,0.0423869080841541,0.4223740696907043,0.7358928918838501,0.0007919020135886,0.5444512963294983,0.4296775460243225,0.6760531663894653,0.1891343295574188,0.072123609483242,0.4305792450904846,0.7502251267433167,0.0088133038952946,0.4199984669685364,0.4351354837417602,0.6909711956977844,0.2000011056661605,0.1427690386772155,0.3969366252422333,0.7616288065910339,0.0094615016132593,0.5685312747955322,0.4077950119972229,0.6917001008987427,0.2157763689756393,0.1058240383863449
0.467017650604248,0.4766317903995514,-0.0741705894470214,0.9998132586479188,0.4689152836799621,0.4700064063072204,-0.0910029411315918,0.9998549818992616,0.4700142741203308,0.4701266884803772,-0.0911061018705368,0.9998407363891602,0.4710471928119659,0.4702062010765075,-0.0910942479968071,0.9998925924301147,0.4684224724769592,0.469469279050827,-0.0721387416124343,0.999861180782318,0.4692067503929138,0.4689639806747436,-0.0722668915987014,0.9998580813407898,0.4700984358787536,0.4682322144508362,-0.0723538324236869,0.999911606311798,0.479458749294281,0.4722789824008941,-0.1368768066167831,0.9999168515205384,0.479385495185852,0.4694594442844391,-0.0514008849859237,0.99979966878891,0.4707086980342865,0.4863902330398559,-0.0870380401611328,0.9998025298118592,0.4700208306312561,0.4861517548561096,-0.0630539506673812,0.9996697902679444,0.4898119270801544,0.5283565521240234,-0.159862533211708,0.9999595880508424,0.4970706701278686,0.5107415914535522,0.0046856454573571,0.9999252557754515,0.4547699689865112,0.5803812146186829,-0.1577203869819641,0.6376940011978149,0.4828350245952606,0.5722891688346863,0.0554527826607227,0.025727404281497,0.4594742953777313,0.5008043646812439,-0.0751102641224861,0.3677177131175995,0.466313362121582,0.5280115604400635,0.0777831226587295,0.1665153056383133,0.4576159119606018,0.4825245141983032,-0.0738011598587036,0.3418056964874267,0.4635079205036163,0.5110152363777161,0.0864250585436821,0.1756329387426376,0.4641583561897278,0.4809231758117676,-0.0703540816903114,0.3267084062099457,0.4641559720039367,0.5074604153633118,0.0802861303091049,0.1797406375408172,0.4659935235977173,0.4880823791027069,-0.0706842094659805,0.2539655566215515,0.4648261964321136,0.5346922874450684,0.074517160654068,0.1724698692560196,0.4750886559486389,0.6413518190383911,-0.0534558854997158,0.9999055862426758,0.4741171598434448,0.6103770732879639,0.0534214936196804,0.999919056892395,0.4159455895423889,0.6494540572166443,-0.0726858153939247,0.656449019908905,0.4248964190483093,0.5902687311172485,0.0907411500811576,0.0546429082751274,0.42234006524086,0.7357416152954102,0.012682537548244,0.5741463303565979,0.4295286536216736,0.6758917570114136,0.1928218305110931,0.0853507369756698,0.4305730164051056,0.7482667565345764,0.0222704503685235,0.4435081481933594,0.434820681810379,0.6908695697784424,0.2040876299142837,0.1571808457374572,0.3969601094722748,0.7616026997566223,0.0240987353026866,0.5933619141578674,0.4076953828334808,0.6913459897041321,0.2207781672477722,0.1181991621851921
0.4670272767543793,0.4766383469104767,-0.0753430128097534,0.9998153448104858,0.4688853025436401,0.4699246883392334,-0.0920201316475868,0.9998579621315002,0.469969630241394,0.4700361788272857,-0.0921242609620094,0.9998437166213988,0.4709940254688263,0.47011598944664,-0.0921086221933364,0.9998941421508788,0.4684235751628876,0.4693607985973358,-0.0732427537441253,0.9998656511306764,0.4692136645317077,0.4688356816768646,-0.0733739957213401,0.9998612999916076,0.4701115489006042,0.4681008458137512,-0.0734629184007644,0.9999136924743652,0.4793610274791717,0.4721664190292358,-0.1372931599617004,0.999918818473816,0.4793190062046051,0.4693793356418609,-0.0521170236170291,0.9998111128807068,0.4707136452198028,0.4863086342811584,-0.0879355445504188,0.9998000264167786,0.4700250625610351,0.4860563576221466,-0.0640487223863601,0.9996666312217712,0.4898347556591034,0.5280277132987976,-0.1590818017721176,0.9999539852142334,0.497014433145523,0.5105627775192261,0.0047771544195711,0.9999175667762756,0.4549519121646881,0.5800346732139587,-0.158107727766037,0.6229864358901978,0.4821871221065521,0.5705345273017883,0.0639634430408477,0.0233296770602464,0.4593319296836853,0.5006056427955627,-0.0774358361959457,0.3485223352909088,0.465177983045578,0.5137714147567749,0.0955865383148193,0.1502043008804321,0.4574918448925018,0.4824349284172058,-0.0762159079313278,0.3262099027633667,0.4627935290336609,0.4959684610366821,0.1053815186023712,0.1587889492511749,0.4636252820491791,0.4808183014392853,-0.072699524462223,0.3107689023017883,0.4647199511528015,0.4881753325462341,0.0993052944540977,0.162416934967041,0.4653978645801544,0.4880534410476684,-0.07302887737751,0.2393196076154709,0.4661256074905395,0.5020652413368225,0.0925777107477188,0.1560434252023697,0.4750296771526336,0.6411190032958984,-0.0529532767832279,0.9999059438705444,0.4742679893970489,0.6099478006362915,0.0529212318360805,0.999919593334198,0.4160568416118622,0.6500011682510376,-0.0721379145979881,0.6790977120399475,0.4250696003437042,0.5908926725387573,0.0920411422848701,0.0623381584882736,0.4223416149616241,0.735714852809906,0.013341087847948,0.5958884954452515,0.4298560321331024,0.6752226948738098,0.1969898045063018,0.0926064997911453,0.4305700063705444,0.7475714087486267,0.0228639189153909,0.4575679004192352,0.435010701417923,0.6996788382530212,0.2085819393396377,0.1642120033502578,0.3969623744487762,0.7610723376274109,0.0239958763122558,0.6101608872413635,0.4080047309398651,0.6912866234779358,0.2258507311344146,0.1237651705741882
0.4670708477497101,0.477373868227005,-0.0712196826934814,0.9998257756233216,0.4689130783081054,0.470531553030014,-0.087703175842762,0.999866783618927,0.4699964225292206,0.4706683158874511,-0.0878040045499801,0.999853253364563,0.471019297838211,0.4707705974578857,-0.0877921730279922,0.999900221824646,0.468454897403717,0.469849944114685,-0.0690455213189125,0.9998748898506165,0.4692464172840118,0.4692853689193725,-0.0691758766770362,0.9998704195022584,0.4701460599899292,0.4685367047786712,-0.0692638084292411,0.9999193549156188,0.4793414175510406,0.4725620448589325,-0.1323548406362533,0.9999241232872008,0.4793557524681091,0.4697489738464355,-0.0478797815740108,0.999826431274414,0.4708423316478729,0.4869818687438965,-0.0836977958679199,0.999809741973877,0.4701498746871948,0.4866027235984802,-0.0600067190825939,0.999683916568756,0.4898607432842254,0.5280526876449585,-0.1556904762983322,0.9999529123306274,0.4972957670688629,0.5105674862861633,0.009266790933907,0.9999166131019592,0.454830139875412,0.5796576142311096,-0.1515667736530304,0.6278262734413147,0.4829394221305847,0.5707297325134277,0.0646196976304054,0.02124516479671,0.4591351449489593,0.5009821057319641,-0.0648306831717491,0.3426415026187897,0.4649551510810852,0.5172909498214722,0.0879401862621307,0.1356422901153564,0.4573551118373871,0.4824905395507812,-0.062745101749897,0.3227323293685913,0.462164968252182,0.4997968971729278,0.0966881439089775,0.1438925117254257,0.4634712934494018,0.4812012314796448,-0.0596750266849994,0.3062332570552826,0.46430104970932,0.4953614473342895,0.0902836769819259,0.1470669955015182,0.4652777910232544,0.488447904586792,-0.060471199452877,0.2334361672401428,0.4664376974105835,0.5035924911499023,0.0845913887023925,0.1415872871875763,0.4755239486694336,0.6416062116622925,-0.0530772060155868,0.9999105930328368,0.4746692478656769,0.6098631620407104,0.0530445985496044,0.999923825263977,0.4161439836025238,0.6503083109855652,-0.0737853795289993,0.707775354385376,0.4250778257846832,0.591038167476654,0.0853088721632957,0.0880843847990036,0.4223984777927398,0.7354925870895386,0.0115716820582747,0.6286580562591553,0.4297932386398315,0.6756131052970886,0.1825215071439743,0.1210406497120857,0.4306930601596832,0.7468920946121216,0.0211301278322935,0.4897205829620361,0.4347926676273346,0.6973602771759033,0.193315640091896,0.1906953305006027,0.3971793949604034,0.7610726356506348,0.0239034555852413,0.6394746899604797,0.4073099792003631,0.6914307475090027,0.2099523693323135,0.1501166522502899
0.4672525227069855,0.4780449867248535,-0.0733892172574997,0.9998360276222228,0.4689955413341522,0.4714668095111847,-0.0896106883883476,0.9998748898506165,0.4700812399387359,0.4716373682022095,-0.0897114127874374,0.9998620748519896,0.4711074233055115,0.4717589914798736,-0.0896967500448226,0.9999058246612548,0.4684606194496155,0.4705658257007599,-0.0711206868290901,0.9998835325241088,0.4692690968513489,0.4699816405773163,-0.0712507888674736,0.9998789429664612,0.4701713919639587,0.4692337810993194,-0.0713381245732307,0.999924659729004,0.4793648421764374,0.4729867577552795,-0.1330937445163726,0.999928653240204,0.4793842732906341,0.4702256023883819,-0.0493397265672683,0.9998403191566468,0.4711126983165741,0.4876223504543304,-0.0854458436369896,0.9998182654380798,0.4703911244869232,0.4872216582298279,-0.061952780932188,0.9996996521949768,0.4898841083049774,0.5281018018722534,-0.1557951718568802,0.9999512434005736,0.4972933232784271,0.5106549263000488,0.0084953838959336,0.9999158382415771,0.4548654556274414,0.5791705250740051,-0.1538145393133163,0.6299821138381958,0.4827064573764801,0.5702567100524902,0.0670259073376655,0.0194271095097064,0.4590297043323517,0.5006461143493652,-0.071658082306385,0.3361725509166717,0.465281069278717,0.5194240808486938,0.0939632356166839,0.1227491721510887,0.4571021199226379,0.4820319712162018,-0.0703356713056564,0.3183656930923462,0.4641188383102417,0.5184649229049683,0.1031905338168144,0.1308704912662506,0.4630550444126129,0.480901151895523,-0.0670402571558952,0.3010738492012024,0.4641899764537811,0.4931899607181549,0.0966275557875633,0.1336070299148559,0.4647665321826935,0.4880045652389526,-0.0673030167818069,0.227258488535881,0.4667282700538635,0.5001884698867798,0.0906898081302642,0.1289868503808975,0.4759931862354278,0.6423798203468323,-0.053061656653881,0.999912977218628,0.474985122680664,0.6100566387176514,0.0530305132269859,0.9999263286590576,0.4162328541278839,0.6505088806152344,-0.0736689269542694,0.7313215732574463,0.4251834154129028,0.5912745594978333,0.0855306684970855,0.1029772832989692,0.422484278678894,0.7354546189308167,0.0107090836390852,0.6533447504043579,0.4296283721923828,0.6755843162536621,0.1839142590761184,0.1349336504936218,0.4307746589183807,0.7469404339790344,0.0201641824096441,0.5110595226287842,0.4346842169761657,0.6954835653305054,0.1948434859514236,0.2044781297445297,0.3972219228744507,0.7608477473258972,0.0230475906282663,0.6606536507606506,0.407188206911087,0.6915258765220642,0.2119829058647155,0.1626235842704773
0.4673656225204468,0.4785945117473602,-0.0752192884683609,0.9998438954353333,0.4690110981464386,0.4720649123191833,-0.0913981720805168,0.999881386756897,0.4700992703437805,0.4722272455692291,-0.0915005058050155,0.9998692870140076,0.4711268842220306,0.4723441004753113,-0.0914818495512008,0.9999104142189026,0.4684776961803436,0.4711398184299469,-0.0728769302368164,0.999890148639679,0.4692896008491516,0.470554381608963,-0.0730102211236953,0.9998852610588074,0.4701894223690033,0.4698027968406677,-0.0730985030531883,0.9999285340309144,0.4793700575828552,0.4732414186000824,-0.1347223818302154,0.9999324083328248,0.4793848395347595,0.4703547358512878,-0.0507487654685974,0.999851942062378,0.4713198542594909,0.4881106317043304,-0.0871823877096176,0.9998241662979126,0.4706569314002991,0.4875558912754059,-0.0636363625526428,0.9997106194496156,0.4898909032344818,0.5284202694892883,-0.1566310226917266,0.9999476671218872,0.4972542524337768,0.5104796886444092,0.0083620203658938,0.9999122023582458,0.454781711101532,0.5786778926849365,-0.1563639193773269,0.6246819496154785,0.4819622337818146,0.5572069883346558,0.0737130641937255,0.0178888402879238,0.4588024914264679,0.5006502270698547,-0.0759101286530494,0.3299192488193512,0.4652407467365265,0.5045263767242432,0.1117690056562423,0.1113530173897743,0.4569558501243591,0.4820567369461059,-0.0749819055199623,0.3152459263801574,0.4634462893009186,0.4835224151611328,0.1226091757416725,0.1195203065872192,0.4630349576473236,0.48099485039711,-0.0714844614267349,0.2972175180912018,0.4645616114139557,0.4800939559936523,0.1169055923819542,0.1218008995056152,0.4646366238594055,0.4877844452857971,-0.071428433060646,0.2220152020454406,0.4668857157230377,0.4857927560806274,0.1090760007500648,0.1180248111486435,0.4761236011981964,0.6425208449363708,-0.0531471855938434,0.9999135136604308,0.4752458035945892,0.6102142333984375,0.0531140528619289,0.9999272227287292,0.4163401424884796,0.6505073308944702,-0.0740968957543373,0.7510482668876648,0.4253228306770324,0.5913844108581543,0.0901382192969322,0.1140536963939666,0.4226491153240204,0.7354536056518555,0.0072937058284878,0.676703155040741,0.4295871555805206,0.6826457381248474,0.1905270516872406,0.1485638618469238,0.4308672249317169,0.7469514608383179,0.0166269671171903,0.5327942371368408,0.4351931512355804,0.6931738257408142,0.201614648103714,0.2189497053623199,0.397184282541275,0.7606915235519409,0.0213774349540472,0.6818820834159851,0.4079341292381286,0.6914572715759277,0.218858003616333,0.1759170144796371
0.4673451781272888,0.478584349155426,-0.0764156877994537,0.999851942062378,0.4689577519893646,0.4720551967620849,-0.092892974615097,0.999887764453888,0.470024049282074,0.4722482860088348,-0.0929996967315673,0.9998764991760254,0.4710179567337036,0.4724127054214477,-0.0929897725582122,0.9999151229858398,0.4684737920761108,0.4711539149284363,-0.0742473602294921,0.9998966455459596,0.4692878127098083,0.4705916345119476,-0.0743722170591354,0.9998915195465088,0.4701772332191467,0.4698818027973175,-0.074457012116909,0.9999324083328248,0.4792101979255676,0.4735187590122223,-0.1370831578969955,0.9999361038208008,0.4793016612529754,0.4704374670982361,-0.0524696260690689,0.9998628497123718,0.4713248014450073,0.488284021615982,-0.0887605175375938,0.999832034111023,0.4706791043281555,0.4876449108123779,-0.065030537545681,0.9997243881225586,0.4899037480354309,0.5288375020027161,-0.1588832288980484,0.9999455213546752,0.4972237348556518,0.5098074674606323,0.0068780174478888,0.9999107718467712,0.4545120894908905,0.5785602927207947,-0.1568649411201477,0.6181996464729309,0.4805814623832702,0.5510709881782532,0.0719241127371788,0.0165309626609087,0.4586040377616882,0.5015143156051636,-0.0772306397557258,0.3244175016880035,0.4650555253028869,0.5011596083641052,0.1080118790268898,0.101103588938713,0.4570074379444122,0.4828496873378753,-0.0762626975774765,0.3122503161430359,0.4630667865276336,0.4808905124664306,0.1183339431881904,0.1092858165502548,0.4631229341030121,0.4818793833255768,-0.0742261782288551,0.2935898005962372,0.4650534391403198,0.4786164462566376,0.1127886995673179,0.1111488416790962,0.4646128714084625,0.4884875118732452,-0.0735658854246139,0.216937780380249,0.466985136270523,0.4858639240264892,0.1053206771612167,0.1080887839198112,0.4765066802501678,0.64323490858078,-0.0532563813030719,0.9999135136604308,0.4757467806339264,0.6101745963096619,0.0532268919050693,0.9999279975891112,0.416419118642807,0.6504658460617065,-0.0737373605370521,0.7681195735931396,0.4253506362438202,0.591991126537323,0.0906804725527763,0.1249346584081649,0.4227617979049682,0.7354726195335388,0.0071795065887272,0.6976141333580017,0.4282717406749725,0.6821203231811523,0.1922182142734527,0.1631075590848922,0.4308817982673645,0.7474939823150635,0.0163049325346946,0.5498306751251221,0.4343335330486297,0.6930265426635742,0.203330859541893,0.2330379784107208,0.3971472978591919,0.7605234384536743,0.0201080851256847,0.7010114192962646,0.4061260223388672,0.6913670301437378,0.21879343688488,0.191175103187561
0.4673137366771698,0.4786757230758667,-0.0776247158646583,0.9998597502708436,0.4689064025878906,0.4722029566764831,-0.0940977483987808,0.9998937249183656,0.4699737429618835,0.4724261164665222,-0.0942035168409347,0.9998831152915956,0.4709712266921997,0.4726343154907226,-0.0941900983452797,0.9999194145202636,0.4684260189533233,0.4712682664394378,-0.0754221901297569,0.999902606010437,0.4692302644252777,0.470696210861206,-0.0755495876073837,0.9998973608016968,0.4700962901115417,0.4699930548667907,-0.0756358578801155,0.999936044216156,0.4791870713233948,0.4738306105136871,-0.1379067450761795,0.9999394416809082,0.4792738854885101,0.470544159412384,-0.0534283146262168,0.9998729228973388,0.4713307023048401,0.4884154200553894,-0.0898583382368087,0.9998392462730408,0.4706840813159942,0.4877178072929382,-0.0661036893725395,0.9997370839118958,0.4899088442325592,0.5292884707450867,-0.1582175940275192,0.9999428987503052,0.4972099065780639,0.5091814398765564,0.0061535215936601,0.9999106526374816,0.4543996453285217,0.5785858035087585,-0.1574368327856063,0.6130249500274658,0.4797312617301941,0.5476660132408142,0.0705182403326034,0.0154132600873708,0.4584846496582031,0.5016236305236816,-0.0783350393176078,0.3198918104171753,0.4649672508239746,0.4997772872447967,0.108170635998249,0.0921378880739212,0.4569086134433746,0.4830875396728515,-0.0773849114775657,0.3102301657199859,0.4628066420555115,0.4809534847736358,0.1185370460152626,0.100498043000698,0.4630074203014374,0.482216328382492,-0.0745257660746574,0.2910645306110382,0.4650181829929352,0.4791484773159027,0.1129921004176139,0.1019486039876937,0.4644798338413238,0.4886342287063598,-0.0742049366235733,0.2130850255489349,0.4669607877731323,0.4851164519786834,0.1055793836712837,0.0996145606040954,0.4768023192882538,0.6438596844673157,-0.0529584325850009,0.9999125599861144,0.4759847223758697,0.6102554202079773,0.0529274344444274,0.9999281764030457,0.4164222776889801,0.6504043936729431,-0.0719672814011573,0.7819671630859375,0.4253763556480407,0.5926154255867004,0.0898495465517044,0.1332335472106933,0.4228120148181915,0.7354024052619934,0.0070675029419362,0.7131157517433167,0.4278102815151214,0.6804715991020203,0.191074714064598,0.1701221466064453,0.4309762120246887,0.7475294470787048,0.0161269400268793,0.5610224008560181,0.4339888989925384,0.7012397646903992,0.2022521644830703,0.2397959232330322,0.3972331285476684,0.7604132294654846,0.0183180700987577,0.7147469520568848,0.4054227769374847,0.6913514733314514,0.2191887199878692,0.1982404440641403
0.4673151969909668,0.478733092546463,-0.0782581940293312,0.9998663663864136,0.4688979685306549,0.472238689661026,-0.0947380736470222,0.9998987913131714,0.4699536561965942,0.4724767804145813,-0.0948444083333015,0.9998887181282043,0.4709447622299194,0.4726928472518921,-0.09483103454113,0.9999231100082396,0.4684309363365173,0.471256285905838,-0.0760189443826675,0.9999077320098876,0.4692320227622986,0.4706806540489197,-0.0761456787586212,0.9999022483825684,0.4700904190540313,0.4699807167053222,-0.0762324631214141,0.9999390840530396,0.4791831076145172,0.4738135635852813,-0.1386005729436874,0.9999421238899232,0.4792813062667846,0.4705292284488678,-0.0536321476101875,0.9998817443847656,0.4713818430900574,0.488467127084732,-0.0904631689190864,0.9998453855514526,0.4707999527454376,0.4877718389034271,-0.066644474864006,0.9997485876083374,0.4899215698242187,0.5296262502670288,-0.159113273024559,0.9999395608901978,0.4972032308578491,0.5089992880821228,0.0055393748916685,0.9999109506607056,0.4541223347187042,0.5785800218582153,-0.1586547493934631,0.6044370532035828,0.4789662063121795,0.5416262745857239,0.0757710710167884,0.0144629012793302,0.4583482444286346,0.5011399388313293,-0.0841944888234138,0.3183038234710693,0.4652620851993561,0.4970476031303406,0.118984654545784,0.084341824054718,0.4566726684570312,0.4824735224246979,-0.0842371061444282,0.3113002181053161,0.4626750648021698,0.4789843559265136,0.1303525269031524,0.0930613130331039,0.4627311825752258,0.4820463955402374,-0.0818512886762619,0.291764497756958,0.4650894999504089,0.479171484708786,0.1243276745080947,0.0940969809889793,0.464237242937088,0.4884819388389587,-0.0805147811770439,0.2114140391349792,0.466904729604721,0.4855324625968933,0.1163834556937217,0.0924762636423111,0.4773159027099609,0.6445434093475342,-0.0530142076313495,0.9999073147773744,0.4762159287929535,0.6103290319442749,0.052982036024332,0.999925434589386,0.4164876341819763,0.6503869891166687,-0.0722758397459983,0.7887558341026306,0.4253990948200226,0.593103289604187,0.0881011933088302,0.1349834501743316,0.4228281378746032,0.7354037761688232,0.0001804999046726,0.7212457060813904,0.4278207719326019,0.6867223978042603,0.1883377879858017,0.1689109057188034,0.431000679731369,0.7476476430892944,0.0080978544428944,0.5634347796440125,0.4339513778686523,0.704252302646637,0.1994016617536544,0.2380977571010589,0.3971687257289886,0.760289192199707,0.0070491749793291,0.7217684984207153,0.4054847359657287,0.6913104057312012,0.2160608321428299,0.1971331089735031
0.4673191905021667,0.4787200391292572,-0.08026023209095,0.9998736381530762,0.4689020812511444,0.4721546471118927,-0.0969540029764175,0.9999043345451356,0.4699594676494598,0.4723824560642242,-0.0970555022358894,0.999894917011261,0.4709515571594238,0.4725934565067291,-0.0970315039157867,0.999927282333374,0.468435674905777,0.4711840152740478,-0.0780072882771492,0.999913215637207,0.4692351222038269,0.4706107378005981,-0.0781427919864654,0.9999075531959534,0.4700960516929626,0.4699220657348633,-0.0782280191779136,0.9999423623085022,0.4791898727416992,0.4737714529037475,-0.1413389593362808,0.999945104122162,0.4792847633361816,0.4705149531364441,-0.0553017221391201,0.999890148639679,0.4714390635490417,0.4884037673473358,-0.0924284011125564,0.9998525977134703,0.4708809852600097,0.4877251386642456,-0.0683208778500557,0.999761164188385,0.4899299740791321,0.5295746326446533,-0.1616299301385879,0.9999373555183412,0.4973196685314178,0.5090075731277466,0.0058232848532497,0.999910295009613,0.4540053308010101,0.5782946944236755,-0.1645824611186981,0.5997317433357239,0.4789187312126159,0.5424232482910156,0.0804502442479133,0.0135609675198793,0.458280086517334,0.500190794467926,-0.0904350504279136,0.3211843073368072,0.4651735723018646,0.4975285232067108,0.1243215426802635,0.0772965848445892,0.4565158784389496,0.4814627170562744,-0.0909561291337013,0.3163917362689972,0.4625924527645111,0.4798537790775299,0.1359985619783401,0.0863346382975578,0.4625448882579803,0.4810900688171386,-0.088307075202465,0.2963716983795166,0.4650308191776275,0.4796305894851684,0.1296239644289016,0.0870009437203407,0.4641548693180084,0.4874365925788879,-0.0866322293877601,0.2123197317123413,0.46669802069664,0.4859867691993713,0.1215676441788673,0.0859636515378952,0.4778114557266235,0.6443835496902466,-0.0537375696003437,0.9998993873596193,0.4767513275146484,0.6102848052978516,0.0537047646939754,0.9999206066131592,0.4165865480899811,0.6502944231033325,-0.0738345235586166,0.7957208752632141,0.425408661365509,0.5936493277549744,0.0898070707917213,0.1369247734546661,0.4228273928165436,0.7354859113693237,-0.0007929969578981,0.7300364375114441,0.4274026751518249,0.6887152791023254,0.1897191405296325,0.1700470447540283,0.4309960007667541,0.7481502890586853,0.0071098986081779,0.5676207542419434,0.4329516291618347,0.7059421539306641,0.2005224972963333,0.2388198673725128,0.3969151079654693,0.7602896690368652,0.0034442355390638,0.7294606566429138,0.4050089418888092,0.6912739872932434,0.218519389629364,0.1980957835912704
0.4673868417739868,0.4786675274372101,-0.0810150727629661,0.9998741745948792,0.4690347909927368,0.4721026420593261,-0.0974972546100616,0.9999048113822936,0.4700640439987182,0.4723203182220459,-0.0975996702909469,0.999895453453064,0.4710300266742706,0.4725328087806701,-0.0975760892033577,0.999927580356598,0.4686049520969391,0.4711591005325317,-0.0784244239330291,0.9999143481254578,0.4694026112556457,0.4705972969532013,-0.07856235653162,0.9999077320098876,0.4702408909797668,0.4698905050754547,-0.078649416565895,0.9999426007270812,0.4792575240135193,0.473601371049881,-0.1413849890232086,0.9999449849128724,0.4793591499328613,0.4705012142658233,-0.055350050330162,0.9998936653137208,0.4715062975883484,0.4883921444416046,-0.0929197520017623,0.9998510479927064,0.4710661172866821,0.48769411444664,-0.0686383619904518,0.9997596740722656,0.4897376894950866,0.5299567580223083,-0.1619014292955398,0.999932825565338,0.4973074495792389,0.5091370940208435,0.0071830237284302,0.9999060034751892,0.4538254737854004,0.5782486796379089,-0.1642733365297317,0.5849891304969788,0.4789323210716247,0.5452379584312439,0.0795906707644462,0.0125465625897049,0.4582562446594238,0.4994028806686401,-0.0887926295399665,0.3129745423793793,0.4650946259498596,0.5000723600387573,0.1180888265371322,0.0703761428594589,0.4564048647880554,0.4806940853595733,-0.089016705751419,0.3100614249706268,0.4625173211097717,0.4818385243415832,0.1287276595830917,0.0792920961976051,0.4624837040901184,0.4807425737380981,-0.0862159878015518,0.2901418805122375,0.464862197637558,0.481771171092987,0.1221586540341377,0.0797348916530609,0.4640718996524811,0.4872354567050934,-0.0848409458994865,0.2059473246335983,0.4665383994579315,0.4879559576511383,0.1150793209671974,0.0790577232837677,0.4775485694408417,0.6447452902793884,-0.0542722381651401,0.9998925924301147,0.4768119156360626,0.610619306564331,0.0542377270758152,0.9999159574508668,0.4165737926959991,0.6502504944801331,-0.0738088935613632,0.790918231010437,0.4255535304546356,0.5948226451873779,0.0921366959810257,0.1323677152395248,0.4228278696537018,0.7355139255523682,0.0054441327229142,0.722011387348175,0.4273976385593414,0.6902605295181274,0.1970813125371933,0.1636752635240554,0.4310027360916137,0.748372495174408,0.0140499109402298,0.5532520413398743,0.4328666925430298,0.7072783708572388,0.208446979522705,0.2314910292625427,0.39692023396492,0.7603217363357544,0.0101906722411513,0.720257043838501,0.4049801230430603,0.6912410259246826,0.2240379005670547,0.1908448636531829
0.4673861861228943,0.4783915281295776,-0.0790480747818946,0.999874472618103,0.4690394699573517,0.471561849117279,-0.0953442528843879,0.9999050498008728,0.4700682461261749,0.4717309176921844,-0.0954480096697807,0.9998959302902222,0.4710318148136139,0.4719218611717224,-0.0954252332448959,0.999927818775177,0.4686325788497925,0.4707830250263214,-0.0761836543679237,0.9999151825904846,0.4694430530071258,0.470273494720459,-0.0763234794139862,0.999907910823822,0.4702836275100708,0.4696565270423889,-0.0764124765992164,0.9999427199363708,0.479262501001358,0.4731928408145904,-0.1391320526599884,0.9999454021453856,0.4793725907802582,0.4704458713531494,-0.0523550175130367,0.999897301197052,0.471507579088211,0.4882506728172302,-0.0910520032048225,0.9998513460159302,0.471080332994461,0.4875461757183075,-0.0666753426194191,0.9997607469558716,0.4896990358829498,0.5302162170410156,-0.1607349514961242,0.9999295473098756,0.4972643256187439,0.5092373490333557,0.0113708628341555,0.999902606010437,0.4536148607730865,0.5781480073928833,-0.1631065905094146,0.5788119435310364,0.4785216450691223,0.5455207228660583,0.0856934934854507,0.0116853173822164,0.4576976597309112,0.4994032680988312,-0.0885856449604034,0.3109013140201568,0.4642860293388366,0.5007790327072144,0.1258200854063034,0.0642958730459213,0.4562171697616577,0.4806050658226013,-0.0883389934897422,0.3094479739665985,0.4620296359062195,0.4844929575920105,0.1368118077516555,0.0732493922114372,0.4618094563484192,0.4804652035236358,-0.0855608209967613,0.2892391383647918,0.4647582769393921,0.4830717444419861,0.1303037256002426,0.0734625682234764,0.4631238579750061,0.4871918261051178,-0.0846504792571067,0.2035936564207077,0.4661595225334167,0.4894431829452514,0.1228987723588943,0.0731434524059295,0.4770814180374145,0.6447679400444031,-0.0546370297670364,0.9998878836631776,0.4769600927829742,0.6106581091880798,0.0546028651297092,0.9999125599861144,0.4165597558021545,0.6501283645629883,-0.0739394128322601,0.791547954082489,0.425829142332077,0.59494948387146,0.092416763305664,0.1306952536106109,0.4228430688381195,0.7356534600257874,0.0064178695902228,0.7192192077636719,0.4274024963378906,0.689213752746582,0.1964585185050964,0.1596041470766067,0.4310155808925628,0.7486259341239929,0.0152445174753665,0.5461490750312805,0.4328711628913879,0.7060614228248596,0.2077531665563583,0.2272954881191253,0.3969597518444061,0.7603371739387512,0.0125964172184467,0.7161137461662292,0.4052604138851166,0.691138744354248,0.2231285125017166,0.1860381215810775
0.4673791825771332,0.4781503081321716,-0.0779225006699562,0.999874472618103,0.4690436422824859,0.4709817469120025,-0.0942824035882949,0.9999056458473206,0.470071941614151,0.4710745513439178,-0.0943883806467056,0.9998966455459596,0.4710321426391601,0.471204400062561,-0.0943688079714775,0.9999282956123352,0.4686377942562103,0.4703867733478546,-0.07516460865736,0.999916136264801,0.4694572687149048,0.4699377417564392,-0.0753035396337509,0.9999081492424012,0.4703096151351928,0.4694144129753113,-0.0753940790891647,0.9999428391456604,0.4792415499687195,0.4725030958652496,-0.138276070356369,0.9999459981918336,0.4793758988380432,0.4703758955001831,-0.0515995621681213,0.9999003410339355,0.4715052545070648,0.4881221652030945,-0.0899840965867042,0.9998506307601928,0.4710834622383117,0.4874577820301056,-0.0656650140881538,0.9997589588165284,0.4895862340927124,0.5302703380584717,-0.1604511886835098,0.9999268651008606,0.4971486628055572,0.5099027156829834,0.0119700627401471,0.9998985528945924,0.4535349011421203,0.5780842304229736,-0.1599051207304,0.5697352290153503,0.4789461195468902,0.5548775792121887,0.0882671400904655,0.0107921231538057,0.4565421640872955,0.4997841715812683,-0.0795347988605499,0.3029595017433166,0.4640572667121887,0.516425371170044,0.1313980966806411,0.0584246702492237,0.4553534090518951,0.4810606837272644,-0.0793115049600601,0.3023803532123565,0.4632293581962585,0.5142921209335327,0.1429770141839981,0.0670524835586547,0.4604105949401855,0.4807514250278473,-0.0762649774551391,0.2823903262615204,0.4645788073539734,0.4935653209686279,0.1359758526086807,0.0671478435397148,0.4613937139511108,0.4875246882438659,-0.0753580331802368,0.1975806206464767,0.4656109809875488,0.4977414309978485,0.1284038871526718,0.0670678615570068,0.4767948687076568,0.6452410817146301,-0.0549252294003963,0.999883770942688,0.4768908619880676,0.6114392876625061,0.05488957837224,0.9999089241027832,0.4165495038032532,0.6498512029647827,-0.072735883295536,0.7914651036262512,0.4259973168373108,0.5948297381401062,0.1027715355157852,0.1267053484916687,0.4228396117687225,0.7357127666473389,0.0142365787178277,0.7101516127586365,0.4293312132358551,0.6885128021240234,0.2122046500444412,0.1516970992088318,0.4310223162174225,0.7488167881965637,0.0239361282438039,0.5332730412483215,0.4348585903644562,0.7055408954620361,0.2242225557565689,0.2180037051439285,0.3969124555587768,0.7603413462638855,0.0246601030230522,0.7042012810707092,0.4109317064285278,0.6899245381355286,0.2427359372377395,0.1764939427375793
0.4673594534397125,0.4773194491863251,-0.0862043723464012,0.999882698059082,0.4690516293048858,0.4695664048194885,-0.1026556566357612,0.9999122619628906,0.4700766801834106,0.4696559309959411,-0.1027625799179077,0.9999037981033324,0.4710345864295959,0.4697690308094024,-0.1027575358748436,0.9999332427978516,0.4686452746391296,0.4690777361392975,-0.0835110023617744,0.9999220967292786,0.4694634079933166,0.4687197804450989,-0.0836445018649101,0.9999144077301024,0.4703121185302734,0.4683192074298858,-0.0837310850620269,0.999946653842926,0.47926726937294,0.4713347554206848,-0.1444979012012481,0.9999498128890992,0.4793792366981506,0.4698275029659271,-0.0578799098730087,0.999907374382019,0.4715048670768738,0.4872826933860779,-0.0973856747150421,0.9998596906661988,0.4710847735404968,0.4867222607135772,-0.0731127560138702,0.999772846698761,0.4894766807556152,0.5302289724349976,-0.1652251183986663,0.9999307990074158,0.4970026612281799,0.5099280476570129,0.0076246461831033,0.9999018907546996,0.4535448849201202,0.5781484842300415,-0.1599131375551223,0.5855755805969238,0.4827684164047241,0.5669382214546204,0.0757083967328071,0.0099887838587164,0.4551323354244232,0.5002927780151367,-0.0741395428776741,0.3141904473304748,0.4692889451980591,0.5576068162918091,0.1021931990981102,0.052908569574356,0.4538564682006836,0.4820573031902313,-0.0737527310848236,0.3097404539585113,0.4670041799545288,0.5551683902740479,0.1111355572938919,0.0609703101217746,0.4588827192783355,0.480894923210144,-0.0707216188311576,0.2892147898674011,0.4653243124485016,0.5495910048484802,0.103105716407299,0.0610069818794727,0.4598201811313629,0.487552285194397,-0.069744199514389,0.2012086063623428,0.4664039611816406,0.5511424541473389,0.0984599143266677,0.0610747709870338,0.4767366051673889,0.6455128788948059,-0.0550568923354148,0.9998888969421388,0.4769352376461029,0.6116641759872437,0.0550242140889167,0.9999120831489564,0.4165359139442444,0.6495257019996643,-0.073096178472042,0.8029622435569763,0.4260326623916626,0.5946431756019592,0.1047920137643814,0.1257404386997223,0.4228599667549133,0.7357803583145142,0.0167503859847784,0.7151689529418945,0.4299806654453277,0.6867123246192932,0.2168108373880386,0.1464419513940811,0.4312855005264282,0.7488692998886108,0.026899455115199,0.5356760621070862,0.4356907308101654,0.7028613090515137,0.2289633452892303,0.2118386328220367,0.3969063758850097,0.7603421807289124,0.028514826670289,0.707636833190918,0.4106464385986328,0.6887536644935608,0.2470080405473709,0.1707044839859008
0.4667936861515045,0.4760821163654327,-0.0987594202160835,0.99989253282547,0.468691349029541,0.4679273068904876,-0.1160761564970016,0.9999196529388428,0.4697166085243225,0.4679189920425415,-0.1161908954381942,0.999911904335022,0.4706659615039825,0.4679154455661773,-0.1162105947732925,0.9999389052391052,0.4683188199996948,0.4675930738449096,-0.0958080142736435,0.9999287128448486,0.4690973162651062,0.4672500193119049,-0.0959367826581001,0.9999216198921204,0.4699150323867798,0.4668886065483093,-0.0960223451256752,0.9999511241912842,0.4792649447917938,0.4700549244880676,-0.1569283902645111,0.9999541640281676,0.4792426228523254,0.4690690636634826,-0.0655326917767524,0.9999143481254578,0.4707850515842438,0.4857793152332306,-0.1095015630125999,0.9998717308044434,0.4703056514263153,0.4851590096950531,-0.0837825685739517,0.9997915625572203,0.4894341826438904,0.530084490776062,-0.1773740351200103,0.9999371767044068,0.4966013729572296,0.510712206363678,0.0005793407326564,0.9999090433120728,0.4535664319992065,0.5782057642936707,-0.1661725789308548,0.6234780550003052,0.4825899302959442,0.5770036578178406,0.0165272671729326,0.0094189932569861,0.4540372192859649,0.5022217631340027,-0.0745139867067337,0.3642641305923462,0.4712359309196472,0.5809218287467957,-0.0323688983917236,0.0479665137827396,0.4528350830078125,0.4838798344135284,-0.0780023261904716,0.3525434136390686,0.4692308008670807,0.5814564228057861,-0.0355474166572093,0.0555591098964214,0.4576440751552582,0.4818151891231537,-0.0740881487727165,0.3306573629379272,0.4674325883388519,0.5761343240737915,-0.0427609682083129,0.0555229447782039,0.4584820568561554,0.4883590638637543,-0.0709998980164527,0.2350305467844009,0.4684467911720276,0.5762847661972046,-0.0377766713500022,0.0557190254330635,0.4768469631671905,0.6460408568382263,-0.0573691390454769,0.9998984336853028,0.4768668413162231,0.6129629611968994,0.0573364347219467,0.999919056892395,0.4163927435874939,0.6492435932159424,-0.0751418620347976,0.8209848999977112,0.426028311252594,0.5945623517036438,0.1155544072389602,0.130774974822998,0.4228116869926452,0.7359233498573303,0.0151080451905727,0.7375147938728333,0.4283846914768219,0.6866011023521423,0.2279725819826126,0.1546783000230789,0.431273490190506,0.7489105463027954,0.0248850677162408,0.5645326375961304,0.4345006644725799,0.702997088432312,0.2396237403154373,0.2232247143983841,0.3968165218830108,0.7605392932891846,0.0247048642486333,0.7288312315940857,0.4063996374607086,0.6892605423927307,0.2545013129711151,0.1806373745203018
0.4664693176746368,0.475507378578186,-0.0862848237156868,0.9998993277549744,0.4685489535331726,0.4670732617378235,-0.1037870869040489,0.9999250173568726,0.4696138501167297,0.4669535756111145,-0.10391116887331,0.9999179244041444,0.4705991446971893,0.466852068901062,-0.1039170548319816,0.9999430775642396,0.468107670545578,0.4668085873126983,-0.0827549695968627,0.9999334812164308,0.4688461124897003,0.4664178490638733,-0.0828919857740402,0.9999266266822816,0.4696415960788727,0.4660050570964813,-0.0829818919301033,0.9999541640281676,0.4792715013027191,0.4691771864891052,-0.1503590643405914,0.9999576807022096,0.4792058169841766,0.4685387015342712,-0.0551352463662624,0.9999205470085144,0.4703660607337951,0.4849289059638977,-0.0990262553095817,0.9998806118965148,0.4698498845100403,0.4845105111598968,-0.0723295360803604,0.9998050928115844,0.4894145131111145,0.5299962162971497,-0.1744468659162521,0.999940812587738,0.4955416023731231,0.5109859108924866,0.014544028788805,0.999912440776825,0.4535389244556427,0.5782379508018494,-0.162605732679367,0.6318153738975525,0.4795253574848175,0.5720328092575073,0.0882581248879432,0.0088480878621339,0.453488290309906,0.5032706260681152,-0.0685380175709724,0.3729316890239715,0.4659877717494964,0.5630979537963867,0.1243844032287597,0.0438793860375881,0.4520117044448852,0.4849588572978973,-0.0677958950400352,0.3587789535522461,0.4668121635913849,0.545685350894928,0.1357835233211517,0.0514423884451389,0.4570181667804718,0.482236236333847,-0.0638051256537437,0.3358757793903351,0.463638424873352,0.5403528809547424,0.1292767524719238,0.0512650199234485,0.4578933417797088,0.4890068769454956,-0.0636800155043602,0.2374520599842071,0.4648985862731933,0.5460547804832458,0.1214526668190956,0.0516840815544128,0.4770994186401367,0.6480963826179504,-0.0583954825997352,0.999900758266449,0.4768185615539551,0.614543080329895,0.0583651028573513,0.99992036819458,0.416204422712326,0.6492183208465576,-0.0749439001083374,0.8278508186340332,0.4258913993835449,0.594462513923645,0.11349868029356,0.1309830397367477,0.4227655529975891,0.7361549139022827,0.0198037810623645,0.7366088628768921,0.4277485609054565,0.6865799427032471,0.2245703190565109,0.1538278311491012,0.4312724769115448,0.7490857839584351,0.0303712897002697,0.5583773255348206,0.4335346817970276,0.7034569978713989,0.2364805787801742,0.2216883599758148,0.3967566192150116,0.7605666518211365,0.0320685356855392,0.7298488616943359,0.4050156474113464,0.689331591129303,0.2536470293998718,0.1805979460477829
0.4661388099193573,0.4735328257083893,-0.085895262658596,0.9999051690101624,0.4684323966503143,0.465209811925888,-0.1031413003802299,0.9999295473098756,0.4695008099079132,0.4651968777179718,-0.1032600626349449,0.9999229907989502,0.4704746901988983,0.465208500623703,-0.1032608076930046,0.999946653842926,0.4679680168628692,0.4650002419948578,-0.082657404243946,0.9999375343322754,0.4686892628669739,0.4647419154644012,-0.0827924311161041,0.9999308586120604,0.4694686233997345,0.4644635021686554,-0.0828817933797836,0.9999567866325378,0.4792728126049042,0.4681409001350403,-0.1486119329929351,0.9999605417251588,0.479168027639389,0.4676272571086883,-0.0549419894814491,0.9999259114265442,0.4699538052082062,0.4827180504798889,-0.098386712372303,0.9998887181282043,0.4694084525108337,0.4825086891651153,-0.0722561404109001,0.9998175501823424,0.4895300269126892,0.5297965407371521,-0.171780914068222,0.9999436736106871,0.4947315454483032,0.5109847187995911,0.015737010166049,0.9999159574508668,0.4535346627235412,0.5785958170890808,-0.1641363948583603,0.636172890663147,0.4778080880641937,0.5702517628669739,0.0953964218497276,0.0083532975986599,0.4525506198406219,0.5051141381263733,-0.0692188516259193,0.3776289820671081,0.4621774554252624,0.537460207939148,0.1328427642583847,0.0404836162924766,0.4504343569278717,0.4864604771137237,-0.0681112930178642,0.3616544902324676,0.4604617953300476,0.5177434682846069,0.144187793135643,0.048274926841259,0.4558262228965759,0.4830233454704284,-0.0660256892442703,0.3377031087875366,0.4604395627975464,0.5239176750183105,0.1369922459125518,0.0479023642838001,0.4569625854492187,0.4900446534156799,-0.0650344267487526,0.2367547899484634,0.4625203311443329,0.5219641923904419,0.1296378225088119,0.0485508628189563,0.4778497815132141,0.6486976146697998,-0.0591154210269451,0.9999011158943176,0.4767862558364868,0.614642322063446,0.0590836554765701,0.9999207854270936,0.4160767793655395,0.6492125391960144,-0.0740155726671218,0.8290446996688843,0.4257521629333496,0.594351053237915,0.1113623157143592,0.1296876966953277,0.4227641522884369,0.7362263798713684,0.0225281249731779,0.7286161780357361,0.4271580874919891,0.6883885860443115,0.2229974865913391,0.1509205996990203,0.431215226650238,0.7493020296096802,0.0330497100949287,0.5460276007652283,0.4328359067440033,0.6953800916671753,0.2350310981273651,0.217910811305046,0.3967556357383728,0.7604756951332092,0.0339315943419933,0.7242658734321594,0.4041532278060913,0.6905702352523804,0.2515550851821899,0.1780470460653305
0.4654675424098968,0.4722687304019928,-0.0860239341855049,0.9999096393585204,0.4681289792060852,0.4639655649662018,-0.1033101603388786,0.9999330639839172,0.4692184031009674,0.4639411270618438,-0.1034277826547622,0.9999269247055054,0.4702269732952118,0.4639497697353363,-0.1034247204661369,0.9999495148658752,0.4676218032836914,0.4637773036956787,-0.0826642587780952,0.9999406933784484,0.4683375060558319,0.4635066092014313,-0.0828007012605667,0.9999340176582336,0.4691391587257385,0.4632017910480499,-0.0828909203410148,0.9999588131904602,0.4792284369468689,0.4672629535198211,-0.1493974477052688,0.9999629855155944,0.4790295958518982,0.46671262383461,-0.0550610795617103,0.9999300241470336,0.4690839052200317,0.4812544584274292,-0.098758652806282,0.9998953342437744,0.4685409963130951,0.4809727966785431,-0.0723730698227882,0.9998270869255066,0.4896793663501739,0.5296756029129028,-0.1735369563102722,0.9999462366104126,0.4941921234130859,0.5115078687667847,0.0157601814717054,0.9999181032180786,0.453543871641159,0.5788981914520264,-0.166132315993309,0.6391165256500244,0.4775927364826202,0.5694917440414429,0.0913996174931526,0.0078328512609004,0.4514705240726471,0.507104218006134,-0.0729735568165779,0.3758878707885742,0.4610359370708465,0.5364681482315063,0.1227020695805549,0.0370702594518661,0.4489217400550842,0.4888808727264404,-0.0723776444792747,0.3578347563743591,0.4607966244220733,0.5231088995933533,0.1330625116825103,0.0447314605116844,0.4545212686061859,0.4840588569641113,-0.0692298710346221,0.3330799639225006,0.4598040282726288,0.5214329361915588,0.1259633600711822,0.0442467853426933,0.4558578133583069,0.4912267029285431,-0.0684767737984657,0.2317188531160354,0.461254209280014,0.5224167704582214,0.1193305999040603,0.0450351983308792,0.4784868955612182,0.6496487855911255,-0.0603656806051731,0.999901533126831,0.4767903089523315,0.6155526041984558,0.0603315308690071,0.9999211430549622,0.41596719622612,0.6491228938102722,-0.0730739161372184,0.8303402662277222,0.425616592168808,0.5940949320793152,0.1157244965434074,0.1270549893379211,0.4227645695209503,0.7363815903663635,0.0229540430009365,0.7224045991897583,0.4268778264522552,0.6890041828155518,0.2283464074134826,0.1478200852870941,0.4311664402484894,0.7495349049568176,0.0333411730825901,0.5354062914848328,0.4324884414672851,0.7032157182693481,0.2404074072837829,0.2148007303476333,0.3967261910438537,0.7601932287216187,0.0334205888211727,0.7193332314491272,0.4039499163627624,0.6911827921867371,0.2567695677280426,0.1750659048557281
0.4652574956417084,0.4723321795463562,-0.0770601108670234,0.9999138712882996,0.4680003523826599,0.4640097618103027,-0.0941481366753578,0.99993634223938,0.4691500067710876,0.4638985693454742,-0.0942605435848236,0.999930500984192,0.4701927304267883,0.463831216096878,-0.0942466706037521,0.9999520182609558,0.4672839939594269,0.4638178050518036,-0.0731089189648628,0.999943733215332,0.4678856432437897,0.4634616076946258,-0.0732481032609939,0.9999370574951172,0.4685718715190887,0.4630555510520935,-0.0733374506235122,0.999960720539093,0.4792293608188629,0.4668174386024475,-0.1415266692638397,0.9999650716781616,0.4788021445274353,0.4663957059383392,-0.0460018329322338,0.9999341368675232,0.4688867628574371,0.4813001155853271,-0.0904044583439827,0.9999010562896729,0.4681240022182464,0.4810096025466919,-0.0636212453246116,0.999835968017578,0.4898964762687683,0.529620885848999,-0.1685579121112823,0.9999476075172424,0.4930548369884491,0.5121152400970459,0.0257762987166643,0.9999204277992249,0.4536121785640716,0.579367458820343,-0.1616933941841125,0.6381463408470154,0.4770287573337555,0.5684651732444763,0.1111608073115348,0.0073867235332727,0.4500027596950531,0.5084378123283386,-0.0671445056796073,0.3734210729598999,0.4602832496166229,0.5350306630134583,0.1550510972738266,0.0343632698059082,0.4466648697853088,0.490427702665329,-0.0655803456902504,0.3537346422672272,0.4603104293346405,0.5233975648880005,0.1679240763187408,0.0422530807554721,0.4523902833461761,0.4846675097942352,-0.0608136653900146,0.3283844292163849,0.4586681723594665,0.5201978087425232,0.1612247824668884,0.0415992587804794,0.4538851678371429,0.49141725897789,-0.0616139397025108,0.2269461750984192,0.4595997631549835,0.5180609226226807,0.1522299647331237,0.0425947569310665,0.4783522188663482,0.6472017765045166,-0.060978215187788,0.9998959898948668,0.476770281791687,0.6158172488212585,0.0609433241188526,0.9999175667762756,0.415967047214508,0.6487070322036743,-0.0734499618411064,0.82370924949646,0.4256720244884491,0.5927872657775879,0.1125246733427047,0.1230892091989517,0.4227629601955414,0.7363898158073425,0.0217825882136821,0.7043396830558777,0.4268908202648163,0.6883643865585327,0.2273876518011093,0.1416250467300415,0.4311242401599884,0.749776303768158,0.031501717865467,0.5157992243766785,0.432510644197464,0.6901926398277283,0.2400185465812683,0.207646757364273,0.3966452777385711,0.7599917054176331,0.0307243540883064,0.7038204669952393,0.4047471284866333,0.6907655596733093,0.2537915110588074,0.1684325337409973
0.4650062620639801,0.4707112610340118,-0.0722640082240104,0.999915599822998,0.467819333076477,0.462075412273407,-0.0888994708657264,0.9999371767044068,0.4689519703388214,0.4621383249759674,-0.089009866118431,0.999931573867798,0.4699854850769043,0.4622351825237274,-0.0889896526932716,0.9999529123306274,0.4671403467655182,0.4616141319274902,-0.0683258771896362,0.999944508075714,0.4677446186542511,0.4612529575824737,-0.0684670507907867,0.9999376535415648,0.4684450924396515,0.4608658850193023,-0.0685569569468498,0.9999611377716064,0.4791111946105957,0.4660411775112152,-0.1350406855344772,0.9999662041664124,0.4785929918289184,0.4654622077941894,-0.0418119467794895,0.9999361634254456,0.4681608974933624,0.4795329868793487,-0.0853298529982566,0.9999052286148072,0.4674658179283142,0.4792620539665222,-0.0591799356043338,0.9998416304588318,0.4900784790515899,0.5295536518096924,-0.1620771288871765,0.9999483227729796,0.4910894334316253,0.5120617151260376,0.0276369210332632,0.999920666217804,0.4539393782615661,0.5803970098495483,-0.1569852977991104,0.6450325846672058,0.471968799829483,0.559902548789978,0.1040865927934646,0.0072325938381254,0.4479184150695801,0.5097650289535522,-0.0665203109383583,0.375683844089508,0.4560809135437011,0.5161547064781189,0.1374499201774597,0.0326347462832927,0.4438384473323822,0.4909186959266662,-0.0653099939227104,0.3539324402809143,0.4522404372692108,0.496844470500946,0.1481434553861618,0.0413356013596057,0.4496895372867584,0.4846695363521576,-0.0602189749479293,0.327314168214798,0.4541333019733429,0.4872888624668121,0.1422965377569198,0.0403431728482246,0.4512543976306915,0.49141925573349,-0.0608589872717857,0.2246236652135849,0.4562759697437286,0.4965896010398865,0.1346094012260437,0.0416550859808921,0.4782739579677582,0.6476374268531799,-0.0604748055338859,0.999893844127655,0.4763991236686706,0.6154149770736694,0.0604397915303707,0.9999157786369324,0.4159302413463592,0.6486655473709106,-0.0703853070735931,0.8238623738288879,0.425673633813858,0.5926693677902222,0.1081922799348831,0.1247166246175766,0.4227895140647888,0.7363875508308411,0.0201994441449642,0.7057861685752869,0.4267778694629669,0.6863694787025452,0.2208922952413559,0.1435833424329757,0.4311349987983703,0.7498241662979126,0.0298652704805135,0.5131639242172241,0.432169109582901,0.6872273683547974,0.2334574609994888,0.2111171782016754,0.3966437876224518,0.7598381042480469,0.0292819812893867,0.7058049440383911,0.4049467146396637,0.6902392506599426,0.2470432221889495,0.1715559512376785
0.4649404883384704,0.4692307412624359,-0.0722914487123489,0.9999176859855652,0.467781662940979,0.4606693983078003,-0.0887462422251701,0.9999379515647888,0.4689095616340637,0.4608366787433624,-0.0888568460941314,0.9999327063560486,0.4699417650699615,0.4610588848590851,-0.0888380482792854,0.9999538660049438,0.4671321511268616,0.4600416123867035,-0.0680425241589546,0.9999451637268066,0.4677559435367584,0.4596621394157409,-0.0681850463151931,0.9999382495880128,0.4684765040874481,0.4592809975147247,-0.0682771205902099,0.9999616146087646,0.4790040850639343,0.4650897979736328,-0.1340928673744201,0.999967396259308,0.4785573184490204,0.4643539488315582,-0.0401980057358741,0.9999379515647888,0.468088150024414,0.4783889353275299,-0.0851443782448768,0.9999101161956788,0.4674087464809418,0.4779415428638458,-0.0588333345949649,0.9998486042022704,0.4905094802379608,0.5295347571372986,-0.161460742354393,0.9999499917030334,0.4891538918018341,0.5120397210121155,0.0310153104364871,0.9999226331710817,0.4541522860527038,0.5823147296905518,-0.1557519137859344,0.656301736831665,0.4632315337657928,0.5540461540222168,0.1045719906687736,0.0073999618180096,0.4462761580944061,0.513128936290741,-0.0652782097458839,0.3839288353919983,0.4518427848815918,0.5138046741485596,0.1308789551258087,0.0314951427280902,0.4413436651229858,0.4943725168704986,-0.064429871737957,0.3585382997989654,0.4467141926288605,0.4945442378520965,0.1405310183763504,0.0411632284522056,0.4471530616283417,0.486623466014862,-0.0592832751572132,0.3306159377098083,0.450508564710617,0.4872860312461853,0.1349094063043594,0.0397806279361248,0.4489186108112335,0.4932396113872528,-0.0594914518296718,0.2255964279174804,0.452739804983139,0.4950678944587707,0.1279803961515426,0.0413858033716678,0.4782310128211975,0.6450113654136658,-0.0609793737530708,0.9998912215232848,0.4759550988674164,0.6152272820472717,0.0609436109662056,0.999914050102234,0.4157101809978485,0.6485701203346252,-0.0695782378315925,0.8235378861427307,0.4255743026733398,0.592673659324646,0.110220082104206,0.1250063776969909,0.422785222530365,0.7364141345024109,0.0195336602628231,0.7053970098495483,0.4261792302131653,0.6850287914276123,0.2201722711324691,0.1448251008987426,0.4311240613460541,0.7499549388885498,0.0291277840733528,0.5081214904785156,0.4315250515937805,0.6868983507156372,0.2321491241455078,0.2135779857635498,0.3966189622879028,0.7597087025642395,0.0276836641132831,0.7073034048080444,0.4040201902389526,0.6901189684867859,0.2462780624628067,0.1746548116207122
0.4648998379707336,0.4673345386981964,-0.0737019851803779,0.999914288520813,0.467755526304245,0.4595350325107574,-0.09000726044178,0.9999337792396544,0.4688720405101776,0.4598428010940552,-0.0901194736361503,0.9999288320541382,0.4698902666568756,0.4602600336074829,-0.0901008546352386,0.999951422214508,0.4671301245689392,0.4587078988552093,-0.0694528296589851,0.9999415278434752,0.4677707254886627,0.4582898020744324,-0.0695965141057968,0.9999342560768129,0.4685029685497284,0.4579023718833923,-0.0696908980607986,0.9999592900276184,0.4787645041942596,0.4646295309066772,-0.1349822133779525,0.99996680021286,0.4784955680370331,0.4636056125164032,-0.0417920090258121,0.9999367594718932,0.4679984748363495,0.4772369265556335,-0.0864771902561187,0.9999120235443116,0.4672896564006805,0.4765219092369079,-0.060360662639141,0.9998507499694824,0.4906960427761078,0.5295262336730957,-0.1619020253419876,0.9999495148658752,0.4868682622909546,0.5117952227592468,0.0291314665228128,0.9999229311943054,0.4546851217746734,0.5846595168113708,-0.1567274928092956,0.6651334762573242,0.4587141573429107,0.5476440787315369,0.1032194644212722,0.0080040590837597,0.4445491433143616,0.5159934759140015,-0.0678258761763572,0.3895094990730285,0.4479302167892456,0.5091628432273865,0.1293845921754837,0.0320906415581703,0.4385907053947449,0.4986852705478668,-0.0670274272561073,0.3613838851451874,0.4416122734546661,0.4910357296466827,0.1387445777654647,0.0436459928750991,0.4447950422763824,0.4897361993789673,-0.0624274350702762,0.3321318328380584,0.4471625089645386,0.4825037121772766,0.1332143396139145,0.0416058227419853,0.446904182434082,0.4958792328834533,-0.0623793117702007,0.2250382155179977,0.4496278464794159,0.4910362660884857,0.1265145987272262,0.0436215884983539,0.4781858026981354,0.6430558562278748,-0.0608223229646682,0.999886155128479,0.4753834009170532,0.6148077249526978,0.0607874616980552,0.9999110102653505,0.4156059920787811,0.6485723853111267,-0.0684291869401931,0.8230416774749756,0.4253682494163513,0.5926259160041809,0.1101272404193878,0.1274177879095077,0.4227826297283172,0.7365415096282959,0.0190583784133195,0.7079189419746399,0.4260831475257873,0.6844831705093384,0.2196961790323257,0.1488977819681167,0.43112713098526,0.7500510811805725,0.0285870172083377,0.5064135193824768,0.4314090609550476,0.6878752708435059,0.2316646426916122,0.2192736119031906,0.3965705633163452,0.7596920728683472,0.0243242587894201,0.7103617191314697,0.4035431444644928,0.6901343464851379,0.243745356798172,0.180368572473526
0.4649233520030975,0.4668772518634796,-0.0783205181360244,0.9999144673347472,0.4677587151527405,0.459242969751358,-0.0939472988247871,0.999932825565338,0.4688593447208404,0.4596340358257293,-0.0940537899732589,0.999928057193756,0.4698657989501953,0.4601490199565887,-0.0940247327089309,0.999950647354126,0.4671419560909271,0.458255410194397,-0.0737320855259895,0.9999410510063172,0.4677872657775879,0.4578329026699066,-0.0738788917660713,0.9999340772628784,0.4685240387916565,0.457453191280365,-0.0739766284823417,0.9999591708183287,0.4784104228019714,0.4647231996059418,-0.1365128010511398,0.9999669790267944,0.4782742857933044,0.4635700285434723,-0.0449873991310596,0.9999382495880128,0.4680774807929992,0.4771513342857361,-0.0904672965407371,0.9999148845672609,0.4673766791820526,0.4762886464595794,-0.0648444220423698,0.9998558163642884,0.490707129240036,0.5293712019920349,-0.1625030487775802,0.9999479651451112,0.4863808751106262,0.5086540579795837,0.0273479055613279,0.9999240040779114,0.4554081857204437,0.5875188112258911,-0.1583545356988906,0.675550639629364,0.4589288532733917,0.5406724214553833,0.0981370285153389,0.0089193498715758,0.4437558352947235,0.5181043148040771,-0.0727418586611747,0.3958393633365631,0.4457007050514221,0.50678950548172,0.1163743883371353,0.0339871197938919,0.4360895156860351,0.5029062628746033,-0.0723424181342125,0.3654331862926483,0.4385966360569,0.4925585687160492,0.1246639862656593,0.0480115935206413,0.4425879418849945,0.4918530583381653,-0.067063070833683,0.3347791731357574,0.4448407292366028,0.4821833968162536,0.1195369735360145,0.0450990796089172,0.445167988538742,0.496738851070404,-0.066997654736042,0.2256722301244735,0.4475685060024261,0.4885774254798889,0.1135800927877426,0.0476536825299263,0.4780133664608001,0.6401087045669556,-0.0606994666159153,0.999882996082306,0.4753884673118591,0.6112756133079529,0.0606684461236,0.9999099969863892,0.4156054556369781,0.6485658884048462,-0.0688736513257026,0.8321676254272461,0.425303965806961,0.5926324129104614,0.0986867100000381,0.1431834697723388,0.4227922260761261,0.7364845275878906,0.0171455051749944,0.7239575982093811,0.4267365038394928,0.6740571856498718,0.2022579461336136,0.1672926545143127,0.4311560094356537,0.7500389814376831,0.0261913705617189,0.5233941078186035,0.4317274987697601,0.6870439052581787,0.2134500443935394,0.2392085194587707,0.3965694606304168,0.7595951557159424,0.0199335124343633,0.7248913645744324,0.4036805927753448,0.6899287104606628,0.225225031375885,0.2003524452447891
0.4649167954921722,0.4660980999469757,-0.0873299315571785,0.9999154210090636,0.4677143692970276,0.4586445391178131,-0.1032461300492286,0.9999326467514038,0.4687601029872894,0.4591207206249237,-0.1033558100461959,0.999928057193756,0.4697244763374328,0.459751695394516,-0.1033291071653366,0.9999505877494812,0.4671424031257629,0.4575505256652832,-0.0827603191137313,0.9999410510063172,0.4677944481372833,0.4571650326251983,-0.0829070806503295,0.9999344348907472,0.4685322642326355,0.4568564891815185,-0.0830016881227493,0.9999594688415528,0.4780329763889313,0.4648191332817077,-0.1468761712312698,0.9999674558639526,0.4781023561954498,0.4636241197586059,-0.0539724938571453,0.9999398589134216,0.467839628458023,0.4764423370361328,-0.0997978523373603,0.9999189376831056,0.467221587896347,0.4755730628967285,-0.0737539678812027,0.999862551689148,0.4904409348964691,0.5295273065567017,-0.1699783354997635,0.9999477863311768,0.4861433804035187,0.5069769024848938,0.0186025518923997,0.9999268054962158,0.4555523693561554,0.5904528498649597,-0.1653603613376617,0.690509557723999,0.4588206112384796,0.5386132597923279,0.0899722725152969,0.0104889720678329,0.4412097632884979,0.5210071206092834,-0.0837428793311119,0.4122579991817474,0.4437827467918396,0.5049691796302795,0.1093558818101883,0.0391798131167888,0.4338871836662292,0.5052207112312317,-0.0846262946724891,0.3787790536880493,0.4367877244949341,0.4894706904888153,0.1176115423440933,0.0569438375532627,0.4400964379310608,0.4950559735298157,-0.0794642642140388,0.3463793992996216,0.4428334534168243,0.4808025658130646,0.1114164665341377,0.0527582988142967,0.4426765739917755,0.4994576275348663,-0.0782103240489959,0.2326249033212661,0.4453929960727691,0.4869647026062011,0.1061795130372047,0.0558831505477428,0.4779951870441437,0.6384421586990356,-0.0605427809059619,0.9998797178268432,0.4753771424293518,0.6084826588630676,0.0605113580822944,0.999908685684204,0.4155686199665069,0.6485664248466492,-0.0722269937396049,0.8406151533126831,0.4252368509769439,0.5926150679588318,0.1003471091389656,0.1529464870691299,0.4227938055992126,0.7364944219589233,0.011012839153409,0.737095296382904,0.4265627562999725,0.6718558073043823,0.2062955200672149,0.1791430413722992,0.4311871230602264,0.7500326633453369,0.0197640266269445,0.537298321723938,0.4317559599876404,0.6871094107627869,0.2176822870969772,0.2520845234394073,0.3965837061405182,0.7595862746238708,0.0125512238591909,0.7369741797447205,0.4036480784416199,0.6899517178535461,0.2313326746225357,0.2143863886594772
0.4649774730205536,0.4646851718425751,-0.0881645828485488,0.9999203085899352,0.467926949262619,0.4578766226768493,-0.1037210151553154,0.9999359846115112,0.4689593017101288,0.4584445655345917,-0.1038290411233902,0.9999317526817322,0.4699712693691253,0.4591993391513824,-0.1038027629256248,0.999953031539917,0.4673659205436706,0.4566736221313476,-0.0833219587802887,0.9999441504478456,0.4679618775844574,0.4563494026660919,-0.0834680795669555,0.9999381303787231,0.4686590135097503,0.4561366438865661,-0.0835567489266395,0.9999617338180542,0.4780279994010925,0.4649169445037842,-0.1460489183664322,0.999969244003296,0.4781076312065124,0.4637116193771362,-0.0535847544670105,0.9999436140060424,0.4678760766983032,0.4751765429973602,-0.1000661328434944,0.9999247789382936,0.4672581255435943,0.4742085337638855,-0.074147380888462,0.9998725652694702,0.4903568029403686,0.5300784707069397,-0.1691359132528305,0.9999493360519408,0.4857839345932007,0.505753219127655,0.0186258275061845,0.9999310970306396,0.4557484686374664,0.5920143723487854,-0.1645077913999557,0.7127540111541748,0.4588242471218109,0.5363724231719971,0.0900160744786262,0.0143435979261994,0.4392170906066894,0.5247374773025513,-0.083622895181179,0.4466958045959472,0.4416997134685516,0.5029879808425903,0.1063822954893112,0.057021927088499,0.4317084848880768,0.511195719242096,-0.0848029479384422,0.4103511869907379,0.4342823028564453,0.4915487170219421,0.1140356585383415,0.0820580050349235,0.4364415407180786,0.4997133016586303,-0.0801907554268837,0.3773726224899292,0.4386698007583618,0.4829913079738617,0.1066819429397583,0.075804591178894,0.4391458332538605,0.5032651424407959,-0.0783505141735076,0.2579451501369476,0.4411932229995727,0.488306850194931,0.1026636287569999,0.0793434306979179,0.4779891967773437,0.6367754340171814,-0.0605186894536018,0.9998784065246582,0.4753739535808563,0.6067412495613098,0.0604889504611492,0.9999086260795592,0.4155369997024536,0.648465633392334,-0.0809207335114479,0.8519522547721863,0.425160676240921,0.5924065113067627,0.089643009006977,0.1754019260406494,0.4228314161300659,0.736498236656189,-0.0024049074854701,0.7540149688720703,0.426327496767044,0.6727197766304016,0.1915683299303054,0.201554924249649,0.431213766336441,0.7500095963478088,0.0057413568720221,0.5587553977966309,0.4313608407974243,0.687146782875061,0.2023822665214538,0.2733030021190643,0.3965316414833069,0.7596021890640259,-0.0026252453681081,0.7533846497535706,0.4035282731056213,0.6897270083427429,0.2130597084760666,0.2402739524841308
0.4649923145771026,0.4646717309951782,-0.094550721347332,0.9999257922172546,0.4679557085037231,0.4576974511146545,-0.1096414700150489,0.999940037727356,0.4689876139163971,0.4582189321517944,-0.1097501069307327,0.9999361634254456,0.4700282216072082,0.4589409530162811,-0.1097211390733718,0.999955952167511,0.4673831760883331,0.4564580619335174,-0.0891311839222908,0.9999477863311768,0.4679659903049469,0.456064373254776,-0.0892746523022651,0.9999423623085022,0.468666672706604,0.4557689428329468,-0.089356817305088,0.9999643564224244,0.4778763055801391,0.4648747742176056,-0.1493089646100998,0.9999711513519288,0.4779729843139648,0.4636897444725036,-0.0563760325312614,0.9999475479125975,0.467897891998291,0.4749312102794647,-0.105502150952816,0.9999307990074158,0.4672611355781555,0.4739469885826111,-0.079433649778366,0.9998828172683716,0.4903545379638672,0.5313743352890015,-0.1704449951648712,0.9999516606330872,0.4852502644062042,0.5052712559700012,0.0186639297753572,0.99993634223938,0.4559323191642761,0.5950326323509216,-0.1658070832490921,0.7355440258979797,0.4594283699989319,0.5374248623847961,0.093064084649086,0.0246813558042049,0.4362440109252929,0.5326632857322693,-0.0922680720686912,0.4899517595767975,0.440711110830307,0.5028693079948425,0.1069984883069992,0.1169619113206863,0.4284590780735016,0.5192795991897583,-0.094774842262268,0.4523319005966186,0.4331138432025909,0.4927831590175628,0.1140742748975753,0.1469993442296981,0.4312587976455688,0.5094054937362671,-0.090580329298973,0.4203033447265625,0.4356056451797485,0.4846172332763672,0.1054336056113243,0.1394631415605545,0.434485524892807,0.5125795006752014,-0.087201252579689,0.2980521917343139,0.4381573498249054,0.4899687469005584,0.1028022691607475,0.1406564265489578,0.4779834747314453,0.6357998847961426,-0.0605066530406475,0.999868392944336,0.4753089845180511,0.6062902212142944,0.0604755468666553,0.999903917312622,0.4153293371200561,0.6481955647468567,-0.0820409134030342,0.8590437769889832,0.4247468113899231,0.5916147828102112,0.0876318737864494,0.1933856308460235,0.4228552281856537,0.7365230917930603,-0.0017150888452306,0.763355553150177,0.4256600141525268,0.6726428270339966,0.189377561211586,0.2136761844158172,0.4312275052070617,0.7500007152557373,0.0065231951884925,0.5682581663131714,0.4311486184597015,0.6874616742134094,0.2001212537288665,0.2839400768280029,0.3964497447013855,0.7596039772033691,-0.0021639089100062,0.7631644010543823,0.4034825265407562,0.6899756789207458,0.209427535533905,0.2560492157936096
0.4650054574012756,0.4644086360931396,-0.1006104797124862,0.9999312162399292,0.468023270368576,0.4574418663978576,-0.1154908165335655,0.9999440908432008,0.4690534472465515,0.4579661190509796,-0.1155984178185463,0.9999405145645142,0.4701207280158996,0.4586985409259796,-0.1155711039900779,0.9999589323997498,0.4674363434314728,0.4561388790607452,-0.0952481776475906,0.999951422214508,0.4679917097091675,0.4557202756404876,-0.0953917577862739,0.9999464750289916,0.4686697423458099,0.4553846716880798,-0.0954703092575073,0.9999669194221495,0.4777236580848694,0.4648874402046203,-0.1539642214775085,0.999972939491272,0.4778196513652801,0.4636758863925934,-0.0621934980154037,0.9999512434005736,0.4679203629493713,0.4745754599571228,-0.1111939847469329,0.9999364018440248,0.4672791063785553,0.4735894799232483,-0.0854695737361908,0.9998924136161804,0.4902690351009369,0.5326246619224548,-0.1732662469148636,0.9999541640281676,0.4850445389747619,0.5054032206535339,0.0155283417552709,0.9999414086341858,0.4559803605079651,0.5960657000541687,-0.168129950761795,0.7573370337486267,0.458912193775177,0.5354514718055725,0.0964202210307121,0.0371564850211143,0.4321042001247406,0.5364249348640442,-0.0985522642731666,0.5339722633361816,0.4389202892780304,0.504478931427002,0.112916812300682,0.1828740239143371,0.425142228603363,0.5243232250213623,-0.1017390117049217,0.4966332018375397,0.4306917190551758,0.4941985011100769,0.1201360151171684,0.2142977565526962,0.4268160760402679,0.5164090991020203,-0.097673587501049,0.4664492011070251,0.4319817721843719,0.4860896468162536,0.1074122488498687,0.2063307464122772,0.4295896291732788,0.5179978013038635,-0.0936150252819061,0.3450129926204681,0.4348044991493225,0.4916548132896423,0.1073429733514785,0.2054073363542556,0.4779673516750335,0.6353574395179749,-0.060435015708208,0.9998521208763124,0.4753123521804809,0.6055423021316528,0.0604017786681652,0.9998953938484192,0.4151879251003265,0.6478686332702637,-0.0807851552963256,0.8591729402542114,0.4246318638324737,0.5905365943908691,0.082704946398735,0.2004585266113281,0.4229083657264709,0.7365183234214783,-0.0073271794244647,0.7613444924354553,0.4256876409053802,0.675785481929779,0.1755979806184768,0.213529348373413,0.4313320219516754,0.7499011754989624,3.011001172126271e-05,0.5658909678459167,0.4311422705650329,0.6875633001327515,0.1854557543992996,0.2834669947624206,0.3964859545230865,0.7596026659011841,-0.0082271127030253,0.7641871571540833,0.4034675061702728,0.6901577115058899,0.1950250267982483,0.2597591578960418
0.4649820327758789,0.4644337296485901,-0.0978494808077812,0.9999358057975768,0.4680438041687011,0.4573468267917633,-0.1129264086484909,0.9999473094940186,0.469071477651596,0.4578571617603302,-0.1130322590470314,0.999944031238556,0.470156580209732,0.4585896134376526,-0.1130065023899078,0.9999613761901855,0.4674752950668335,0.4560638666152954,-0.0928836986422538,0.9999542236328124,0.4680250585079193,0.4556441605091095,-0.0930249765515327,0.9999496340751648,0.4686910212039947,0.4552860260009765,-0.0931027829647064,0.999968945980072,0.4777035117149353,0.4649215042591095,-0.1523075848817825,0.9999743700027466,0.4778164625167846,0.4636935591697693,-0.061312198638916,0.9999539852142334,0.4678025245666504,0.4745069742202759,-0.1086507961153984,0.9999414086341858,0.4672239124774933,0.4735546112060547,-0.0831798687577247,0.999900758266449,0.4900297224521637,0.5326953530311584,-0.1734324395656585,0.9999566078186036,0.48507821559906,0.5055935382843018,0.0158019252121448,0.9999457597732544,0.4566735327243805,0.5977383255958557,-0.1749887019395828,0.7778101563453674,0.4585055410861969,0.5354253053665161,0.1102377250790596,0.0463075265288353,0.4302131533622741,0.5436144471168518,-0.1170152053236961,0.5757561326026917,0.4351073801517486,0.5056665539741516,0.1402805894613266,0.2432853579521179,0.4220665395259857,0.5312743782997131,-0.122331865131855,0.5389847159385681,0.4272661209106445,0.4972269833087921,0.1500935703516006,0.2749790251255035,0.4238756000995636,0.5238684415817261,-0.1176424920558929,0.5109720826148987,0.4276488721370697,0.4933921098709106,0.1376165747642517,0.2668943703174591,0.4268619120121002,0.5254478454589844,-0.1121055856347084,0.3923444449901581,0.4303211867809295,0.4978434145450592,0.1351311206817627,0.264031171798706,0.4777837693691253,0.6360005736351013,-0.0603627376258373,0.9998228549957277,0.4752469658851623,0.6059297323226929,0.0603309646248817,0.9998776912689208,0.4150923490524292,0.6477990746498108,-0.0795576572418212,0.8421988487243652,0.4245129823684692,0.5904770493507385,0.0877952203154563,0.1950811147689819,0.4229022264480591,0.736736536026001,-0.0074551557190716,0.7309565544128418,0.4257021248340606,0.6807036995887756,0.1807093024253845,0.2013014853000641,0.4313350915908813,0.7499087452888489,-0.0002231574180768,0.5407280325889587,0.4311480820178985,0.6880376935005188,0.1900465786457061,0.2698451280593872,0.3964821696281433,0.7597096562385559,-0.008415381424129,0.7400830984115601,0.4034150242805481,0.6903084516525269,0.1993301212787628,0.2468769997358322
0.4649483561515808,0.4645046293735504,-0.096908301115036,0.9999410510063172,0.4680446088314056,0.4573255777359009,-0.1114316284656524,0.9999513626098632,0.4690717458724975,0.4578187465667724,-0.1115338504314422,0.9999484419822692,0.4701578021049499,0.4585298895835876,-0.1115084066987037,0.9999643564224244,0.4674784243106842,0.4560431838035583,-0.0919739231467247,0.9999576807022096,0.4680305123329162,0.4556079804897308,-0.0921136662364006,0.99995356798172,0.4686921238899231,0.4552075862884521,-0.0921923667192459,0.999971330165863,0.4777018129825592,0.4649523496627807,-0.1512754410505294,0.9999763369560242,0.4778108298778534,0.4637050628662109,-0.0600166507065296,0.99995756149292,0.4677415192127228,0.474557489156723,-0.1067846119403839,0.9999465942382812,0.4672020077705383,0.4736694395542145,-0.0819964259862899,0.9999093413352966,0.4900359511375427,0.532812774181366,-0.1696732491254806,0.9999594688415528,0.4853576719760895,0.5057367086410522,0.0160226561129093,0.9999498128890992,0.4583140313625335,0.6003657579421997,-0.1777112931013107,0.7987816333770752,0.4592545628547668,0.5352758169174194,0.1166224032640457,0.0669092610478401,0.4292907416820526,0.5500310063362122,-0.1372299492359161,0.6172073483467102,0.4336825013160705,0.5088301301002502,0.1526425778865814,0.3107621669769287,0.4194775521755218,0.5431029200553894,-0.1458087265491485,0.5832358002662659,0.4250521957874298,0.5027175545692444,0.1626705676317215,0.3401593267917633,0.4215111434459686,0.5300341844558716,-0.1411415636539459,0.5578941106796265,0.4254393577575683,0.5027767419815063,0.1494370251893997,0.3326571881771087,0.4248583614826202,0.530333936214447,-0.1329154372215271,0.4485572576522827,0.4284550249576568,0.5067905783653259,0.1473660618066787,0.328892707824707,0.4789329767227173,0.6439899802207947,-0.0586095079779624,0.9998038411140442,0.4753020703792572,0.607114315032959,0.058569099754095,0.9998643398284912,0.4151181578636169,0.6478000283241272,-0.0748544707894325,0.8418510556221008,0.4245371520519256,0.5905176401138306,0.0958695039153099,0.2067630141973495,0.4229001402854919,0.736885130405426,-0.0028543840162456,0.7200800180435181,0.4251851439476013,0.6776939034461975,0.1866803616285324,0.1966701745986938,0.431355208158493,0.7499253153800964,0.0051061948761343,0.5338717699050903,0.4311585426330566,0.6889157295227051,0.1962385028600692,0.2650242447853088,0.3964809477329254,0.759783148765564,-0.0021625871304422,0.7355618476867676,0.4031605124473572,0.6908247470855713,0.2056948542594909,0.2435545027256012
