x_0,y_0,z_0,visibility_0,x_1,y_1,z_1,visibility_1,x_2,y_2,z_2,visibility_2,x_3,y_3,z_3,visibility_3,x_4,y_4,z_4,visibility_4,x_5,y_5,z_5,visibility_5,x_6,y_6,z_6,visibility_6,x_7,y_7,z_7,visibility_7,x_8,y_8,z_8,visibility_8,x_9,y_9,z_9,visibility_9,x_10,y_10,z_10,visibility_10,x_11,y_11,z_11,visibility_11,x_12,y_12,z_12,visibility_12,x_13,y_13,z_13,visibility_13,x_14,y_14,z_14,visibility_14,x_15,y_15,z_15,visibility_15,x_16,y_16,z_16,visibility_16,x_17,y_17,z_17,visibility_17,x_18,y_18,z_18,visibility_18,x_19,y_19,z_19,visibility_19,x_20,y_20,z_20,visibility_20,x_21,y_21,z_21,visibility_21,x_22,y_22,z_22,visibility_22,x_23,y_23,z_23,visibility_23,x_24,y_24,z_24,visibility_24,x_25,y_25,z_25,visibility_25,x_26,y_26,z_26,visibility_26,x_27,y_27,z_27,visibility_27,x_28,y_28,z_28,visibility_28,x_29,y_29,z_29,visibility_29,x_30,y_30,z_30,visibility_30,x_31,y_31,z_31,visibility_31,x_32,y_32,z_32,visibility_32
0.0341685935854911,-0.6313681602478027,-0.2565276324748993,0.9999461770057678,0.048011090606451,-0.6693228483200073,-0.2471431046724319,0.999877631664276,0.0475965067744255,-0.6693224310874939,-0.2489346861839294,0.9998757243156432,0.0480059422552585,-0.6695227026939392,-0.2470662295818328,0.9998891353607178,0.0132386283949017,-0.6690625548362732,-0.2522344291210174,0.9998528957366944,0.0155657501891255,-0.6699275970458984,-0.2522822618484497,0.9998404383659364,0.0149092013016343,-0.6689580678939819,-0.2484678030014038,0.999852180480957,0.0997015088796615,-0.66301029920578,-0.1466928422451019,0.9996845722198486,-0.0422132909297943,-0.6594908237457275,-0.1528632938861847,0.9996827840805054,0.0488050803542137,-0.605840802192688,-0.2249997705221176,0.9998831152915956,0.007900882512331,-0.6031138896942139,-0.225863516330719,0.9998638033866882,0.1729554086923599,-0.4789599478244781,-0.0762013792991638,0.9999502301216124,-0.1292805969715118,-0.4666184484958648,-0.0867769196629524,0.9998844861984252,0.2127002775669098,-0.2402981519699096,-0.0320973210036754,0.9837391972541808,-0.1889569610357284,-0.207636296749115,-0.0484075881540775,0.9790826439857484,0.1939794719219207,-0.0137637229636311,-0.1245318427681922,0.9667097926139832,-0.1906309574842453,0.0071963085792958,-0.1164629831910133,0.9708452820777892,0.191261738538742,0.0652854964137077,-0.1530716270208358,0.9364623427391052,-0.1963545829057693,0.0826544538140297,-0.1465843766927719,0.9472494125366212,0.166988730430603,0.0589681938290596,-0.1937175095081329,0.9403405785560608,-0.1680567413568496,0.0744712278246879,-0.1761839985847473,0.9508693814277648,0.1766634583473205,-0.0019002904882654,-0.1434217542409896,0.93415367603302,-0.172728344798088,0.0203846581280231,-0.1291353851556778,0.942006289958954,0.0994483828544616,0.0027290172874927,-0.0023998380638659,0.9998704791069032,-0.0999655872583389,-0.0032141697593033,0.0028399466536939,0.9998437762260436,0.0717441365122795,0.3965960443019867,0.0079886820167303,0.984242618083954,-0.0860556289553642,0.3883827924728393,-0.0031721291597932,0.9866101145744324,0.063386358320713,0.765536367893219,0.1530631929636001,0.981630802154541,-0.0817498490214347,0.7736297845840454,0.1438492089509964,0.9854693412780762,0.0644218474626541,0.8136409521102905,0.155709370970726,0.805455207824707,-0.0807452052831649,0.8195804953575134,0.1494841277599334,0.8270400762557983,0.0961862057447433,0.8596687316894531,0.0288831777870655,0.9774526953697203,-0.1137521415948867,0.8774554133415222,0.0235526133328676,0.9805939197540284
0.033978771418333,-0.6277545690536499,-0.2704918980598449,0.9999454617500304,0.0471720956265926,-0.6663987636566162,-0.2609526813030243,0.9998762011528016,0.0467622615396976,-0.6663919687271118,-0.262762039899826,0.9998739361763,0.0471801273524761,-0.666594922542572,-0.2608777284622192,0.9998878836631776,0.0122533151879906,-0.6656689047813416,-0.2659845650196075,0.9998522996902466,0.0145791182294487,-0.6665377616882324,-0.2660240232944488,0.9998400807380676,0.0139319915324449,-0.6655761003494263,-0.2622055411338806,0.999852180480957,0.0994735136628151,-0.6615658402442932,-0.1595317870378494,0.999677836894989,-0.0429189465939998,-0.6558013558387756,-0.1653961390256881,0.9996811151504515,0.0488226823508739,-0.6025359034538269,-0.2386748492717743,0.9998807311058044,0.0079015986993908,-0.5991281867027283,-0.2395336627960205,0.9998615384101868,0.1739171296358108,-0.4775374829769134,-0.0835628509521484,0.9999489188194276,-0.1291027963161468,-0.4625040590763092,-0.1004840731620788,0.999882161617279,0.2132370471954345,-0.2385418266057968,-0.036754198372364,0.9835453033447266,-0.1878007054328918,-0.2025815695524215,-0.0579600855708122,0.979059398174286,0.1963300704956054,-0.0102490298449993,-0.1271457821130752,0.966648817062378,-0.190669909119606,0.0149758653715252,-0.1216262131929397,0.9706599712371826,0.1935819387435913,0.0693252608180046,-0.1546800881624221,0.9364001154899596,-0.1967266350984573,0.091331236064434,-0.1506324559450149,0.9469864964485168,0.1689114719629287,0.0636754855513572,-0.1962446719408035,0.9403184056282043,-0.1689796894788742,0.0834105014801025,-0.1816660612821579,0.9506552815437316,0.17869833111763,0.0019505203235894,-0.1463917642831802,0.9341741800308228,-0.1728618890047073,0.0284281801432371,-0.1345787942409515,0.941696047782898,0.0994602516293525,0.0027429780457168,-0.000478814530652,0.9998672008514404,-0.0999762490391731,-0.003229085355997,0.0009274127078242,0.9998393654823304,0.0748273059725761,0.3968493640422821,0.0092514986172318,0.9841582775115968,-0.0844770297408104,0.3891696333885193,-0.0035214421804994,0.986866295337677,0.0639649555087089,0.7664445638656616,0.1561144739389419,0.9816434383392334,-0.0822048336267471,0.7735687494277954,0.1412608623504638,0.9856394529342652,0.0651122704148292,0.8146757483482361,0.1587978452444076,0.80643630027771,-0.0811644569039344,0.8194778561592102,0.1463367491960525,0.82561856508255,0.1032544448971748,0.8603525161743164,0.0322964042425155,0.9775445461273192,-0.1101312413811683,0.8773480653762817,0.0184213109314441,0.980770468711853
0.0337217338383197,-0.6261804103851318,-0.2739239335060119,0.9999439716339112,0.0462757833302021,-0.6652098894119263,-0.2643480896949768,0.9998731017112732,0.0458695665001869,-0.6652011871337891,-0.2661678791046142,0.9998704195022584,0.0462951213121414,-0.6654033064842224,-0.264275848865509,0.999885082244873,0.0111318435519933,-0.6641972064971924,-0.2692316770553589,0.9998498558998108,0.01345304120332,-0.6650688052177429,-0.2692716717720032,0.9998378753662108,0.0128151178359985,-0.6641082763671875,-0.2654616236686706,0.9998506307601928,0.0993468016386032,-0.6613223552703857,-0.1629421710968017,0.9996655583381652,-0.0437778607010841,-0.6544782519340515,-0.1681463569402694,0.999675989151001,0.0488537736237049,-0.6012701392173767,-0.242155373096466,0.999876856803894,0.0078947972506284,-0.597500205039978,-0.2427985072135925,0.9998577237129213,0.1753641963005066,-0.4773050248622894,-0.0863339900970459,0.9999473094940186,-0.129071369767189,-0.4608413279056549,-0.1040262356400489,0.9998794794082642,0.2140891253948211,-0.2378177493810653,-0.0388714000582695,0.9833296537399292,-0.1878009289503097,-0.1998659521341323,-0.060690987855196,0.9789351224899292,0.1971623748540878,-0.0090058920904994,-0.1288735419511795,0.9664655327796936,-0.192574456334114,0.0165351592004299,-0.1252422630786895,0.9703165292739868,0.1941224783658981,0.0708946213126182,-0.1558622568845749,0.936080813407898,-0.1996324211359024,0.0927173420786857,-0.1540752351284027,0.9464343190193176,0.1692302376031875,0.0650744587182998,-0.1981048882007599,0.9400609135627748,-0.1731449514627456,0.0842705816030502,-0.1859992742538452,0.9501743912696838,0.1793054640293121,0.0031902771443128,-0.1483559161424636,0.9339170455932616,-0.175258994102478,0.0297374371439218,-0.1384655982255935,0.94106924533844,0.0995338931679725,0.0027574782725423,0.0008381278021261,0.9998615384101868,-0.1000503748655319,-0.0032445585820823,-0.0003902101889252,0.9998319745063782,0.0771997198462486,0.3970120549201965,0.0114004695788025,0.9841216206550598,-0.0844264701008796,0.389035016298294,-0.0035335388965904,0.9870858788490297,0.0648668408393859,0.7666940093040466,0.1603024154901504,0.9817225933074952,-0.0859586223959922,0.7686761021614075,0.1412330120801925,0.9857271909713744,0.0661935284733772,0.8149760961532593,0.1630391925573349,0.8078515529632568,-0.0850385576486587,0.8140577673912048,0.1463080644607544,0.823461651802063,0.1094423457980156,0.8604880571365356,0.0365530848503112,0.9776667356491088,-0.1100913733243942,0.8722038865089417,0.0183172151446342,0.9808326959609984
0.030610466375947,-0.6264128088951111,-0.2719621062278747,0.9999432563781738,0.0424415133893489,-0.6655150055885315,-0.2623905539512634,0.9998713731765748,0.0420297347009182,-0.6655077338218689,-0.2642051577568054,0.999868392944336,0.0424586646258831,-0.6657111048698425,-0.2623144090175628,0.9998835325241088,0.0069731445983052,-0.6644028425216675,-0.2672373056411743,0.9998483657836914,0.009282611310482,-0.6652753353118896,-0.2672785818576813,0.9998366236686708,0.0086594838649034,-0.6643145084381104,-0.2634679675102234,0.9998498558998108,0.0975944250822067,-0.6620358228683472,-0.161322221159935,0.9996554255485536,-0.046909287571907,-0.6546968221664429,-0.1663825958967209,0.9996700882911682,0.0472395457327365,-0.6016007661819458,-0.2403182536363601,0.999874711036682,0.0058576385490596,-0.5977208614349365,-0.2408868223428726,0.9998554587364196,0.1753615587949752,-0.4774609506130218,-0.0860187783837318,0.999945878982544,-0.1301347315311432,-0.4609709680080414,-0.1020089238882064,0.9998760223388672,0.213776409626007,-0.237454816699028,-0.041627325117588,0.9831559062004088,-0.1883994340896606,-0.19963438808918,-0.0596449114382267,0.9786882996559144,0.1976252049207687,-0.0090052112936973,-0.1387545615434646,0.9664536118507384,-0.1961289793252945,0.0162891931831836,-0.1269969940185547,0.9699437618255616,0.1949969232082367,0.0708677321672439,-0.1668316721916198,0.9361022114753724,-0.2038471698760986,0.0925254523754119,-0.1564207971096038,0.9457974433898926,0.1703945100307464,0.0650369077920913,-0.2098126411437988,0.9401318430900574,-0.1784310042858123,0.0838690251111984,-0.1889160573482513,0.9496081471443176,0.1798973977565765,0.0031832808163017,-0.158777967095375,0.9339364767074584,-0.1792259067296981,0.0294228605926036,-0.1405490487813949,0.9403270483016968,0.0996262654662132,0.0028099464252591,0.001238384982571,0.99985671043396,-0.1001408249139785,-0.0032963594421744,-0.0007967416313476,0.999827206134796,0.0776089578866958,0.3973917365074157,0.0112799443304538,0.9842286109924316,-0.0853931009769439,0.3884001970291137,-0.0038280482403934,0.9874082207679749,0.064622551202774,0.7665033340454102,0.1628818809986114,0.9818726181983948,-0.0938751772046089,0.7666265368461609,0.1412344872951507,0.9859850406646729,0.0659092292189598,0.8147450089454651,0.1659589111804962,0.8094469308853149,-0.093642771244049,0.8120467662811279,0.1463049203157425,0.8230984807014465,0.1086136028170585,0.8605260252952576,0.0400662645697593,0.9778469800949096,-0.1156951114535331,0.8702725172042847,0.0183082316070795,0.9810775518417358
0.0278468988835811,-0.6285812854766846,-0.2716441750526428,0.9999425411224364,0.0393357500433921,-0.6675713062286377,-0.2617648243904114,0.9998692870140076,0.0389203578233718,-0.6675646901130676,-0.2635873556137085,0.9998660087585448,0.0393537320196628,-0.6677688360214233,-0.2616893351078033,0.999881625175476,0.0037502320483326,-0.6664671301841736,-0.2665182054042816,0.999846339225769,0.0060494379140436,-0.6673486232757568,-0.2665654420852661,0.9998347163200378,0.0054325484670698,-0.6663851141929626,-0.2627741694450378,0.9998483657836914,0.0951982215046882,-0.6638724207878113,-0.1607693880796432,0.9996441602706908,-0.0500476136803627,-0.6566393375396729,-0.1654562056064605,0.9996626377105712,0.0451377443969249,-0.6035937070846558,-0.2398963421583175,0.9998732209205629,0.0034875823184847,-0.5998139977455139,-0.240602970123291,0.9998534321784972,0.1748924553394317,-0.4774678647518158,-0.085312008857727,0.9999437928199768,-0.1319192796945572,-0.4624914228916168,-0.100702665746212,0.9998708963394164,0.2126810401678085,-0.2348837852478027,-0.0414294302463531,0.9827062487602234,-0.1891715228557586,-0.2000227868556976,-0.0588974207639694,0.978403091430664,0.1983092278242111,-0.0062190135940909,-0.1415242254734039,0.9659962058067322,-0.2003913670778274,0.0155024388805031,-0.1276500970125198,0.9693838953971864,0.1964790225028991,0.0738631635904312,-0.170191690325737,0.9355247020721436,-0.2089113742113113,0.0919389128684997,-0.1577082872390747,0.9448808431625366,0.1725213825702667,0.0676954165101051,-0.2135397642850875,0.9396615028381348,-0.1845247745513916,0.0833741649985313,-0.1905489265918731,0.9487733244895936,0.1808522194623947,0.0059123500250279,-0.1618662178516388,0.9333491921424866,-0.1840265244245529,0.028731407597661,-0.1414113044738769,0.939254641532898,0.0997221916913986,0.0029463001992553,0.0015231391880661,0.9998536705970764,-0.1002347469329834,-0.0034324270673096,-0.0010885503143072,0.999823808670044,0.0775438621640205,0.3973604738712311,0.0107896216213703,0.984458327293396,-0.0883979648351669,0.3866616785526275,-0.0062573435716331,0.987764537334442,0.0642764195799827,0.7634320855140686,0.1657570153474807,0.9820109605789183,-0.1013752967119216,0.7576833963394165,0.1435212343931198,0.9860960841178894,0.0655371695756912,0.8114109635353088,0.169495016336441,0.8111560940742493,-0.10164824873209,0.8025889992713928,0.1493928134441375,0.822404146194458,0.1078658699989318,0.858837366104126,0.0449497513473033,0.9779558181762696,-0.1231378018856048,0.8630033135414124,0.0236296914517879,0.981116533279419
0.0255880840122699,-0.6291435360908508,-0.2751393914222717,0.9999412894248962,0.0372673496603965,-0.6679674386978149,-0.2649988830089569,0.999865174293518,0.0368544720113277,-0.6679602265357971,-0.2668124139308929,0.9998612403869628,0.0373009964823722,-0.6681613326072693,-0.2649068534374237,0.9998776912689208,0.0015753859188407,-0.6669831871986389,-0.2699910998344421,0.9998435378074646,0.0038621933199465,-0.667867124080658,-0.2700405716896057,0.9998323917388916,0.0032453059684485,-0.666904628276825,-0.2662573456764221,0.9998467564582824,0.0926802605390548,-0.6639267206192017,-0.1629851162433624,0.9996281862258912,-0.0534386523067951,-0.6570330858230591,-0.1689885556697845,0.9996552467346193,0.0426381528377532,-0.6039488315582275,-0.2432706952095031,0.9998706579208374,0.0006866778130643,-0.6003298759460449,-0.2441592663526535,0.9998511672019958,0.1736551821231842,-0.4771023988723755,-0.0873933732509613,0.9999410510063172,-0.1352776288986206,-0.4629320800304413,-0.1062223389744758,0.9998657703399658,0.2132485657930374,-0.2333488017320633,-0.0439152382314205,0.9826029539108276,-0.189173012971878,-0.1997720450162887,-0.0645622685551643,0.9780150651931764,0.1996625810861587,-0.00357878790237,-0.1454484760761261,0.965959131717682,-0.202414259314537,0.020691730082035,-0.1356743723154068,0.968630850315094,0.1979002952575683,0.0759775340557098,-0.1745702773332595,0.9354115128517152,-0.2121538668870926,0.0981149971485138,-0.1668944060802459,0.9436910152435304,0.1733338385820388,0.0693408995866775,-0.2179949879646301,0.9396095275878906,-0.1886418610811233,0.0910518020391464,-0.2005105465650558,0.9476931095123292,0.1819130480289459,0.008394431322813,-0.1658933460712433,0.9332312941551208,-0.1866280734539032,0.0348431393504142,-0.1498337686061859,0.9379169940948486,0.0998984798789024,0.0029867917764931,0.0021716703195124,0.99984872341156,-0.1004122272133827,-0.0034747240133583,-0.0017442024545744,0.9998185634613036,0.0802776962518692,0.3927395641803741,0.0107353460043668,0.984563171863556,-0.0914765372872352,0.3859496712684631,-0.0082724206149578,0.9880240559577942,0.0626241415739059,0.74952232837677,0.1748808175325393,0.981833517551422,-0.1062134951353073,0.7511977553367615,0.1465287059545517,0.9860732555389404,0.0630821958184242,0.7967879772186279,0.180181086063385,0.811689019203186,-0.1066623851656913,0.795539379119873,0.153273731470108,0.8210551142692566,0.1076075360178947,0.8482505679130554,0.0594876632094383,0.9777171611785888,-0.1269801706075668,0.8580678105354309,0.0294199101626873,0.9809704422950744
0.0182796437293291,-0.6321927905082703,-0.2849655747413635,0.9999421238899232,0.0295735597610473,-0.6707008481025696,-0.2744375169277191,0.999865710735321,0.0291793867945671,-0.6706883311271667,-0.276258647441864,0.9998608827590942,0.0296536777168512,-0.6708760857582092,-0.2743566036224365,0.9998775720596312,-0.0061772158369421,-0.6697779893875122,-0.2799533307552337,0.9998457431793212,-0.003904856974259,-0.6706624627113342,-0.2800095081329345,0.9998350739479064,-0.0045153968967497,-0.6697037816047668,-0.2762274742126465,0.9998495578765868,0.0841658636927604,-0.6648549437522888,-0.1710271686315536,0.9996240139007568,-0.0624975301325321,-0.6580286622047424,-0.1795621663331985,0.9996606707572936,0.035121876746416,-0.6059734225273132,-0.2529289722442627,0.9998719096183776,-0.0070969657972455,-0.6024587750434875,-0.2543473839759826,0.9998533725738524,0.1682018637657165,-0.4769761860370636,-0.0945240408182144,0.9999368786811828,-0.14304980635643,-0.4630277454853058,-0.1194543465971946,0.999858558177948,0.2122082412242889,-0.2318467944860458,-0.0528956800699234,0.982243537902832,-0.1944677382707595,-0.1999974548816681,-0.0794342756271362,0.9778971672058104,0.200194776058197,-0.0018833692884072,-0.1550143361091613,0.9657081365585328,-0.2097363770008087,0.0217647943645715,-0.1507851779460907,0.9679941534996032,0.1988241374492645,0.0770917832851409,-0.1840721070766449,0.9350985288619996,-0.2199480086565017,0.0993888080120086,-0.1825804859399795,0.942555010318756,0.1743216812610626,0.0704383626580238,-0.2276166975498199,0.9393593072891236,-0.1964455097913742,0.0927890017628669,-0.2162665575742721,0.9466615915298462,0.1824684590101242,0.0101165520027279,-0.1755277216434478,0.9328109622001648,-0.1941124051809311,0.036164004355669,-0.1648457944393158,0.9366079568862916,0.1000860184431076,0.0028586667031049,0.003772139083594,0.9998456835746764,-0.1006005108356475,-0.0033541275188326,-0.0033505863975733,0.9998135566711426,0.0927509069442749,0.3800161480903625,0.0113763427361845,0.9847882986068726,-0.0923782885074615,0.3853158950805664,-0.0148489205166697,0.9883293509483336,0.0572472885251045,0.7310037612915039,0.1915830820798874,0.9817115068435668,-0.1125356182456016,0.7240976691246033,0.1630560457706451,0.9855478405952454,0.0552941635251045,0.778068482875824,0.1989220231771469,0.8133201003074646,-0.1137318089604377,0.7657018899917603,0.1738680005073547,0.8165934681892395,0.1032026261091232,0.8342834711074829,0.0874585807323455,0.9774326086044312,-0.1306718289852142,0.8378759026527405,0.0655459687113761,0.9801734685897828
0.0165225844830274,-0.6332941055297852,-0.2921385765075683,0.9999420046806335,0.0270899608731269,-0.6715878248214722,-0.2810853123664856,0.9998642802238464,0.0267050955444574,-0.6715691685676575,-0.2828980982303619,0.9998581409454346,0.027199164032936,-0.6717504858970642,-0.281008780002594,0.9998751878738404,-0.0082759158685803,-0.6707304120063782,-0.2884657084941864,0.9998462200164796,-0.0060115181840956,-0.6716170907020569,-0.2885396778583526,0.999835968017578,-0.0066169397905468,-0.6706605553627014,-0.2847537994384765,0.999850571155548,0.0754308104515075,-0.6648901700973511,-0.1753994226455688,0.999612271785736,-0.0695122182369232,-0.6581324934959412,-0.1928645670413971,0.9996637105941772,0.0311603993177413,-0.6065191030502319,-0.2591935694217682,0.999871790409088,-0.0106595987454056,-0.6030917763710022,-0.2630617916584015,0.9998546242713928,0.1566139012575149,-0.4765923619270324,-0.0965750440955162,0.9999317526817322,-0.151918888092041,-0.4630814790725708,-0.1351675689220428,0.9998498558998108,0.2091701030731201,-0.2298621535301208,-0.0545508302748203,0.9811218976974488,-0.2018779069185257,-0.1999017149209976,-0.0981631055474281,0.977697491645813,0.2010911405086517,0.0041176513768732,-0.1579695791006088,0.9642476439476012,-0.2169964164495468,0.0231064334511756,-0.1659834384918213,0.9669432044029236,0.2009546011686325,0.0828510150313377,-0.1867195814847946,0.9329652786254884,-0.2268284112215042,0.1006938070058822,-0.1982921212911605,0.9407708048820496,0.1764387637376785,0.0771550834178924,-0.2304314970970153,0.9374281764030457,-0.2033770829439163,0.0945016369223594,-0.2308951318264007,0.9450088143348694,0.1835348904132843,0.0167913250625133,-0.1787216961383819,0.930673360824585,-0.2014897018671035,0.0377433449029922,-0.1794207543134689,0.9345206022262572,0.1000847443938255,0.002640877617523,0.0066457297652959,0.999839723110199,-0.1006003767251968,-0.003150725737214,-0.0062250201590359,0.999804139137268,0.096340499818325,0.3684688806533813,0.0139092030003666,0.9847137331962584,-0.0939462184906005,0.3818680644035339,-0.0148258628323674,0.9883425235748292,0.0490175038576126,0.7153110504150391,0.2032628506422042,0.9812124371528624,-0.1177688688039779,0.7042953968048096,0.1831750273704528,0.9844694137573242,0.0455011501908302,0.762026846408844,0.2115994393825531,0.8143208622932434,-0.1192987933754921,0.7448514699935913,0.1960747390985489,0.810661256313324,0.0964773893356323,0.8190663456916809,0.1040777266025543,0.9767560362815856,-0.1325175613164901,0.8195194602012634,0.0938644185662269,0.9787399768829346
0.0153305409476161,-0.6337820291519165,-0.3045269250869751,0.999944508075714,0.0249927081167697,-0.6718689799308777,-0.2931024432182312,0.9998689889907836,0.0246139001101255,-0.6718488335609436,-0.2948926389217376,0.999862253665924,0.0251250322908163,-0.6720237731933594,-0.2930282056331634,0.9998787641525269,-0.0095102163031697,-0.6710541248321533,-0.3022413849830627,0.999853014945984,-0.0072564841248095,-0.6719422340393066,-0.3023398220539093,0.9998433589935304,-0.0078564807772636,-0.6709837913513184,-0.2985448539257049,0.9998573660850524,0.0677011311054229,-0.664223849773407,-0.1869252622127533,0.9996211528778076,-0.0728853717446327,-0.6574939489364624,-0.2125276774168014,0.9996799826622008,0.02809395827353,-0.6065558791160583,-0.2712085247039795,0.9998765587806702,-0.0127161527052521,-0.6031543612480164,-0.2773657441139221,0.999861180782318,0.1458424627780914,-0.4753586947917938,-0.1052863597869873,0.9999275207519532,-0.1577175855636596,-0.4616411626338959,-0.1590311229228973,0.999846875667572,0.2009124904870987,-0.2286397218704223,-0.0631488040089607,0.9793522953987122,-0.2102918177843094,-0.1997380256652832,-0.126373678445816,0.9779967665672302,0.2044553905725479,0.0059128678403794,-0.1631040722131729,0.9626107811927797,-0.2205017507076263,0.0250113196671009,-0.1857167035341262,0.966704487800598,0.2074179649353027,0.0833029299974441,-0.190616026520729,0.9309468865394592,-0.2299743443727493,0.1016603335738182,-0.2172828018665313,0.940308153629303,0.1842261999845504,0.078480951488018,-0.2339824885129928,0.9355486631393432,-0.2056244760751724,0.0963465198874473,-0.2473591566085815,0.9445486664772034,0.1879946887493133,0.01904958486557,-0.1837899386882782,0.9286376237869264,-0.20485620200634,0.0399843007326126,-0.1977888345718383,0.9338738322257996,0.0999173745512962,0.0019005177309736,0.010518773458898,0.9998396635055542,-0.1004390642046928,-0.0024315326008945,-0.0101135298609733,0.9998036026954652,0.1080113649368286,0.3541831374168396,0.0223127733916044,0.9844222664833068,-0.0923692733049392,0.3771089911460876,-0.0146525055170059,0.9884564280509948,0.0449337400496006,0.6897945404052734,0.2279502600431442,0.980337619781494,-0.11812574416399,0.6846718788146973,0.2055618911981582,0.9831640720367432,0.0401835851371288,0.7356876730918884,0.2389775216579437,0.8158970475196838,-0.1199070364236831,0.7242850661277771,0.2211787700653076,0.8060743808746338,0.0923337936401367,0.7979479432106018,0.1431812942028045,0.975682258605957,-0.1319712400436401,0.804602324962616,0.1293243169784546,0.9769207239151
0.013225907459855,-0.6323292851448059,-0.3242635726928711,0.999947190284729,0.0219153761863708,-0.6702935695648193,-0.312394767999649,0.9998745322227478,0.0215527079999446,-0.6702653765678406,-0.3141794204711914,0.9998673796653748,0.0220814775675535,-0.6704195737838745,-0.3123285174369812,0.9998832941055298,-0.0119388792663812,-0.6694343686103821,-0.3230355978012085,0.99986070394516,-0.0096982531249523,-0.6703270673751831,-0.3231603503227234,0.9998517036437988,-0.0102900480851531,-0.669360876083374,-0.3193564414978027,0.9998650550842284,0.0597042441368103,-0.6599001288414001,-0.2041333764791488,0.9996328949928284,-0.0784177333116531,-0.6525205969810486,-0.2359732240438461,0.9996985793113708,0.0241098403930664,-0.6040542721748352,-0.2900581359863281,0.9998819231987,-0.0160446185618639,-0.6006304025650024,-0.298085868358612,0.9998682737350464,0.1363661587238311,-0.4723963737487793,-0.1208753213286399,0.9999255537986756,-0.1653675585985183,-0.4560100138187408,-0.1825218200683593,0.9998474717140198,0.1984405070543289,-0.2274998426437378,-0.0801011025905609,0.977575182914734,-0.2224298119544983,-0.1964661031961441,-0.1532498300075531,0.9782776832580566,0.2110148817300796,0.0068005700595676,-0.1770030260086059,0.9605311751365662,-0.2253988534212112,0.0308651402592659,-0.205891951918602,0.9660499095916748,0.2164450734853744,0.0830359905958175,-0.2036749422550201,0.9281282424926758,-0.23375204205513,0.1053077653050422,-0.2368993759155273,0.938977062702179,0.1937674880027771,0.0782340690493583,-0.245722696185112,0.9328743815422058,-0.208608478307724,0.0999584272503852,-0.264575183391571,0.943266212940216,0.1956895291805267,0.0200219452381134,-0.1972498595714569,0.9257431626319884,-0.2094844430685043,0.0455948337912559,-0.2167966961860656,0.9322962164878844,0.0997505784034729,0.0012343670241534,0.013248979113996,0.9998440146446228,-0.1002879738807678,-0.0017835882026702,-0.0128465769812464,0.999808132648468,0.1149098053574562,0.3488301932811737,0.0343160741031169,0.9837884306907654,-0.089597962796688,0.3631788492202759,-0.0145096462219953,0.9882735013961792,0.0423137433826923,0.6639153957366943,0.2617729902267456,0.9782362580299376,-0.1256571114063263,0.6406127214431763,0.2336097806692123,0.9801244735717772,0.0368079543113708,0.7081587314605713,0.2761628031730652,0.8147525787353516,-0.129202052950859,0.6779123544692993,0.2530837059020996,0.7973768711090088,0.0871071815490722,0.7732632160186768,0.1913338750600814,0.973294734954834,-0.1365915536880493,0.7622968554496765,0.1750155538320541,0.973216712474823
0.0113990139216184,-0.6158792972564697,-0.3641085028648376,0.9999505877494812,0.0192863289266824,-0.6543711423873901,-0.3519990742206573,0.9998824000358582,0.018944164738059,-0.654318630695343,-0.3537873327732086,0.9998751878738404,0.019507497549057,-0.6544589996337891,-0.3519145250320434,0.9998903274536132,-0.014397126622498,-0.6526716351509094,-0.363597571849823,0.9998703598976136,-0.0121509376913309,-0.6535528302192688,-0.3636982142925262,0.9998618364334106,-0.0127175617963075,-0.6525701880455017,-0.3598533272743225,0.9998744130134584,0.0540150962769985,-0.6418949365615845,-0.2403736561536789,0.9996508955955504,-0.083691194653511,-0.630017876625061,-0.2756564915180206,0.9997199177742004,0.0209888834506273,-0.5862599015235901,-0.3287248015403747,0.9998884201049804,-0.0189401991665363,-0.5816664099693298,-0.3380951285362243,0.9998764991760254,0.1299565732479095,-0.4570434391498565,-0.1469951719045639,0.9999271035194396,-0.1709654480218887,-0.4355898797512054,-0.2206396460533142,0.999853491783142,0.188531756401062,-0.2113774418830871,-0.1075483486056327,0.9747936725616456,-0.233730286359787,-0.1786849051713943,-0.1933504194021225,0.9788360595703124,0.2142019122838974,0.0278632305562496,-0.2082719504833221,0.9578338265419006,-0.2284856587648391,0.0540263094007968,-0.2374392300844192,0.9657514095306396,0.2233201563358307,0.0991431847214698,-0.2366608083248138,0.9248762130737304,-0.2360289990901947,0.1246341988444328,-0.266189306974411,0.9382307529449464,0.2017179578542709,0.0977632403373718,-0.2775924503803253,0.9297651052474976,-0.2098365277051925,0.1184982284903526,-0.2932257354259491,0.942550241947174,0.200121521949768,0.0420157350599765,-0.2288840860128402,0.9222446084022522,-0.2118162214756012,0.067956157028675,-0.2477419525384903,0.9311559200286864,0.099405862390995,0.0006964410422369,0.0182464737445116,0.9998527765274048,-0.0999757647514343,-0.0012414042139425,-0.0177897755056619,0.99981689453125,0.1277200579643249,0.3407873809337616,0.0344625897705554,0.982516348361969,-0.0789740458130836,0.3546039164066314,-0.0150288520380854,0.9873905777931212,0.0354149043560028,0.6480551958084106,0.2615701258182525,0.9753901958465576,-0.1371610760688781,0.6123487949371338,0.2449129223823547,0.9746444821357728,0.0278544425964355,0.6914869546890259,0.2761917412281036,0.8116647005081177,-0.1439674347639084,0.6481934785842896,0.2664279043674469,0.7806707620620728,0.0793941169977188,0.7559133768081665,0.1956167519092559,0.9705849885940552,-0.1451095789670944,0.7348401546478271,0.1977556496858596,0.9678853750228882
0.0087320646271109,-0.6038520932197571,-0.3781881034374237,0.9999539256095886,0.0161008015275001,-0.6424283385276794,-0.3651612401008606,0.9998905658721924,0.0157774612307548,-0.6423881649971008,-0.3669019341468811,0.9998833537101746,0.0163790397346019,-0.6425355076789856,-0.3650311827659607,0.9998977780342102,-0.0175756141543388,-0.6399540305137634,-0.3773243427276611,0.999880075454712,-0.0153150130063295,-0.6408273577690125,-0.3774193227291107,0.9998719692230223,-0.015862887725234,-0.6398387551307678,-0.3735526800155639,0.9998836517333984,0.0474333800375461,-0.6285589933395386,-0.2502952218055725,0.9996732473373412,-0.0902531296014785,-0.6128534078598022,-0.2877650558948517,0.9997411370277404,0.0167488772422075,-0.5735951662063599,-0.3418126106262207,0.9998955726623536,-0.0231125149875879,-0.5680088400840759,-0.3520985841751098,0.9998849034309388,0.1223500072956085,-0.4484369456768036,-0.1544699072837829,0.9999297857284546,-0.1770262867212295,-0.4186708331108093,-0.2317697703838348,0.9998583197593688,0.1826066970825195,-0.2077825218439102,-0.1130097210407257,0.9721714854240416,-0.2427025884389877,-0.1655076891183853,-0.2065195888280868,0.979482889175415,0.2143818885087967,0.0328617170453071,-0.2187530100345611,0.9544516801834106,-0.2298913747072219,0.0678871423006057,-0.2458620369434356,0.9650672078132628,0.224263995885849,0.1007909774780273,-0.2508890926837921,0.9208042621612548,-0.2371319234371185,0.1335971653461456,-0.2739161849021911,0.9368571639060974,0.2023991495370865,0.0998081564903259,-0.2885923385620117,0.9257752299308776,-0.2107920795679092,0.1254233866930008,-0.2991873621940613,0.941213846206665,0.2004488408565521,0.0468753315508365,-0.2390041351318359,0.9175404906272888,-0.2130126506090164,0.0802992060780525,-0.2555419206619262,0.92905455827713,0.0988651439547538,-0.0003666362608782,0.0202992185950279,0.9998629689216614,-0.0994721129536628,-0.0001582202385179,-0.0197985116392374,0.9998258352279664,0.1534668058156967,0.316703736782074,-0.0035412227734923,0.9807458519935608,-0.0643772482872009,0.3514010906219482,-0.0225475467741489,0.9852364659309388,0.0195977427065372,0.5961906909942627,0.2529886066913605,0.9699096083641052,-0.1576434075832367,0.5648810267448425,0.2589207887649536,0.9627761840820312,0.0066503207199275,0.6361432671546936,0.2599847018718719,0.8050709962844849,-0.1702466756105423,0.5962455868721008,0.2849750518798828,0.7576466798782349,0.048983659595251,0.7099952697753906,0.1766829937696457,0.965279757976532,-0.1755449920892715,0.6885635256767273,0.2378455847501754,0.9571037292480468
0.0089632039889693,-0.5961028933525085,-0.3717153072357178,0.9999575018882751,0.0156898275017738,-0.6354227662086487,-0.3578190803527832,0.9998992085456848,0.0153569867834448,-0.6353991627693176,-0.3595111668109894,0.9998921751976012,0.0159707721322774,-0.6355636119842529,-0.3576144576072693,0.9999055862426758,-0.0176470316946506,-0.6328299641609192,-0.3712249398231506,0.999890148639679,-0.015376322902739,-0.633731484413147,-0.3713200688362121,0.9998826384544371,-0.0159039013087749,-0.6327548623085022,-0.3674705922603607,0.9998932480812072,0.0415484867990016,-0.6228946447372437,-0.2421035468578338,0.9996984601020812,-0.0933712571859359,-0.6070087552070618,-0.2861175537109375,0.9997633099555968,0.0158481709659099,-0.5661653876304626,-0.3350419700145721,0.9999040961265564,-0.023511417210102,-0.5605395436286926,-0.3472811281681061,0.9998946189880372,0.1168137639760971,-0.4439699351787567,-0.1473391503095626,0.999933660030365,-0.1805827915668487,-0.4123681783676147,-0.2343547195196151,0.9998669028282166,0.179962158203125,-0.2065962702035904,-0.1042998433113098,0.9701471328735352,-0.2471079677343368,-0.1578186452388763,-0.2135614305734634,0.9806780815124512,0.2208592295646667,0.0347804017364978,-0.2095685303211212,0.951949417591095,-0.2292596399784088,0.0760986134409904,-0.2516665756702423,0.965877890586853,0.2342956066131591,0.1019342988729476,-0.2410384565591812,0.9179397821426392,-0.2363955229520797,0.141300231218338,-0.2795153260231018,0.9379977583885192,0.2127336859703064,0.1020686402916908,-0.2795974314212799,0.922961175441742,-0.2097988575696945,0.1322569102048874,-0.3033698797225952,0.9422011375427246,0.2078076601028442,0.0494178161025047,-0.230046808719635,0.9143170118331908,-0.2121411561965942,0.088282972574234,-0.2604276239871979,0.929729461669922,0.0982383489608764,-0.0010389545932412,0.0223236810415983,0.9998745322227478,-0.0988801568746566,0.0005484173889271,-0.0217824000865221,0.9998383522033693,0.1649937331676483,0.2902419567108154,-0.0830114036798477,0.9790785908699036,-0.0559515580534935,0.3432463705539703,-0.0590488351881504,0.983326494693756,-0.0012615370796993,0.5378022193908691,0.1680740714073181,0.961914837360382,-0.1834793239831924,0.5268450975418091,0.2424904108047485,0.9503188729286194,-0.0182146597653627,0.5738871097564697,0.1866261810064315,0.7967951893806458,-0.2007861286401748,0.5556842684745789,0.2650281190872192,0.7374234199523926,0.015322177670896,0.6505547761917114,0.1458574682474136,0.9580893516540528,-0.2118343859910965,0.6455800533294678,0.2225562185049057,0.9458937644958496
0.0080143129453063,-0.5887197256088257,-0.363867849111557,0.9999611973762512,0.0134039558470249,-0.6293644905090332,-0.349883884191513,0.9999081492424012,0.0130456648766994,-0.6293460130691528,-0.351527988910675,0.9999014735221864,0.0136890336871147,-0.6295220255851746,-0.34963458776474,0.99991375207901,-0.019420601427555,-0.6268544793128967,-0.3629226684570312,0.999900221824646,-0.0171365067362785,-0.6277949810028076,-0.3630140721797943,0.9998932480812072,-0.0176178477704525,-0.6268447041511536,-0.3591841161251068,0.9999027848243712,0.0387570746243,-0.6199385523796082,-0.2347156852483749,0.9997252225875854,-0.0949526876211166,-0.6050525307655334,-0.2770892083644867,0.9997852444648744,0.0145359812304377,-0.5597659349441528,-0.3273381888866424,0.9999130368232728,-0.0243625864386558,-0.5545063018798828,-0.339208722114563,0.9999045133590698,0.1182260364294052,-0.4420897960662842,-0.1439827382564544,0.9999385476112366,-0.180268719792366,-0.4125920236110687,-0.2263927608728408,0.9998767375946044,0.1805393993854522,-0.2042281031608581,-0.1018559038639068,0.9684142470359802,-0.2460724115371704,-0.1577343940734863,-0.2080149203538894,0.9819926023483276,0.2389494180679321,0.0336823798716068,-0.2037965655326843,0.9497860074043274,-0.2193601876497268,0.0749989226460456,-0.2510246932506561,0.9669567346572876,0.2580353617668152,0.1007983461022377,-0.2351807802915573,0.9164223670959472,-0.2224349975585937,0.1415537595748901,-0.2796397805213928,0.9398017525672911,0.2397775948047638,0.1014466732740402,-0.2741487920284271,0.9214536547660828,-0.1913830190896988,0.1318544894456863,-0.3015732765197754,0.9437726736068726,0.2285112887620926,0.0487359166145324,-0.2243828326463699,0.9124839305877686,-0.1995052397251129,0.0870488882064819,-0.2588176727294922,0.9310685992240906,0.0976746529340744,-0.0017247196519747,0.023654218763113,0.9998865723609924,-0.0983313396573066,0.0012851612409576,-0.0230705086141824,0.9998527765274048,0.1716160029172897,0.2480854392051696,-0.1710169464349746,0.977819323539734,-0.0325504764914512,0.3350761234760284,-0.0940233916044235,0.9804534912109376,-0.0301172062754631,0.4445217549800873,0.0786965787410736,0.9508169889450072,-0.1960402131080627,0.4569123983383178,0.2357305735349655,0.925745964050293,-0.0517257116734981,0.4748944044113159,0.1010506451129913,0.7895470857620239,-0.2180579602718353,0.4801672995090484,0.2630079090595245,0.7137340307235718,-0.0345517136156559,0.5559672713279724,0.0722690448164939,0.9491784572601318,-0.2349798679351806,0.5742805004119873,0.2497504502534866,0.9275766611099244
0.0081623280420899,-0.5700013041496277,-0.3810914158821106,0.9999642372131348,0.0139467706903815,-0.6121044158935547,-0.367622822523117,0.999915361404419,0.013591531664133,-0.6120893955230713,-0.369219034910202,0.9999093413352966,0.0142205134034156,-0.6122875213623047,-0.367285281419754,0.9999204277992249,-0.0189992319792509,-0.6078386902809143,-0.3798604011535644,0.9999086260795592,-0.0167158376425504,-0.6087881326675415,-0.3799374997615814,0.9999024868011476,-0.0172101259231567,-0.60785311460495,-0.3760704398155212,0.9999107122421264,0.0416909903287887,-0.6105033755302429,-0.2532608211040497,0.999748706817627,-0.0933108925819397,-0.5893074870109558,-0.2910847961902618,0.9998046159744264,0.0147528760135173,-0.5442558526992798,-0.3447465896606445,0.9999207258224488,-0.0239860024303197,-0.5372636318206787,-0.3550361394882202,0.9999130368232728,0.1213587298989296,-0.436218112707138,-0.147857129573822,0.9999419450759888,-0.1758108139038086,-0.4048541784286499,-0.2526474893093109,0.9998860359191896,0.1868844628334045,-0.1962203830480575,-0.1140263751149177,0.9667116403579712,-0.2378055304288864,-0.1498346626758575,-0.2447194308042526,0.9832396507263184,0.2917563319206238,0.042950339615345,-0.2243901938199997,0.9483976364135742,-0.1801673918962478,0.0806941762566566,-0.3005253374576568,0.9684227705001832,0.3214654624462127,0.106837585568428,-0.2533533573150635,0.915498912334442,-0.1811036169528961,0.1450505256652832,-0.332752525806427,0.9422932863235474,0.3112481236457824,0.1123404428362846,-0.2961260974407196,0.920580506324768,-0.1400259137153625,0.1349921226501464,-0.350672036409378,0.946078360080719,0.2859951853752136,0.060181938111782,-0.2469338774681091,0.9114306569099426,-0.1568923890590667,0.0926525816321373,-0.3074024617671966,0.9335210919380188,0.0967153459787368,-0.0027629300020635,0.0269836951047182,0.9998972415924072,-0.097354382276535,0.002364921150729,-0.0263924449682235,0.9998658299446106,0.1825944036245346,0.2390446364879608,-0.1744686067104339,0.9738346338272096,0.0028617368079721,0.3328889608383178,-0.1589472591876983,0.9779875874519348,-0.0470799729228019,0.3670938611030578,0.076638787984848,0.9245307445526124,-0.1953414976596832,0.3893961906433105,0.1812162399291992,0.897406280040741,-0.0712110102176666,0.389412522315979,0.1003571599721908,0.7650346755981445,-0.2200067341327667,0.4041875004768371,0.2185654789209365,0.691149890422821,-0.0821568071842193,0.4858974516391754,0.0794281437993049,0.927009105682373,-0.2547726035118103,0.525253176689148,0.2216929644346237,0.906178653240204
0.0097983907908201,-0.5529073476791382,-0.4081893563270569,0.9999674558639526,0.0162258334457874,-0.594914436340332,-0.3949316143989563,0.999922811985016,0.0158147178590297,-0.5948663353919983,-0.3964987397193908,0.9999173879623412,0.016493672505021,-0.5950379967689514,-0.394516110420227,0.9999274015426636,-0.0169764161109924,-0.5905919075012207,-0.4059395790100097,0.9999170303344728,-0.0146737406030297,-0.5915132164955139,-0.4059023559093475,0.999911606311798,-0.0151352332904934,-0.5905564427375793,-0.4019763469696045,0.999918818473816,0.0456935800611972,-0.5941445827484131,-0.2802627384662628,0.9997718930244446,-0.0890160650014877,-0.571731448173523,-0.311264306306839,0.9998232126235962,0.0171144567430019,-0.5272338390350342,-0.3719816505908966,0.9999281764030457,-0.0217304397374391,-0.5199136137962341,-0.3800954520702362,0.9999213218688964,0.1316167712211609,-0.421747088432312,-0.161853551864624,0.9999456405639648,-0.1611032634973526,-0.3931972980499267,-0.2735198140144348,0.9998959898948668,0.200480505824089,-0.1809593439102172,-0.1263673454523086,0.9669275879859924,-0.1908611059188842,-0.1366524696350097,-0.2705480456352234,0.9843892455101012,0.331775039434433,0.0489476807415485,-0.2330349683761596,0.94944828748703,-0.1356595605611801,0.0879784598946571,-0.3385297954082489,0.9700815677642822,0.3691287636756897,0.1090260967612266,-0.2615677118301391,0.9178849458694458,-0.1408149451017379,0.1502199470996856,-0.3747688829898834,0.9453548789024352,0.3609443008899688,0.1169142797589302,-0.3065829277038574,0.9228835701942444,-0.0977323427796363,0.1423535794019699,-0.3936106264591217,0.9489694237709044,0.3278704583644867,0.0665048286318779,-0.2563660144805908,0.9139382243156432,-0.1130338907241821,0.1006605476140976,-0.3465091288089752,0.936961829662323,0.0936481282114982,-0.0027291120495647,0.0310678724199533,0.9999071955680848,-0.0942847207188606,0.0023395810276269,-0.0304589159786701,0.9998787641525269,0.1722161322832107,0.2541763484477997,-0.1280376613140106,0.961006224155426,0.0400551334023475,0.2965056598186493,-0.2244863659143448,0.9747867584228516,-0.0881285145878791,0.3093106746673584,0.1372885704040527,0.8682628273963928,-0.1861054897308349,0.3325416147708893,0.0891854241490364,0.8718427419662476,-0.1148005425930023,0.3238600194454193,0.1745404750108719,0.7222035527229309,-0.2098342627286911,0.3446893095970154,0.1239975094795227,0.6759371757507324,-0.149873673915863,0.4202814996242523,0.1982452422380447,0.8805790543556213,-0.2499887943267822,0.4596801102161407,0.1485311388969421,0.888592004776001
0.0176600366830825,-0.5489959120750427,-0.4072367548942566,0.9999701380729676,0.0271406080573797,-0.5910364389419556,-0.3941570222377777,0.9999290108680724,0.0266553182154893,-0.5909889936447144,-0.3957283794879913,0.9999241828918456,0.0273751206696033,-0.5911353826522827,-0.3937299847602844,0.9999332427978516,-0.0074164625257253,-0.5872093439102173,-0.4032843112945556,0.9999243021011353,-0.0050857658497989,-0.5881098508834839,-0.4032449424266815,0.999919593334198,-0.0055335070937871,-0.5871722102165222,-0.3993385434150696,0.9999257922172546,0.0699875429272651,-0.5900084972381592,-0.2813667356967926,0.9997923374176024,-0.0701853260397911,-0.5698900818824768,-0.3038398623466491,0.99983948469162,0.0292899701744318,-0.5231955051422119,-0.371855765581131,0.9999346137046814,-0.0110001834109425,-0.5165218114852905,-0.3772782981395721,0.9999285340309144,0.1608936786651611,-0.413975179195404,-0.1645814776420593,0.9999467134475708,-0.1348969042301178,-0.3926173746585846,-0.2663230299949646,0.9999029636383056,0.2260132730007171,-0.1669892519712448,-0.1341527700424194,0.9661105275154114,-0.1329625099897384,-0.1325247883796692,-0.2649317681789398,0.9846718907356262,0.3574656546115875,0.0557913184165954,-0.2389650046825409,0.9482930302619934,-0.0898460075259208,0.0880956798791885,-0.3414583206176758,0.9694840312004088,0.3956100344657898,0.1146387383341789,-0.2663128972053528,0.917634904384613,-0.0983501747250557,0.1509760022163391,-0.3778640925884247,0.945375382900238,0.3886342048645019,0.1244197711348533,-0.3122318089008331,0.9227677583694458,-0.0570250526070594,0.1455995738506317,-0.3979252874851227,0.9490675926208496,0.3538860380649566,0.0736798197031021,-0.2624275088310241,0.9138750433921814,-0.0687319710850715,0.1019423604011535,-0.350535124540329,0.937159538269043,0.0923789292573928,-0.001904425676912,0.031668547540903,0.999916136264801,-0.0930027142167091,0.001560125965625,-0.0310623999685049,0.9998904466629028,0.1663681268692016,0.2541112005710602,-0.1441392451524734,0.9489752054214478,0.0360073037445545,0.2714194059371948,-0.2539303302764892,0.972468078136444,-0.1119830757379531,0.2431916445493698,0.1417238414287567,0.8100589513778687,-0.2022874653339386,0.2767281532287597,0.0474245063960552,0.8480165600776672,-0.1412356197834015,0.2506824135780334,0.1750563383102417,0.6787644624710083,-0.2327431738376617,0.28476083278656,0.0808012932538986,0.6651650071144104,-0.1975160539150238,0.3497861921787262,0.1924471855163574,0.8311196565628052,-0.3009079992771148,0.4006103575229645,0.1055784747004509,0.8723919987678528
0.0442766509950161,-0.5022394061088562,-0.4703724682331085,0.9999727606773376,0.0554236955940723,-0.545494019985199,-0.4605739712715149,0.9999349117279052,0.0549087077379226,-0.5454531908035278,-0.462112694978714,0.9999305605888368,0.0557071864604949,-0.5455179810523987,-0.4601853489875793,0.9999387860298156,0.0215404517948627,-0.542578935623169,-0.4693043828010559,0.9999311566352844,0.0239028669893741,-0.5433409810066223,-0.4692384004592895,0.9999270439147948,0.0234419256448745,-0.5424685478210449,-0.4652778506278991,0.9999324083328248,0.0996386781334877,-0.5461317300796509,-0.353956788778305,0.9998117089271544,-0.0361422188580036,-0.529070258140564,-0.37403205037117,0.9998548030853271,0.0565321408212184,-0.4768888056278229,-0.4360772967338562,0.9999407529830932,0.0175372865051031,-0.4710890352725982,-0.4411621689796448,0.9999353289604188,0.1905712187290191,-0.3800872266292572,-0.2217940688133239,0.999949276447296,-0.0969301611185073,-0.3673439919948578,-0.3371240794658661,0.9999109506607056,0.2635774910449981,-0.1441900581121444,-0.18431456387043,0.967653751373291,-0.0851909965276718,-0.102294772863388,-0.3409020006656647,0.9856327176094056,0.4006080031394958,0.0835415720939636,-0.2615211308002472,0.9503889083862304,0.0128114270046353,0.1276800036430359,-0.4086079895496368,0.971441090106964,0.4408169090747833,0.1366961300373077,-0.2862973809242248,0.9208717942237854,0.016556391492486,0.1929827630519867,-0.452794998884201,0.9488953351974488,0.4333840906620025,0.1517190188169479,-0.3363922536373138,0.9259300231933594,0.0729422718286514,0.1865919679403305,-0.4633796215057373,0.9523156881332396,0.3979029357433319,0.1029766723513603,-0.2856575548648834,0.9175395965576172,0.042155735194683,0.1420959383249282,-0.4139418005943298,0.940792441368103,0.0900461599230766,0.0011035242350772,0.0313173905014991,0.9999242424964904,-0.0906671211123466,-0.0014618118293583,-0.0307075977325439,0.999900996685028,0.1634813845157623,0.24185211956501,-0.1550555229187011,0.930445671081543,0.0437331013381481,0.2511202991008758,-0.2400955706834793,0.969123601913452,-0.1393251568078994,0.214524433016777,0.138243556022644,0.7497654557228088,-0.2215709388256073,0.2517402172088623,0.0647326409816742,0.8167651891708374,-0.1725280433893203,0.2202369123697281,0.1714618653059005,0.6331119537353516,-0.2575101852416992,0.2586475908756256,0.0984391719102859,0.6523429155349731,-0.2520989775657654,0.3155375123023987,0.1900839060544967,0.7760815620422363,-0.3511425256729126,0.3724906146526336,0.1171233505010604,0.8486782908439636
0.0578038729727268,-0.4729067981243133,-0.4837840795516968,0.9999752640724182,0.068964697420597,-0.5153200626373291,-0.4742596447467804,0.9999405145645142,0.0684356987476348,-0.5153042078018188,-0.4757642149925232,0.9999364018440248,0.0693071335554122,-0.5152761936187744,-0.4738654494285583,0.9999438524246216,0.0355281718075275,-0.5139079689979553,-0.4825499951839447,0.9999374151229858,0.0378960259258747,-0.5145806074142456,-0.4824247360229492,0.999933660030365,0.0374434255063533,-0.513708770275116,-0.478516548871994,0.9999383687973022,0.1116708144545555,-0.5163260698318481,-0.3716777563095093,0.9998287558555604,-0.0213639289140701,-0.5041123628616333,-0.3912514150142669,0.9998684525489808,0.069709300994873,-0.4483949244022369,-0.4515226483345032,0.9999464154243468,0.0314639098942279,-0.4437125325202942,-0.4563708007335663,0.9999416470527648,0.2062708288431167,-0.3512323200702667,-0.2444626986980438,0.999951422214508,-0.0816308930516243,-0.3511593639850616,-0.3556923568248749,0.9999182820320128,0.2751378118991852,-0.1300208419561386,-0.2062176167964935,0.9695103764533995,-0.0809865221381187,-0.1005764082074165,-0.3639904260635376,0.986672341823578,0.4142963886260986,0.0946070775389671,-0.278790682554245,0.9531255960464478,0.0389749482274055,0.13593290746212,-0.4313055574893951,0.9736946821212769,0.4561199843883514,0.1438762694597244,-0.3038771748542785,0.9250344038009644,0.0476577654480934,0.2038722038269043,-0.479895144701004,0.95279461145401,0.4479884207248688,0.1567499935626983,-0.3539662361145019,0.929873824119568,0.1109920218586921,0.1956667304039001,-0.4872966706752777,0.9559019207954408,0.4117649793624878,0.1124780103564262,-0.3024531602859497,0.9219400882720948,0.0722852125763893,0.1504997760057449,-0.4352505207061767,0.9449315071105956,0.087899126112461,0.0064290966838598,0.0311247948557138,0.999930500984192,-0.0885733589529991,-0.00687210354954,-0.0305025856941938,0.99990975856781,0.1483519524335861,0.1840494126081466,-0.1394995003938675,0.9168952107429504,0.0531295612454414,0.1402546763420105,-0.2904240190982818,0.9690210223197936,-0.176947146654129,0.1843743622303009,0.1395234912633896,0.7060641646385193,-0.1932336539030075,0.2189463526010513,-0.0096391160041093,0.8095393180847168,-0.2121982276439666,0.1943606883287429,0.174354150891304,0.5997835397720337,-0.2358606904745102,0.2339939177036285,0.0214048027992248,0.6556177139282227,-0.282372236251831,0.2809230983257293,0.1968298703432083,0.7335546016693115,-0.3072332143783569,0.3431136608123779,0.0321586206555366,0.8409413695335388
0.0969370752573013,-0.4756770133972168,-0.459177166223526,0.999977171421051,0.1051886826753616,-0.5178553462028503,-0.4488451182842254,0.9999446272850036,0.1046540141105651,-0.5178782939910889,-0.4504044651985168,0.9999403357505798,0.1055642589926719,-0.5177942514419556,-0.4485294818878174,0.9999473690986632,0.0736102908849716,-0.5160995721817017,-0.4588575959205627,0.999942183494568,0.076020710170269,-0.5166928172111511,-0.4587818086147308,0.999938428401947,0.0756322145462036,-0.5157989859580994,-0.4549081027507782,0.9999426007270812,0.133222758769989,-0.517281711101532,-0.3475386798381805,0.999841809272766,0.0085687953978776,-0.5028998255729675,-0.3767429292201996,0.9998792409896852,0.1032279282808303,-0.450904369354248,-0.4274734556674957,0.999951183795929,0.0674132704734802,-0.4453741908073425,-0.4345560669898987,0.9999470710754396,0.2239225953817367,-0.3542105853557586,-0.2295181602239608,0.99995219707489,-0.0600482188165187,-0.3472927212715149,-0.3481437563896179,0.9999225735664368,0.3032594323158264,-0.1378270983695984,-0.2052597403526306,0.9699726700782776,-0.0574040375649929,-0.1045208275318145,-0.3702206015586853,0.9869461059570312,0.4461999237537384,0.0907462760806083,-0.2895880043506622,0.954489290714264,0.0782264545559883,0.1251042485237121,-0.4429366588592529,0.9753088355064392,0.4898010194301605,0.1403426080942154,-0.313151478767395,0.9274819493293762,0.0895515829324722,0.192217156291008,-0.4947890341281891,0.955632507801056,0.4800384640693664,0.15236596763134,-0.3633164465427398,0.932195484638214,0.1559507846832275,0.1833110898733139,-0.4970934391021728,0.95843243598938,0.4435677528381347,0.1085713058710098,-0.312896728515625,0.92445969581604,0.1130406036972999,0.1388649493455886,-0.4455172121524811,0.9474189281463624,0.0856212750077247,0.0086170751601457,0.0309228338301181,0.9999322295188904,-0.0863353833556175,-0.0091147683560848,-0.0303170680999755,0.9999141097068788,0.1638769805431366,0.0686859562993049,-0.1330688595771789,0.899937629699707,0.0738874152302742,-0.0101977726444602,-0.3281736075878143,0.9686813354492188,-0.1778077185153961,0.0997001826763153,0.1009016782045364,0.675147294998169,-0.085111916065216,0.1205633357167244,-0.1099343448877334,0.806929886341095,-0.2157651335000991,0.110852837562561,0.1260636299848556,0.5779045820236206,-0.1082522645592689,0.1388968676328659,-0.0862047523260116,0.665393590927124,-0.2717419862747192,0.1773276478052139,0.138901799917221,0.701725423336029,-0.168697103857994,0.2384777069091797,-0.093022808432579,0.8364635109901428
0.1185487136244773,-0.4686112701892853,-0.4579087197780609,0.9999779462814332,0.1248326376080513,-0.5112614035606384,-0.4478006660938263,0.9999455213546752,0.1243265569210052,-0.5112817883491516,-0.4494045674800873,0.9999403953552246,0.1252368688583374,-0.5111209750175476,-0.4475806951522827,0.9999472498893738,0.0936839953064918,-0.5087270736694336,-0.458476185798645,0.999944031238556,0.096128411591053,-0.5091618895530701,-0.4584209024906158,0.9999398589134216,0.0957291722297668,-0.5082821249961853,-0.4545657336711883,0.9999432563781738,0.1503220200538635,-0.5114371180534363,-0.3520213663578033,0.9998438358306884,0.0274824108928442,-0.4930987358093261,-0.3822880983352661,0.9998841881752014,0.1250777095556259,-0.4443508982658386,-0.4285448491573334,0.999954342842102,0.0897675082087516,-0.4375690817832947,-0.4358783364295959,0.9999511241912842,0.2437946200370788,-0.3550690114498138,-0.2375526577234268,0.9999500513076782,-0.0471887439489364,-0.334247887134552,-0.3530014455318451,0.9999222755432128,0.3345181047916412,-0.1436086297035217,-0.2136548310518264,0.96869558095932,-0.0536267608404159,-0.1080786362290382,-0.3662524223327636,0.986356794834137,0.4803179204463959,0.0934431925415992,-0.293374091386795,0.9536603689193726,0.0839530453085899,0.1192542240023613,-0.4322303831577301,0.9762027859687804,0.5269227623939514,0.1424120515584945,-0.3146956264972687,0.927249550819397,0.0983313992619514,0.1866382360458374,-0.484049528837204,0.95721697807312,0.5151680111885071,0.1562016457319259,-0.3665724992752075,0.9320472478866576,0.1678471267223358,0.1769004315137863,-0.4864932894706726,0.959721863269806,0.4778675436973572,0.1123231500387191,-0.3170392215251922,0.9242163896560668,0.1207997575402259,0.1326345354318618,-0.4352675974369049,0.947756052017212,0.0849550440907478,0.0101841213181614,0.0298867020756006,0.9999314546585084,-0.0856911838054657,-0.0107271345332264,-0.0292748697102069,0.99991637468338,0.134416252374649,0.056604191660881,-0.1280387192964553,0.8900993466377258,0.070577472448349,-0.0519228242337703,-0.330431193113327,0.9691462516784668,-0.2141381949186325,0.0728333666920661,0.1052012592554092,0.6540945172309875,-0.100355677306652,0.0721157789230346,-0.1140700355172157,0.8027356266975403,-0.2500532567501068,0.0825914591550827,0.1283723413944244,0.5642878413200378,-0.1190136075019836,0.0900996103882789,-0.0909130349755287,0.6730937361717224,-0.2968867719173431,0.133812740445137,0.1327819973230362,0.6821437478065491,-0.1671038717031479,0.1825675070285797,-0.1080198213458061,0.8326581716537476
0.1351266652345657,-0.4359215199947357,-0.4670330882072449,0.9999763369560242,0.138995960354805,-0.4799925684928894,-0.4586840271949768,0.9999402761459352,0.1385497450828552,-0.4800128638744354,-0.4602977037429809,0.9999324083328248,0.139408603310585,-0.4798007905483246,-0.4584557116031647,0.9999418258666992,0.1108270138502121,-0.4777390658855438,-0.4712081551551819,0.9999409317970276,0.1132697016000747,-0.4779414534568786,-0.4710937440395355,0.9999350309371948,0.1128505021333694,-0.477141261100769,-0.4672124087810516,0.9999384880065918,0.1539475321769714,-0.485842615365982,-0.3668484985828399,0.9998232126235962,0.0429750010371208,-0.4678355455398559,-0.4059644043445587,0.999880850315094,0.1368010491132736,-0.4143352210521698,-0.4385973513126373,0.9999550580978394,0.104999341070652,-0.4076382219791412,-0.4488450288772583,0.9999517798423768,0.2403703182935714,-0.3422068655490875,-0.250962346792221,0.999947428703308,-0.0382958091795444,-0.3169547617435455,-0.3765638768672943,0.9999144673347472,0.3412363529205322,-0.1211370602250099,-0.2323433458805084,0.9674556255340576,-0.0336695984005928,-0.082200676202774,-0.3982757031917572,0.9865808486938475,0.4928158521652221,0.1472816914319992,-0.3127230405807495,0.9541348218917848,0.0913806110620498,0.1372258812189102,-0.4466765224933624,0.9776400923728944,0.5442630648612976,0.1992734968662262,-0.3353914320468902,0.9288509488105774,0.1022385209798812,0.1994069814682006,-0.4966457486152649,0.9597301483154296,0.5269238352775574,0.2136692702770233,-0.3877479135990143,0.9336057305336,0.1648095399141311,0.1849474012851715,-0.5025650262832642,0.9620006680488586,0.4894263446331024,0.1674418896436691,-0.3372140824794769,0.9259061217308044,0.124919056892395,0.1490999013185501,-0.4511744976043701,0.9499879479408264,0.0826948657631874,0.0103415418416261,0.0295256786048412,0.9999344348907472,-0.0834216475486755,-0.0109015805646777,-0.028921365737915,0.9999186992645264,0.0951675027608871,0.0278608500957489,-0.1454116255044937,0.8833033442497253,-0.0230785366147756,-0.0017637563869357,-0.2866788804531097,0.9648064374923706,-0.2383401542901992,0.0851683393120765,0.0290151759982109,0.6400194764137268,-0.2041080743074417,0.1046157553791999,-0.0425202250480651,0.7738518714904785,-0.2738263010978699,0.0989623591303825,0.0469016097486019,0.5556730628013611,-0.2268556803464889,0.122464008629322,-0.0169668272137641,0.6555517911911011,-0.3131715059280395,0.1440712958574295,0.0385524481534957,0.6739209294319153,-0.2683093547821045,0.207944169640541,-0.0323379226028919,0.8121286034584045
0.1597136259078979,-0.393118679523468,-0.483920693397522,0.9999716877937316,0.1654859185218811,-0.4367260336875915,-0.4776854813098907,0.9999248385429382,0.1649780422449112,-0.4368124306201935,-0.4792021512985229,0.9999081492424012,0.1659035384654998,-0.4365685880184173,-0.477381557226181,0.9999248385429382,0.1373926550149917,-0.4361398816108703,-0.4910979866981506,0.9999268651008606,0.1398594230413437,-0.4363232254981994,-0.4909391701221466,0.999914526939392,0.1394338756799698,-0.4354927837848663,-0.4871423244476318,0.9999213218688964,0.1778872162103653,-0.4537733197212219,-0.3856411874294281,0.9997480511665344,0.0686562955379486,-0.441337913274765,-0.4290190041065216,0.9998515248298644,0.1599066853523254,-0.3770289421081543,-0.454380601644516,0.999950647354126,0.1286211758852005,-0.3718867301940918,-0.4661671221256256,0.9999452829360962,0.2535392940044403,-0.3189949095249176,-0.2694371342658996,0.9999380111694336,-0.0210958886891603,-0.3035961091518402,-0.3946101367473602,0.9998909831047058,0.3465889394283294,-0.1045923829078674,-0.2513377070426941,0.9663216471672058,-0.017468562349677,-0.0787080973386764,-0.4069961607456207,0.9860900044441224,0.4837231636047363,0.1520978510379791,-0.3440902233123779,0.9541831016540528,0.1117484420537948,0.1332103312015533,-0.4567015171051025,0.9786158204078674,0.5312554240226746,0.203092560172081,-0.3683612644672394,0.929840326309204,0.1225675567984581,0.1958735138177871,-0.5083585381507874,0.961508572101593,0.5135971903800964,0.2154902815818786,-0.4195572733879089,0.934596061706543,0.1878261715173721,0.1816587895154953,-0.5117906332015991,0.9634984135627748,0.4795453548431396,0.1705806851387024,-0.3686468303203583,0.9272837042808532,0.1462270468473434,0.1452603191137313,-0.4602416157722473,0.9511063694953918,0.0805651396512985,0.0119206141680479,0.0245263874530792,0.9999263286590576,-0.0813043937087059,-0.0125436075031757,-0.0238864030689001,0.9999038577079772,0.0819941386580467,0.005958239082247,-0.1935324668884277,0.8795771598815918,-0.0927550420165062,-0.03012709133327,-0.268987089395523,0.960880696773529,-0.2753191888332367,0.0595335960388183,-0.0554388798773288,0.6378166675567627,-0.2025261521339416,0.1026639118790626,-0.0313545353710651,0.749030590057373,-0.3125000298023224,0.0710529685020446,-0.0410549007356166,0.5579384565353394,-0.2196527272462844,0.1226570680737495,-0.0080109043046832,0.6461747288703918,-0.3461711704730987,0.1087987497448921,-0.0623539499938488,0.6714820265769958,-0.2653097808361053,0.2088509500026703,-0.0221607536077499,0.791289746761322
0.2035198807716369,-0.2458904683589935,-0.5747502446174622,0.9999693632125854,0.2113919258117675,-0.2882877588272095,-0.5717650055885315,0.9999176859855652,0.2108993381261825,-0.288399875164032,-0.5731398463249207,0.999897599220276,0.2118310183286667,-0.2880023419857025,-0.5712147951126099,0.9999176859855652,0.1855494379997253,-0.2887734770774841,-0.5893969535827637,0.9999229907989502,0.1880531907081604,-0.2887261211872101,-0.5891874432563782,0.9999099373817444,0.187631294131279,-0.2880465984344482,-0.5852659344673157,0.9999164938926696,0.2075575739145279,-0.3228935003280639,-0.4724023640155792,0.9997310638427734,0.1082529872655868,-0.3119925856590271,-0.5366588234901428,0.9998489618301392,0.194202184677124,-0.2390588819980621,-0.5396907925605774,0.9999485611915588,0.1657179892063141,-0.2346210181713104,-0.5589553117752075,0.9999425411224364,0.2487524151802063,-0.2421893328428268,-0.3462123572826385,0.999939501285553,-0.0073159481398761,-0.199001058936119,-0.4660125970840454,0.999889314174652,0.3340500593185425,-0.0233549792319536,-0.302725225687027,0.9666903614997864,0.0167866554111242,0.0362669862806797,-0.4860326647758484,0.985779106616974,0.46454057097435,0.2247480005025863,-0.3835927248001098,0.9561513662338256,0.1294134855270385,0.2341288328170776,-0.5298964977264404,0.979674756526947,0.5075002312660217,0.2599777281284332,-0.4171252846717834,0.9333347082138062,0.1331278383731842,0.2791313529014587,-0.5756517648696899,0.9636561870574952,0.4666401743888855,0.2822487950325012,-0.4609006643295288,0.9379431009292604,0.1839369237422943,0.2689370512962341,-0.584136962890625,0.9654451012611388,0.4560640156269073,0.244500458240509,-0.4062215983867645,0.9311383962631226,0.1582047492265701,0.2450999319553375,-0.5341967940330505,0.953214943408966,0.0795880183577537,0.0109187699854373,0.0261985883116722,0.9999329447746276,-0.0803382247686386,-0.0116214109584689,-0.0254161283373832,0.9999118447303772,0.0698603466153144,0.0760670602321624,-0.1817298233509063,0.8813114762306213,-0.09285868704319,0.096913918852806,-0.2454723119735717,0.9584468603134156,-0.2951024174690246,0.1274541765451431,-0.0067483279854059,0.6409215331077576,-0.2455593794584274,0.1571459621191024,0.0389734245836734,0.7294678092002869,-0.3342603743076324,0.1367042362689972,0.0117923198267817,0.5652166604995728,-0.265842080116272,0.1707913726568222,0.070061594247818,0.6404580473899841,-0.3862064182758331,0.1875249445438385,-0.0047994749620556,0.6774741411209106,-0.3245400190353393,0.2662278711795807,0.0899256765842437,0.778839647769928
0.2275144159793853,-0.2788243293762207,-0.5588845610618591,0.9999702572822572,0.2364485263824463,-0.321757823228836,-0.5564546585083008,0.9999203085899352,0.2360046058893203,-0.3218877017498016,-0.5579237341880798,0.999900996685028,0.2368491291999817,-0.3214905560016632,-0.5560374855995178,0.9999210238456726,0.2106626480817794,-0.3231739699840545,-0.5739884376525879,0.9999265670776368,0.2130641192197799,-0.3229393064975738,-0.5738677978515625,0.9999145865440368,0.212561160326004,-0.3222719132900238,-0.5698708295822144,0.9999202489852904,0.2306685149669647,-0.347379207611084,-0.4580292403697967,0.999746322631836,0.1302630305290222,-0.3417287170886993,-0.521565318107605,0.999858558177948,0.2167326807975769,-0.2674131989479065,-0.523774266242981,0.9999510049819946,0.1879274398088455,-0.2646770179271698,-0.542326807975769,0.9999451637268066,0.2632889151573181,-0.2567417621612549,-0.3240359723567962,0.9999435544013976,0.0129166049882769,-0.2288694381713867,-0.4610331058502197,0.9998942017555236,0.3214161992073059,-0.0411101430654525,-0.2787308096885681,0.9674033522605896,0.0086594112217426,0.0163548402488231,-0.4913665354251861,0.9859358668327332,0.4573043882846832,0.2077355086803436,-0.3631395399570465,0.9590139389038086,0.118825577199459,0.2240303754806518,-0.5523343086242676,0.9811354875564576,0.4900148808956146,0.2430532127618789,-0.3982975780963897,0.9378058314323424,0.1250399798154831,0.266540378332138,-0.6042555570602417,0.9663599133491516,0.4627178311347961,0.2666146755218506,-0.444663792848587,0.9422205686569214,0.1791886091232299,0.2603838443756103,-0.608992874622345,0.9679735898971558,0.4487699568271637,0.2281892746686935,-0.3873412609100342,0.9358869791030884,0.1482958346605301,0.2363932132720947,-0.556241512298584,0.9561405181884766,0.0791319161653518,0.0109296208247542,0.0297341030091047,0.99993896484375,-0.0798443034291267,-0.0116416411474347,-0.0289048440754413,0.9999189376831056,0.0759395584464073,0.0960433930158615,-0.1746622920036316,0.8770727515220642,-0.1205454543232917,0.1232449561357498,-0.2159260213375091,0.9554422497749328,-0.2941083610057831,0.1029102653264999,0.0213784724473953,0.6321626901626587,-0.339324027299881,0.1169329658150672,0.0757954344153404,0.7083467245101929,-0.3352129757404327,0.106306068599224,0.0408421494066715,0.5627699494361877,-0.3665606379508972,0.1193369403481483,0.1080382615327835,0.6314148306846619,-0.3980260193347931,0.1617701947689056,0.0072451448068022,0.6757727265357971,-0.4406818151473999,0.2107885032892227,0.1367356777191162,0.7653744220733643
0.2278867363929748,-0.206925630569458,-0.6270462274551392,0.9999685287475586,0.2430419921875,-0.2438791245222091,-0.627650260925293,0.9999176859855652,0.242635503411293,-0.2439548522233963,-0.629207193851471,0.9998971223831176,0.2434587925672531,-0.2434661537408828,-0.6273528933525085,0.9999191164970398,0.2171690315008163,-0.2485325783491134,-0.6449378728866577,0.9999271035194396,0.219488188624382,-0.2480001896619796,-0.6447863578796387,0.9999160766601562,0.2188395708799362,-0.2474724501371383,-0.6406209468841553,0.999921441078186,0.2461024224758148,-0.2770023047924042,-0.5274540781974792,0.9997512698173524,0.1431053876876831,-0.2833394408226013,-0.5905063152313232,0.9998648762702942,0.2175596207380294,-0.2023514509201049,-0.5893034338951111,0.999949872493744,0.1879319250583648,-0.2030130475759506,-0.6083846688270569,0.9999448657035828,0.2747381925582886,-0.222884863615036,-0.3808513879776001,0.999946653842926,0.012369374744594,-0.2027665376663208,-0.5089342594146729,0.9999018311500548,0.31638303399086,-0.012326187454164,-0.3209474682807922,0.9680941104888916,-0.0093427849933505,0.0457138456404209,-0.5426862835884094,0.985924243927002,0.4550522863864898,0.2326427847146988,-0.392556756734848,0.961746335029602,0.095195472240448,0.263552725315094,-0.610995352268219,0.9824931025505066,0.4809759855270386,0.2636895477771759,-0.4298475384712219,0.9419478178024292,0.1004250049591064,0.3061439394950866,-0.6652959585189819,0.9688313603401184,0.4599766135215759,0.2875761091709137,-0.4763176143169403,0.946178674697876,0.1565819233655929,0.3021590709686279,-0.6702748537063599,0.9703006148338318,0.4456523656845093,0.2516167163848877,-0.4170416295528412,0.9403001666069032,0.1250466853380203,0.2771380245685577,-0.6156836748123169,0.9589139223098756,0.0798211172223091,0.0113159138709306,0.0338825769722461,0.9999434947967528,-0.0804693326354026,-0.0120998183265328,-0.0330334231257438,0.9999251961708068,0.0788892209529876,0.1791230589151382,-0.0399737022817134,0.8698030114173889,-0.1869681179523468,0.1646964102983474,-0.0953902006149292,0.9524194002151488,-0.2618995308876037,0.1353419125080108,0.2302674055099487,0.6090916395187378,-0.4222089648246765,0.1525115072727203,0.1997577846050262,0.7069152593612671,-0.2981815636157989,0.1425263732671737,0.2590579986572265,0.5448421239852905,-0.4505879282951355,0.1614811569452285,0.231594979763031,0.6280040740966797,-0.3469817340373993,0.2016400247812271,0.2617531716823578,0.6620526909828186,-0.5260686874389648,0.2516973912715912,0.2318250834941864,0.7654832005500793
0.2571950554847717,-0.1844574064016342,-0.6301713585853577,0.9999608993530272,0.2743819952011108,-0.2204015105962753,-0.6326037645339966,0.9999090433120728,0.2740684747695923,-0.2204142361879348,-0.6343039274215698,0.9998881816864014,0.2747416794300079,-0.2198677659034729,-0.6325563192367554,0.99991375207901,0.2495080977678299,-0.2263801246881485,-0.6504653096199036,0.9999229907989502,0.2517029047012329,-0.2256315350532531,-0.6504513621330261,0.9999131560325624,0.2507901787757873,-0.2253417521715164,-0.6461787223815918,0.9999175667762756,0.2831094264984131,-0.253612756729126,-0.534437894821167,0.9997510313987732,0.181646391749382,-0.2666734158992767,-0.5993431806564331,0.9998645186424256,0.2474187165498733,-0.1810179501771927,-0.5923395156860352,0.9999350905418396,0.2180723696947097,-0.1833729743957519,-0.6119822263717651,0.9999317526817322,0.3022892475128174,-0.2255600839853286,-0.3912209570407867,0.9999480843544006,0.0364896729588508,-0.2042631059885025,-0.5134841799736023,0.9999079704284668,0.3287791609764099,-0.0217661894857883,-0.3288577198982239,0.96234393119812,-0.000494678330142,0.0340114086866378,-0.5495684146881104,0.9842697978019714,0.4461483061313629,0.2275197058916092,-0.3920998573303222,0.9627090096473694,0.0945121645927429,0.2631345391273498,-0.6117607951164246,0.9832279086112976,0.4716063737869262,0.2560082376003265,-0.4335037767887115,0.9433552622795104,0.1013627126812934,0.3021720647811889,-0.6726439595222473,0.9699981808662416,0.4552200138568878,0.2777981460094452,-0.4759848713874817,0.9479103088378906,0.1581383943557739,0.2993406355381012,-0.6758725643157959,0.9714368581771852,0.4384977519512176,0.2455706298351287,-0.415137767791748,0.9424264430999756,0.1239246800541877,0.2773087620735168,-0.6181368827819824,0.959696352481842,0.0806473791599273,0.0108950613066554,0.0393389463424682,0.9999401569366456,-0.0811701193451881,-0.0117191467434167,-0.0385861545801162,0.99992698431015,0.0124809248372912,0.1778476685285568,0.2302333116531372,0.8263764381408691,-0.2377174347639084,0.1747340410947799,0.136216402053833,0.9456517100334167,-0.245947316288948,0.1594299525022506,0.5545088052749634,0.5756209492683411,-0.4970324337482452,0.1709919869899749,0.4231492280960083,0.7218201160430908,-0.2855972945690155,0.1705875396728515,0.5871457457542419,0.5165292024612427,-0.5256242752075195,0.1732566654682159,0.4516468942165375,0.6320774555206299,-0.3379607498645782,0.2681765258312225,0.5606419444084167,0.6457343697547913,-0.5845304131507874,0.2699799835681915,0.3965631127357483,0.7774515151977539
0.29399573802948,-0.2058164030313491,-0.6145292520523071,0.9999582767486572,0.3114609718322754,-0.241723820567131,-0.6148525476455688,0.9999062418937684,0.311170369386673,-0.2417569607496261,-0.6165832281112671,0.9998854994773864,0.3118230402469635,-0.2412204593420028,-0.6148437857627869,0.9999127984046936,0.2864218354225158,-0.2500190436840057,-0.6329436302185059,0.9999234080314636,0.2885807454586029,-0.2491959780454635,-0.6329733729362488,0.9999147057533264,0.2875829637050628,-0.2489468157291412,-0.6287493705749512,0.999919056892395,0.3170420527458191,-0.2657698392868042,-0.5147160291671753,0.9997553825378418,0.2143171280622482,-0.289364218711853,-0.5808486342430115,0.9998695254325868,0.2827687561511993,-0.1982188075780868,-0.5771569609642029,0.999927580356598,0.2529627382755279,-0.2036966979503631,-0.596674919128418,0.9999272227287292,0.3312701284885406,-0.2163457870483398,-0.3691692650318146,0.9999483227729796,0.0669632703065872,-0.2175041288137436,-0.5111826658248901,0.9999143481254578,0.3611242473125458,-0.021380728110671,-0.3092477917671203,0.953241229057312,0.0031324047595262,0.0146278487518429,-0.5391001105308533,0.98425555229187,0.4497542083263397,0.2254136055707931,-0.3753252327442169,0.9623268842697144,0.0849742218852043,0.2551859021186828,-0.5987337827682495,0.9843022227287292,0.4916455745697021,0.2553932964801788,-0.4122363328933716,0.9432977437973022,0.0911384373903274,0.2983080446720123,-0.6660170555114746,0.9717532396316528,0.474505603313446,0.27194544672966,-0.4577844738960266,0.9481384754180908,0.1483089625835418,0.2957817912101745,-0.6658228039741516,0.9731001853942872,0.4451419711112976,0.2412190735340118,-0.3990863561630249,0.9430939555168152,0.1144193634390831,0.2708030343055725,-0.6051948666572571,0.9614989161491394,0.0806413441896438,0.0119878444820642,0.0451424680650234,0.9999364018440248,-0.0811284705996513,-0.0128408884629607,-0.044492233544588,0.9999284744262696,0.0011288605164736,0.1766895353794098,0.2484514862298965,0.7791025638580322,-0.227363109588623,0.1747359633445739,0.1403554081916809,0.9392197132110596,-0.2472473978996276,0.1638071238994598,0.5646453499794006,0.5489546060562134,-0.5002936124801636,0.1791712641716003,0.4227122366428375,0.738078773021698,-0.2804746627807617,0.1755696833133697,0.5966721773147583,0.4973467886447906,-0.529828667640686,0.185361847281456,0.4499412775039673,0.6421365737915039,-0.3268004059791565,0.2720317244529724,0.5742548704147339,0.6347229480743408,-0.5864992737770081,0.2633469402790069,0.3912003636360168,0.7900503277778625
0.3207002282142639,-0.1966335177421569,-0.6091623902320862,0.9999533891677856,0.3388778865337372,-0.2313081324100494,-0.6087868809700012,0.9998986124992372,0.3386079668998718,-0.2313771247863769,-0.6105231046676636,0.9998769760131836,0.3392291963100433,-0.2307833731174469,-0.6087842583656311,0.9999077320098876,0.3148649930953979,-0.2414838820695877,-0.627436637878418,0.9999203085899352,0.3169911205768585,-0.2404896914958953,-0.6275136470794678,0.9999123215675354,0.316002756357193,-0.2402788549661636,-0.6233171224594116,0.9999169111251832,0.3379168808460235,-0.2501459419727325,-0.5073322057723999,0.9997506141662598,0.2394088059663772,-0.2816681861877441,-0.5762003660202026,0.9998692870140076,0.3060217797756195,-0.1876065135002136,-0.5715261101722717,0.9999143481254578,0.2772493958473205,-0.1953073441982269,-0.5916741490364075,0.9999182820320128,0.3442402184009552,-0.196062758564949,-0.3628965020179748,0.9999479055404664,0.0805038586258888,-0.2128695398569107,-0.5062782764434814,0.9999196529388428,0.3571826815605163,-0.001430987031199,-0.2992244362831116,0.9407286643981934,0.0035384052898734,0.0192960482090711,-0.5362618565559387,0.9834693670272828,0.4408787190914154,0.2376558929681778,-0.3679739534854889,0.9610713720321656,0.0801003202795982,0.2658751308917999,-0.6010616421699524,0.985020399093628,0.4839306473731994,0.2658518850803375,-0.4030705094337463,0.9424548745155334,0.0892399623990058,0.3071364760398865,-0.6701796650886536,0.9729406237602234,0.4666002690792084,0.2780339419841766,-0.4483516812324524,0.9476546049118042,0.1427874267101287,0.3049268424510956,-0.6702902913093567,0.9742256999015808,0.4362817704677582,0.2508659958839416,-0.3912959992885589,0.9428171515464784,0.1098229959607124,0.2815815508365631,-0.6080508828163147,0.9623935222625732,0.0814571306109428,0.012161249294877,0.049014788120985,0.9999340772628784,-0.0818475857377052,-0.01303331553936,-0.0484036244451999,0.9999303817749025,0.0395004265010356,0.1754583269357681,0.2404257804155349,0.7425910830497742,-0.2137515544891357,0.1782735884189605,0.1255221366882324,0.9345895648002625,-0.1681040376424789,0.1693761348724365,0.53667813539505,0.534564733505249,-0.4958484470844269,0.1742503941059112,0.410841554403305,0.7530292272567749,-0.1949772834777832,0.1828097999095916,0.5670554637908936,0.4857086539268493,-0.5262256264686584,0.1788458228111267,0.4383386075496673,0.6509979367256165,-0.2243253886699676,0.2816327512264251,0.547561526298523,0.631968080997467,-0.5821280479431152,0.2449465841054916,0.3835215866565704,0.8009454011917114
0.3317985236644745,-0.1885251998901367,-0.6073008179664612,0.9999481439590454,0.3514790534973144,-0.2218929082155227,-0.6053706407546997,0.9998898506164552,0.3512049913406372,-0.2220230996608734,-0.6070692539215088,0.9998674392700196,0.3518083691596985,-0.2213661819696426,-0.6053539514541626,0.9999021887779236,0.3271276354789734,-0.2342422902584076,-0.6230390667915344,0.9999169111251832,0.3292014300823211,-0.2331278026103973,-0.6231103539466858,0.9999094009399414,0.328177660703659,-0.2329930663108825,-0.6189236640930176,0.9999141693115234,0.3513199687004089,-0.2325648069381714,-0.5012127161026001,0.999742329120636,0.2506349980831146,-0.2730059325695038,-0.5655308961868286,0.9998666644096376,0.3167933225631714,-0.1769553571939468,-0.5691866874694824,0.9998995065689088,0.2873619198799133,-0.1870870143175125,-0.588340163230896,0.9999065399169922,0.3545452356338501,-0.1671309769153595,-0.3588922023773193,0.9999462962150574,0.0860969796776771,-0.2054061591625213,-0.4971075057983398,0.9999240040779114,0.3642340302467346,0.0204752665013074,-0.2921774089336395,0.9303290843963624,0.0055213533341884,0.0249038338661193,-0.5221303701400757,0.9828801155090332,0.4408014416694641,0.2660249471664428,-0.3539900481700897,0.9602274894714355,0.0780907794833183,0.2743757367134094,-0.5909616351127625,0.9857364296913148,0.4855915307998657,0.2976842224597931,-0.3883992433547973,0.942127764225006,0.0846234112977981,0.3136877715587616,-0.6600304841995239,0.9742187857627868,0.4681172370910644,0.3067627251148224,-0.4385606944561004,0.9475961327552797,0.1408662796020507,0.3146528899669647,-0.6613253355026245,0.9754422903060912,0.4364010393619537,0.2782046794891357,-0.3793670237064361,0.943124532699585,0.1086296513676643,0.2913998961448669,-0.5984751582145691,0.9636473059654236,0.0830181539058685,0.0130268381908535,0.0492691472172737,0.9999344944953918,-0.0833198204636573,-0.0139116430655121,-0.04865188524127,0.9999337792396544,0.0721582174301147,0.1472533494234085,0.2111379206180572,0.7067579030990601,-0.2355842441320419,0.1866723746061325,0.1370225846767425,0.9268614053726196,-0.1188334077596664,0.1624438017606735,0.5071491599082947,0.5187198519706726,-0.4869419038295746,0.17096509039402,0.4296295344829559,0.7636635899543762,-0.1425501257181167,0.1761993616819381,0.5377088785171509,0.4746956825256347,-0.5138335824012756,0.1745692193508148,0.4576986730098724,0.655441403388977,-0.1690030992031097,0.2657024264335632,0.5129097700119019,0.6283755302429199,-0.5698889493942261,0.2355743050575256,0.3990084826946258,0.8088347315788269
0.3362760245800018,-0.1701884716749191,-0.6066307425498962,0.9999496340751648,0.3621862232685089,-0.2008725255727768,-0.6042415499687195,0.9998927116394044,0.3619172871112823,-0.2010600715875625,-0.6059385538101196,0.9998714327812196,0.3625034689903259,-0.2003675550222396,-0.6041687726974487,0.9999054074287416,0.3374185562133789,-0.216309517621994,-0.6212956309318542,0.99992036819458,0.339452713727951,-0.215099424123764,-0.6212889552116394,0.9999136328697203,0.3385271430015564,-0.2149879187345504,-0.6171139478683472,0.9999180436134338,0.3731120824813843,-0.2145135998725891,-0.496444821357727,0.999755322933197,0.2699329555034637,-0.2669757008552551,-0.5586907267570496,0.999874711036682,0.3234679102897644,-0.161306083202362,-0.5671404600143433,0.9999018311500548,0.2932243049144745,-0.1753610074520111,-0.5855971574783325,0.9999099969863892,0.3751115798950195,-0.1420487016439438,-0.3509173393249511,0.9999485611915588,0.1107741743326187,-0.2063830494880676,-0.494996428489685,0.9999296069145204,0.371559590101242,0.0595685802400112,-0.2899687886238098,0.930869162082672,0.0107595091685652,0.0260165762156248,-0.5250961780548096,0.9831187129020692,0.445304274559021,0.2965296804904938,-0.3520337641239166,0.9614986181259156,0.0736748278141021,0.2911796569824219,-0.5945298075675964,0.9864925146102904,0.4918898642063141,0.3292839229106903,-0.386021226644516,0.9440062046051024,0.0730623081326484,0.3360535204410553,-0.6617366671562195,0.9755948185920716,0.4795929193496704,0.3407276570796966,-0.435739129781723,0.9493544101715088,0.1393717676401138,0.3453225791454315,-0.6595032215118408,0.9767463207244872,0.4429812431335449,0.3093790709972381,-0.3773896992206573,0.9451565146446228,0.1040346175432205,0.3124119639396667,-0.5998637080192566,0.9651615619659424,0.0830436944961547,0.0196701493114233,0.0505270399153232,0.9999389052391052,-0.0833525359630584,-0.0206106323748826,-0.0499170906841754,0.9999381303787231,0.0866379961371421,0.2193111032247543,0.1507588475942611,0.6984755396842957,-0.2095084637403488,0.2520911991596222,0.1052162572741508,0.9256649017333984,-0.1400394737720489,0.1999731510877609,0.4260202050209045,0.5131093263626099,-0.4646871984004974,0.167811170220375,0.3591246306896209,0.7667831778526306,-0.1677056699991226,0.2073153853416443,0.4534186124801636,0.4724264144897461,-0.4951613843441009,0.1642487794160843,0.3833504617214203,0.6569699645042419,-0.17290098965168,0.2907998859882355,0.4311895072460174,0.6283649206161499,-0.5804286003112793,0.2280523926019668,0.3341457545757293,0.8125307559967041
0.3306511342525482,-0.1823830753564834,-0.6108822822570801,0.999951720237732,0.3573470115661621,-0.2135174572467804,-0.6080477237701416,0.9998961687088012,0.3570847809314728,-0.2137250453233719,-0.6097401976585388,0.9998762607574464,0.3576515316963196,-0.2130259573459625,-0.6079739332199097,0.9999088644981384,0.3311225175857544,-0.2289613932371139,-0.6228691339492798,0.9999241232872008,0.3330931663513183,-0.2276879847049713,-0.6228182315826416,0.9999181628227234,0.3321984708309173,-0.2275639325380325,-0.6186252236366272,0.999921977519989,0.3740485608577728,-0.2164693027734756,-0.4997052848339081,0.9997685551643372,0.2633835673332214,-0.270448625087738,-0.552976667881012,0.9998825192451476,0.320686012506485,-0.168590098619461,-0.5715845227241516,0.9999061822891236,0.2883695065975189,-0.1828507333993911,-0.5869921445846558,0.9999144077301024,0.3849910497665405,-0.1244703009724617,-0.3464926779270172,0.9999504685401917,0.1126434057950973,-0.2018821090459823,-0.4906930923461914,0.9999344348907472,0.3830346763134002,0.0916236042976379,-0.2876791357994079,0.933229684829712,0.0065071070566773,0.0281891357153654,-0.5183216333389282,0.9838131666183472,0.4419519305229187,0.3277607560157776,-0.3483230173587799,0.9630911350250244,0.0472863838076591,0.3008516132831573,-0.5888864398002625,0.9873184561729432,0.4885675311088562,0.3611770272254944,-0.3802143633365631,0.9462429881095886,0.0408730991184711,0.3488174378871918,-0.6545339226722717,0.9770749807357788,0.4739553928375244,0.3694552779197693,-0.4329765439033508,0.9514038562774658,0.1107795462012291,0.3606810569763183,-0.6533603668212891,0.978143870830536,0.4390441477298736,0.338514119386673,-0.3747904896736145,0.9473989009857178,0.0763111934065818,0.323663055896759,-0.5938457250595093,0.9668681025505066,0.0830698460340499,0.0252088122069835,0.0506471805274486,0.9999427795410156,-0.0833827555179596,-0.026208758354187,-0.0500182583928108,0.9999420046806335,0.1119423434138298,0.2402955740690231,0.0823929682374,0.703346848487854,-0.2005711644887924,0.2688699960708618,0.0191889442503452,0.92750483751297,-0.1415840834379196,0.2386885285377502,0.3364940881729126,0.5162676572799683,-0.4791523218154907,0.1710649728775024,0.2866199612617492,0.7715336084365845,-0.1722210794687271,0.24740631878376,0.3637416660785675,0.474009245634079,-0.5134649872779846,0.1697196066379547,0.315121978521347,0.6577398777008057,-0.2022289931774139,0.3259449303150177,0.3810869753360748,0.6326742768287659,-0.6060581803321838,0.2381572276353836,0.3122096657752991,0.8162462711334229
0.3402329385280609,-0.1733780950307846,-0.6047887206077576,0.9999528527259828,0.3672282099723816,-0.2051250785589218,-0.602279782295227,0.999897599220276,0.3669887185096741,-0.2053440809249878,-0.6039638519287109,0.9998787641525269,0.3675163686275482,-0.2046282738447189,-0.6021928787231445,0.9999107122421264,0.3422008156776428,-0.2210623472929,-0.6173302531242371,0.999926507472992,0.3440913259983063,-0.2196710109710693,-0.6172889471054077,0.9999212622642516,0.3432096242904663,-0.2196168899536132,-0.613106369972229,0.9999246001243592,0.3830112218856811,-0.2111051380634308,-0.4951134026050567,0.9997780323028564,0.2769238948822021,-0.2660769522190094,-0.5488238334655762,0.9998883605003356,0.3299329876899719,-0.1608388125896453,-0.5659123063087463,0.9999088644981384,0.2987309396266937,-0.1756194531917572,-0.5815979838371277,0.9999175667762756,0.3931590914726257,-0.120730809867382,-0.3451736569404602,0.9999513626098632,0.1247755289077758,-0.2002854347229004,-0.4868835508823395,0.9999375939369202,0.3810513019561767,0.0922030210494995,-0.2782191634178161,0.9341522455215454,0.0042721200734376,0.0279757864773273,-0.5132578015327454,0.9842334389686584,0.4378188252449035,0.3283331394195556,-0.3285624384880066,0.964063286781311,0.0259794518351554,0.3033076524734497,-0.5813361406326294,0.9879165291786194,0.4793986678123474,0.3635843396186828,-0.3574670255184173,0.9477324485778807,0.0151507575064897,0.3531261682510376,-0.6454731225967407,0.978161633014679,0.4679264426231384,0.3737870156764984,-0.4118045270442962,0.9527857899665833,0.0830204561352729,0.3674289584159851,-0.6450397968292236,0.9791576862335204,0.435028463602066,0.3398845791816711,-0.3554092049598694,0.94891619682312,0.0531079210340976,0.3271762728691101,-0.5862948894500732,0.967927098274231,0.0828421860933303,0.0284815616905689,0.0507540702819824,0.9999449253082277,-0.0830911770462989,-0.0295057687908411,-0.050124529749155,0.9999435544013976,0.1074557676911354,0.2447101920843124,0.050819419324398,0.7071557641029358,-0.1954024732112884,0.2702599167823791,-0.0248201470822095,0.9286982417106628,-0.1919104009866714,0.2363215535879135,0.2944662272930145,0.5231744050979614,-0.4753961265087127,0.1719173640012741,0.2514013648033142,0.7758718132972717,-0.2290797382593155,0.2441927939653396,0.3205700218677521,0.4781292378902435,-0.5098488926887512,0.1739064455032348,0.2809977233409881,0.6579914093017578,-0.2910822033882141,0.3228669464588165,0.3349471092224121,0.6399384140968323,-0.6033943295478821,0.2441619336605072,0.2904464602470398,0.8196819424629211
0.3465195298194885,-0.1790083050727844,-0.6011927723884583,0.9999536275863647,0.3746303021907806,-0.2111106663942337,-0.5987519025802612,0.9998989701271056,0.3744282126426697,-0.2113163471221923,-0.6004277467727661,0.9998815655708312,0.3749049305915832,-0.2106136977672577,-0.5986529588699341,0.9999130964279176,0.3494331240653991,-0.2274417281150818,-0.6137101650238037,0.9999287724494934,0.3512725830078125,-0.2260393053293228,-0.6136707067489624,0.9999243021011353,0.3503775894641876,-0.2260231524705886,-0.6094911098480225,0.9999271631240844,0.39263716340065,-0.2137855738401413,-0.4920404255390167,0.9997880458831788,0.2863946855068207,-0.269924134016037,-0.5458869934082031,0.999893605709076,0.3369441926479339,-0.1644846200942993,-0.5625573396682739,0.9999088644981384,0.3055372834205627,-0.1797191351652145,-0.5781093239784241,0.999918520450592,0.3964680135250091,-0.1170521527528762,-0.342103511095047,0.9999497532844543,0.1353878825902938,-0.1982584446668625,-0.4839591979980469,0.9999374747276306,0.3749538660049438,0.0924853757023811,-0.2632675766944885,0.9335721731185912,0.0080168209969997,0.0338845290243625,-0.5121707916259766,0.9843815565109252,0.4249104261398315,0.3315815925598144,-0.2942603826522827,0.9641278386116028,0.0202159248292446,0.3075099289417267,-0.5609627962112427,0.9881547689437866,0.4642371535301208,0.3682188093662262,-0.3183836042881012,0.9481520652770996,0.007752928417176,0.355525404214859,-0.6237244009971619,0.9786502718925476,0.455830305814743,0.3803808987140655,-0.3720620274543762,0.9532333016395568,0.0720676481723785,0.3707207143306732,-0.6208010911941528,0.9796203374862672,0.4232305288314819,0.343915045261383,-0.3200820982456207,0.9495826363563538,0.0456595830619335,0.3311585485935211,-0.5646160840988159,0.9682692885398864,0.0801114961504936,0.0300572961568832,0.051337394863367,0.9999462366104126,-0.0802272781729698,-0.0310845915228128,-0.0507055781781673,0.9999434351921082,0.0369655415415763,0.2697291970252991,0.0603480413556098,0.7025052905082703,-0.1816576272249221,0.2913127243518829,-0.0495513305068016,0.9285132884979248,-0.2757167220115661,0.2307707071304321,0.2984052896499634,0.5206297039985657,-0.4592816829681396,0.1730353832244873,0.2343466728925705,0.7711935043334961,-0.313883900642395,0.2384364306926727,0.324043720960617,0.4745838046073913,-0.4958260655403137,0.1702766716480255,0.2653981745243072,0.6508711576461792,-0.3837319612503052,0.3177036046981811,0.3492564857006073,0.6379550695419312,-0.578097939491272,0.2399651110172271,0.2861140668392181,0.8163080215454102
0.3391999304294586,-0.1749077290296554,-0.6022374033927917,0.999954342842102,0.3665770590305328,-0.2086477875709533,-0.6008267402648926,0.9999001622200012,0.3663833737373352,-0.2088513374328613,-0.602489173412323,0.9998842477798462,0.3668435215950012,-0.2081384360790252,-0.6007519960403442,0.9999154806137084,0.3407759368419647,-0.2247022688388824,-0.6153937578201294,0.9999306797981262,0.3425934612751007,-0.2232159376144409,-0.6153964400291443,0.9999269247055054,0.3416883945465088,-0.2232830971479416,-0.611182689666748,0.9999292492866516,0.3870062530040741,-0.2129409611225128,-0.4950518012046814,0.9997994899749756,0.2776288092136383,-0.2671380937099457,-0.5461917519569397,0.9998985528945924,0.3312082886695862,-0.160256490111351,-0.5635336637496948,0.999909281730652,0.2989585995674133,-0.1751186698675155,-0.5785255432128906,0.999919295310974,0.3959312736988067,-0.1173000410199165,-0.3405525982379913,0.9999498128890992,0.1272019743919372,-0.1916433125734329,-0.4840303957462311,0.9999383687973022,0.3734658658504486,0.0886926278471946,-0.2588495314121246,0.9325915575027466,0.0061144009232521,0.0409089997410774,-0.5099958181381226,0.9846630692481996,0.4057101011276245,0.3334669768810272,-0.2787334024906158,0.963934600353241,0.0099055031314492,0.3145342171192169,-0.555591344833374,0.9884701371192932,0.4398679733276367,0.3701163828372955,-0.3018280863761902,0.9481191039085388,-0.0013265219749882,0.3600766658782959,-0.6194984912872314,0.979209840297699,0.4267837405204773,0.3826679587364197,-0.355413556098938,0.9533140063285828,0.0617204271256923,0.374927282333374,-0.6142758131027222,0.9801558256149292,0.4016822278499603,0.346247136592865,-0.3039758503437042,0.9499598145484924,0.0350255593657493,0.3377723395824432,-0.5586667656898499,0.968801498413086,0.0798491910099983,0.0298565030097961,0.0516604930162429,0.9999472498893738,-0.0799129083752632,-0.030867863446474,-0.0510198995471,0.9999442100524902,0.0136699518188834,0.2637791037559509,0.104864202439785,0.6887075304985046,-0.1913301944732666,0.3028302192687988,-0.0361485071480274,0.9275896549224854,-0.2791834473609924,0.2270335108041763,0.3735140562057495,0.5154286623001099,-0.4502627849578857,0.1740269511938095,0.2612276375293731,0.7718772292137146,-0.3148914277553558,0.2355095595121383,0.4021253585815429,0.4687089622020721,-0.4832840859889984,0.1690888404846191,0.2933386564254761,0.6478894352912903,-0.3833203613758087,0.315261036157608,0.4146851897239685,0.6346441507339478,-0.57027268409729,0.2360653728246688,0.3051313161849975,0.8159654140472412
0.3366149067878723,-0.1701322495937347,-0.603001594543457,0.9999547004699708,0.3645403981208801,-0.2044104635715484,-0.6022199392318726,0.9999013543128968,0.3643609881401062,-0.2046153992414474,-0.603877067565918,0.9998865127563475,0.3648034632205963,-0.2039028257131576,-0.6021651029586792,0.9999175667762756,0.3387163579463959,-0.2206291109323501,-0.6169041395187378,0.9999322295188904,0.3405024707317352,-0.2190878242254257,-0.6169484853744507,0.9999289512634276,0.3395838737487793,-0.2191928923130035,-0.6127321124076843,0.99993097782135,0.3852361440658569,-0.2110129594802856,-0.4969019293785095,0.9998093843460084,0.2754533886909485,-0.2657534182071686,-0.5477584004402161,0.9999025464057922,0.3285936713218689,-0.1563768535852432,-0.5641157031059265,0.9999091029167176,0.2961746454238891,-0.1714243739843368,-0.5790972709655762,0.9999197125434875,0.3945233821868896,-0.1164185479283332,-0.3405220806598663,0.9999497532844543,0.121827632188797,-0.1920576840639114,-0.4842395782470703,0.9999393820762634,0.3721506893634796,0.0873965173959732,-0.2576414346694946,0.9304395318031312,0.0036915044765919,0.0395517833530902,-0.5073514580726624,0.9847112894058228,0.3983170390129089,0.3368962407112121,-0.2760621607303619,0.9633691310882568,0.0034373640082776,0.3129834830760956,-0.5552812814712524,0.9887093305587769,0.4329710006713867,0.3737141788005829,-0.299786239862442,0.9476151466369628,-0.005899460054934,0.3571163117885589,-0.6191868185997009,0.979611039161682,0.4183034002780914,0.3856149613857269,-0.3533169627189636,0.9530045986175536,0.057461217045784,0.3708679378032684,-0.6135016083717346,0.9805424809455872,0.393884003162384,0.3497430682182312,-0.3013002276420593,0.949952244758606,0.0290794689208269,0.335690826177597,-0.5581504702568054,0.9691299796104432,0.0798722431063652,0.0302096605300903,0.0517295189201831,0.9999462962150574,-0.0799264833331108,-0.0312167797237634,-0.0510882548987865,0.9999442100524902,0.0186013393104076,0.2596944272518158,0.1352242082357406,0.6721415519714355,-0.1957620680332183,0.2912521660327911,-0.0071680778637528,0.9258337020874025,-0.2620438635349273,0.2275574058294296,0.4177769422531128,0.508110523223877,-0.4505508244037628,0.1748917698860168,0.2916958928108215,0.7741953134536743,-0.2964129745960235,0.2350323349237442,0.4474667906761169,0.4607722759246826,-0.4817865788936615,0.1711307168006897,0.3230654001235962,0.6450290083885193,-0.3589578568935394,0.313413918018341,0.4524480104446411,0.630435585975647,-0.5704843997955322,0.2385639548301696,0.3209867775440216,0.8166638612747192
0.3298097550868988,-0.1757581681013107,-0.6110610961914062,0.999955415725708,0.3565911650657654,-0.2103995084762573,-0.611137330532074,0.9999033808708192,0.3563944101333618,-0.2105964571237564,-0.6127874851226807,0.999889314174652,0.3568595349788666,-0.2098855972290039,-0.6110966205596924,0.999919891357422,0.3305401802062988,-0.2263970077037811,-0.6247269511222839,0.999934196472168,0.3323633670806885,-0.2249005436897277,-0.6247628927230835,0.999931275844574,0.3314516246318817,-0.224987119436264,-0.6205509901046753,0.9999331831932068,0.3786540627479553,-0.215612381696701,-0.5065914392471313,0.9998179078102112,0.2672261893749237,-0.2701014280319214,-0.5518782734870911,0.999906599521637,0.3221615552902221,-0.1611165702342987,-0.5720903277397156,0.9999099969863892,0.2896367609500885,-0.1760677695274353,-0.5854811072349548,0.9999208450317384,0.3928554952144623,-0.1163688749074935,-0.3467443287372589,0.9999489188194276,0.1165624931454658,-0.1950820237398147,-0.4859488010406494,0.9999404549598694,0.3754734396934509,0.0860515013337135,-0.2604042589664459,0.9300318360328674,-0.0016307475743815,0.0367708355188369,-0.5061416029930115,0.9851113557815552,0.3990656733512878,0.3431761860847473,-0.2833307683467865,0.9635210633277892,-0.0020780691411346,0.3116235733032226,-0.5583788156509399,0.9891746640205384,0.4348112046718597,0.3822556138038635,-0.3087295293807983,0.947925627231598,-0.0101853655651211,0.3561365008354187,-0.6240900158882141,0.9803613424301147,0.4195946156978607,0.392854630947113,-0.3613840341567993,0.9534133672714232,0.0546246618032455,0.3705654442310333,-0.6186187863349915,0.9812633395195008,0.3945061862468719,0.3560235202312469,-0.3085496127605438,0.950646698474884,0.0242935996502637,0.3349730968475342,-0.5617063045501709,0.9700775742530824,0.0795087963342666,0.0314406901597976,0.0515149235725402,0.9999407529830932,-0.0795324966311454,-0.0324525162577629,-0.0508717186748981,0.999941885471344,0.0013391324318945,0.2539857625961303,0.1466067284345626,0.6589617133140564,-0.2024292051792144,0.2839863896369934,0.0226629935204982,0.923984706401825,-0.2724618017673492,0.2259681075811386,0.4346635639667511,0.5005342364311218,-0.4655896723270416,0.1755262464284896,0.3122242391109466,0.7786331176757812,-0.3064062297344208,0.2333637773990631,0.4645783901214599,0.4531375169754028,-0.4971659481525421,0.1719405204057693,0.3417373895645141,0.6437841653823853,-0.3662473857402801,0.3110438883304596,0.4622139632701874,0.6264410614967346,-0.5821707844734192,0.2404108345508575,0.3246711194515228,0.8191103935241699
0.327999472618103,-0.1810043305158615,-0.6102208495140076,0.9999573230743408,0.3557491600513458,-0.2155422419309616,-0.6093621253967285,0.9999069571495056,0.3555559813976288,-0.2157373875379562,-0.6110369563102722,0.999893844127655,0.3560081124305725,-0.2150417268276214,-0.6093534231185913,0.9999231696128844,0.3295013904571533,-0.2308975756168365,-0.6239446401596069,0.9999372959136964,0.3313064575195312,-0.2294841706752777,-0.6240275502204895,0.9999347925186156,0.3303899466991424,-0.2295214533805847,-0.6198215484619141,0.9999365210533142,0.3812812268733978,-0.2216737568378448,-0.5042743682861328,0.9998281598091124,0.2692619264125824,-0.2723589539527893,-0.5491194128990173,0.9999121427536012,0.3216453492641449,-0.1667332947254181,-0.5712952017784119,0.9999136924743652,0.2887888848781585,-0.1806820929050445,-0.5841630101203918,0.9999245405197144,0.3962161839008331,-0.1209487915039062,-0.3427757620811462,0.9999490976333618,0.1241073906421661,-0.1963315159082412,-0.485696792602539,0.9999423623085022,0.3879993855953216,0.0867943614721298,-0.2567570805549621,0.931878387928009,0.0032420088537037,0.0350113436579704,-0.502648651599884,0.9857411980628968,0.4056216180324554,0.3462185561656952,-0.2802989482879638,0.9637594819068908,-0.0001276635302929,0.3114433586597442,-0.5536085963249207,0.9896008372306824,0.4386142194271087,0.3870177567005157,-0.3048097491264343,0.9481666684150696,-0.0106909293681383,0.3577207326889038,-0.618451714515686,0.9810677766799928,0.4240085184574127,0.399267166852951,-0.3583061695098877,0.9536640644073486,0.0523924157023429,0.374456524848938,-0.6133498549461365,0.9819382429122924,0.4007843434810638,0.3598607778549194,-0.3058267533779144,0.9511151909828186,0.0251959729939699,0.3358013331890106,-0.5566830635070801,0.971019685268402,0.0777479410171508,0.0320565737783908,0.0513881258666515,0.9999387860298156,-0.0777504742145538,-0.0330711342394351,-0.0507459230720996,0.9999406337738036,0.0033132086973637,0.2779974341392517,0.1065011024475097,0.6637274622917175,-0.1943161487579345,0.2834090292453766,-0.0290458183735609,0.9251446723937988,-0.2766425907611847,0.2221888601779937,0.3652431666851043,0.5019946694374084,-0.4603464603424072,0.1737518012523651,0.2420491278171539,0.7811294794082642,-0.3114360570907593,0.2231777310371399,0.3928540050983429,0.4533469378948211,-0.4906207621097564,0.1680372804403305,0.2707578837871551,0.6443419456481934,-0.386078268289566,0.2906255424022674,0.4077964425086975,0.6271289587020874,-0.5805297493934631,0.2299048751592636,0.2737585604190826,0.8207250833511353
0.3274534940719604,-0.1837460696697235,-0.6092275977134705,0.9999589920043944,0.3534410893917084,-0.218453511595726,-0.6089548468589783,0.9999098181724548,0.3532288372516632,-0.2186507731676101,-0.6106001734733582,0.9998975396156312,0.3537203967571258,-0.217956006526947,-0.6088846325874329,0.99992573261261,0.3275936245918274,-0.2335621565580368,-0.6229815483093262,0.9999397993087769,0.3294705152511596,-0.2321661412715912,-0.6230048537254333,0.9999376535415648,0.3285797834396362,-0.2321867495775222,-0.618803083896637,0.9999391436576844,0.3766210079193115,-0.2252919524908065,-0.5049843192100525,0.999837040901184,0.2648576498031616,-0.2740128338336944,-0.5489509105682373,0.9999169111251832,0.3193128705024719,-0.1698704808950424,-0.5705353021621704,0.9999173879623412,0.2870971858501434,-0.183488592505455,-0.5833935141563416,0.999928057193756,0.3942546248435974,-0.1239578127861023,-0.3420111238956451,0.9999499320983888,0.1207697466015815,-0.1975187212228775,-0.4859336316585541,0.9999446272850036,0.3897091150283813,0.0856012180447578,-0.2558241188526153,0.9332953095436096,0.0025798184797167,0.033668614923954,-0.5019211173057556,0.9863641858100892,0.4070054888725281,0.3469588160514831,-0.2804207503795624,0.9638692140579224,-0.0013357864227145,0.3119053542613983,-0.5536408424377441,0.9900240302085876,0.4395669400691986,0.3887780904769897,-0.3047817349433899,0.9483492970466614,-0.0131862564012408,0.359536737203598,-0.6183104515075684,0.9817885756492616,0.425084501504898,0.4024510681629181,-0.3587350249290466,0.9538748264312744,0.0492258630692958,0.3774878978729248,-0.6134480237960815,0.9826256036758424,0.4017150104045868,0.3611202538013458,-0.3061422407627105,0.951509177684784,0.0235163662582635,0.336851954460144,-0.556725263595581,0.9719785451889038,0.077405534684658,0.032205544412136,0.0512723736464977,0.9999374747276306,-0.0773999541997909,-0.0332246236503124,-0.0506312064826488,0.9999402165412904,0.0113573465496301,0.2850013673305511,0.0785538405179977,0.6710354089736938,-0.1888640075922012,0.281887948513031,-0.0561793558299541,0.9269612431526184,-0.2679009437561035,0.2215090841054916,0.3305807411670685,0.5044512748718262,-0.4563071131706238,0.1718204915523529,0.2119463980197906,0.7846901416778564,-0.3024230003356933,0.2222490906715393,0.3579523861408233,0.4543893039226532,-0.4872833788394928,0.1652129590511322,0.2406503856182098,0.6464969515800476,-0.3768365681171417,0.2885929048061371,0.3758929371833801,0.6285369992256165,-0.5880765318870544,0.2258445918560028,0.2467865198850631,0.8230550289154053
0.3256550133228302,-0.1860875487327575,-0.6108459234237671,0.9999597072601318,0.3509501218795776,-0.2196215391159057,-0.611278772354126,0.9999104738235474,0.3507327139377594,-0.2198468744754791,-0.6128997206687927,0.9998985528945924,0.3512311577796936,-0.2191043198108673,-0.6111622452735901,0.9999265670776368,0.3250049650669098,-0.2365694940090179,-0.6239279508590698,0.9999409317970276,0.3268921375274658,-0.2350503951311111,-0.6239063739776611,0.9999390840530396,0.3260084390640259,-0.2351918667554855,-0.6197242736816406,0.9999405741691588,0.375389039516449,-0.2275367379188537,-0.5087170004844666,0.9998409152030944,0.263381689786911,-0.2781623601913452,-0.5485569834709167,0.999919295310974,0.3172730803489685,-0.1709268987178802,-0.5726014375686646,0.9999182224273682,0.2850150763988495,-0.1867457926273346,-0.5842296481132507,0.999929130077362,0.3931002020835876,-0.1216183230280876,-0.3449040353298187,0.9999477863311768,0.1219071075320243,-0.202584758400917,-0.4856868386268616,0.9999447464942932,0.3926829695701599,0.0933865383267402,-0.2598462700843811,0.9350976943969728,0.0045860600657761,0.0308744795620441,-0.5012834668159485,0.9868522882461548,0.4112841784954071,0.3593203127384186,-0.2807978689670563,0.964230477809906,-0.0002597331185825,0.3104952871799469,-0.5527199506759644,0.9903565049171448,0.4435324668884277,0.4035670757293701,-0.3055634796619415,0.9486068487167358,-0.0129094067960977,0.358819305896759,-0.6175341010093689,0.9822958707809448,0.4296997785568237,0.4151633083820343,-0.3592774569988251,0.9541609287261964,0.0492463484406471,0.3778474330902099,-0.6130596995353699,0.9831148982048036,0.4062520265579223,0.3730588257312774,-0.3066411316394806,0.9520688652992249,0.024290831759572,0.335975706577301,-0.5559832453727722,0.9727584719657898,0.0749524161219596,0.0338928140699863,0.0491690039634704,0.999927818775177,-0.0749429762363433,-0.03491697832942,-0.0485261790454387,0.9999330639839172,-0.0337941534817218,0.2768537402153015,0.0816917344927787,0.667872428894043,-0.1883106827735901,0.2700119912624359,-0.0384915061295032,0.924229085445404,-0.323866993188858,0.2084784358739853,0.3373368978500366,0.4997626841068268,-0.4564908742904663,0.170372873544693,0.2196222394704818,0.7833417654037476,-0.3603363037109375,0.2081606537103653,0.3646377027034759,0.4493997395038605,-0.4886349439620971,0.1647650301456451,0.2462538778781891,0.6414822340011597,-0.4393068552017212,0.2708012759685516,0.3760383725166321,0.6252318024635315,-0.5887795090675354,0.2212322205305099,0.2478085905313491,0.8223057389259338
0.3240332305431366,-0.18658547103405,-0.6115795373916626,0.9999599456787108,0.3492944240570068,-0.22098408639431,-0.6122199892997742,0.9999101161956788,0.3490768373012543,-0.2211890220642089,-0.6138192415237427,0.999898374080658,0.3495717942714691,-0.2204677015542984,-0.6120578050613403,0.9999264478683472,0.3233056366443634,-0.2369494587182998,-0.6244010925292969,0.9999412298202516,0.3251809775829315,-0.2354990541934967,-0.6243370175361633,0.9999396800994872,0.3242858052253723,-0.235582634806633,-0.6201693415641785,0.9999412894248962,0.3746762573719024,-0.2290135622024536,-0.5101368427276611,0.9998424649238586,0.2637571096420288,-0.2794080376625061,-0.5484973788261414,0.999920666217804,0.3158981204032898,-0.1717997640371322,-0.5734773278236389,0.9999183416366576,0.2835465669631958,-0.1878161877393722,-0.5847083926200867,0.9999296069145204,0.3911783695220947,-0.1203274577856063,-0.346881240606308,0.9999451637268066,0.1243917495012283,-0.2036237716674804,-0.4864540100097656,0.9999447464942932,0.3913643956184387,0.0986134558916091,-0.2654429376125335,0.9373184442520142,0.0098378863185644,0.0306174159049987,-0.5009320974349976,0.9872742891311646,0.4152751266956329,0.3622245788574219,-0.290193498134613,0.9648078680038452,0.0006332542980089,0.3175590634346008,-0.5504267811775208,0.9905973076820374,0.4483833909034729,0.4058400392532348,-0.3151596784591675,0.9491320252418518,-0.0104525405913591,0.3678914308547973,-0.6144272089004517,0.9826579689979552,0.4363028705120086,0.4159862399101257,-0.3672902584075928,0.9546275734901428,0.0517934784293174,0.3881947696208954,-0.6108733415603638,0.9834647178649902,0.4111656546592712,0.3752025365829468,-0.3155308365821838,0.9527802467346193,0.0259325578808784,0.3440017998218536,-0.5537413954734802,0.97337144613266,0.0728403106331825,0.0342705585062503,0.0482129491865634,0.999919295310974,-0.0728354603052139,-0.0353032387793064,-0.0475611872971057,0.9999265670776368,-0.0295940078794956,0.2745791673660278,0.0789874941110611,0.6655706763267517,-0.187940627336502,0.268925130367279,-0.0374994799494743,0.92096608877182,-0.3106645345687866,0.2075948715209961,0.3361661434173584,0.4916224479675293,-0.4550670683383941,0.1722489446401596,0.2251832485198974,0.7777222394943237,-0.3458970487117767,0.2072244435548782,0.363458514213562,0.4421392381191253,-0.4867488145828247,0.1664514541625976,0.2526520788669586,0.6334267854690552,-0.4205813109874725,0.2693287134170532,0.3719004392623901,0.6174594759941101,-0.5844653844833374,0.2235232442617416,0.2506627440452575,0.8180959820747375
0.3226937651634216,-0.1880225390195846,-0.6207422018051147,0.9999607801437378,0.3486413061618805,-0.2213920503854751,-0.6213075518608093,0.9999117851257324,0.3484283089637756,-0.2215959429740905,-0.6229246854782104,0.9999003410339355,0.3489069640636444,-0.2209015786647796,-0.621195375919342,0.999928057193756,0.322649210691452,-0.2386029958724975,-0.6325879693031311,0.999942660331726,0.3244917392730713,-0.2370853424072265,-0.6325258612632751,0.9999412894248962,0.323562741279602,-0.2372763156890869,-0.6283499598503113,0.99994295835495,0.3745635449886322,-0.2287420183420181,-0.5182344317436218,0.9998470544815063,0.2634530961513519,-0.2805216014385223,-0.5530457496643066,0.9999226927757264,0.3152592182159424,-0.1726754754781723,-0.5823321342468262,0.9999188780784608,0.2827356159687042,-0.1892585456371307,-0.5926688313484192,0.9999301433563232,0.3901658356189728,-0.115993395447731,-0.3544594049453735,0.99994295835495,0.1236779540777206,-0.2063254714012146,-0.4891704618930816,0.9999446868896484,0.3909400999546051,0.1053505390882492,-0.2711673080921173,0.9386746287345886,0.0101463198661804,0.0301528312265872,-0.5008309483528137,0.9876388311386108,0.4154709577560425,0.3675022721290588,-0.2992721199989319,0.9655408263206482,0.0018271231092512,0.3183099925518036,-0.5512778162956238,0.9909307360649108,0.4489169418811798,0.4106939435005188,-0.3281391561031341,0.9498723745346068,-0.0088648758828639,0.3679302632808685,-0.6167289018630981,0.9831689596176147,0.4370978772640228,0.4181745052337646,-0.3786817491054535,0.9553624987602234,0.0534078814089298,0.3879933357238769,-0.6143171191215515,0.9839638471603394,0.4114432036876678,0.3792470097541809,-0.3244279026985168,0.9537545442581176,0.0272911004722118,0.3448311686515808,-0.5551928281784058,0.9741811156272888,0.0717659443616867,0.0356327481567859,0.0466299355030059,0.9999046325683594,-0.0717483758926391,-0.036654032766819,-0.0459887944161891,0.999916970729828,-0.0593195557594299,0.260994553565979,0.1355816572904586,0.6523486971855164,-0.1949285566806793,0.2497787624597549,0.0380741693079471,0.9153053164482116,-0.3351178467273712,0.2084545940160751,0.4220046401023865,0.4826460480690002,-0.4612312912940979,0.175790473818779,0.31309574842453,0.7786967754364014,-0.3702414929866791,0.2098134607076645,0.4510710835456848,0.4335489869117737,-0.4933123588562011,0.1730449199676513,0.3406430184841156,0.6288967728614807,-0.4392636120319366,0.2730941772460937,0.4367237687110901,0.6120918393135071,-0.583888828754425,0.2239524573087692,0.3120654821395874,0.8190287351608276
0.322201132774353,-0.1994312405586242,-0.6303083896636963,0.99996155500412,0.3479196727275848,-0.2301055788993835,-0.6309614181518555,0.9999130368232728,0.3477051854133606,-0.2303156703710556,-0.6325835585594177,0.9999019503593444,0.348188042640686,-0.2295773476362228,-0.6308670043945312,0.9999292492866516,0.3219729363918304,-0.2492925375699997,-0.6404078006744385,0.9999438524246216,0.3238293528556824,-0.2477508038282394,-0.6403452754020691,0.999942660331726,0.3229179382324219,-0.2480355203151703,-0.636161208152771,0.9999443292617798,0.3741471767425537,-0.229404330253601,-0.5279753804206848,0.9998507499694824,0.2625331878662109,-0.2856853306293487,-0.5552250146865845,0.9999242424964904,0.3146205842494964,-0.1793504655361175,-0.5920925736427307,0.999918818473816,0.2822382152080536,-0.1981592029333114,-0.6001467108726501,0.9999301433563232,0.3894540071487427,-0.1109893023967742,-0.3626746237277984,0.9999383091926576,0.1226547360420227,-0.2106602191925048,-0.4897150099277496,0.999944269657135,0.3905563056468963,0.1091858223080635,-0.2771927714347839,0.939375340938568,0.0097209690138697,0.0268818028271198,-0.5003513097763062,0.9879201650619508,0.4160991609096527,0.367996335029602,-0.3044452369213104,0.9657979011535645,0.0023827438708394,0.316925972700119,-0.5515572428703308,0.9911603927612304,0.4495574831962585,0.4108891785144806,-0.3345858454704284,0.94995379447937,-0.0080837728455662,0.366189956665039,-0.6176004409790039,0.9834972023963928,0.4387063086032867,0.4179911911487579,-0.3841928541660309,0.9555124640464784,0.0541342757642269,0.3848207294940948,-0.6160001158714294,0.9842925667762756,0.4123918712139129,0.3792067766189575,-0.3293495774269104,0.9541664719581604,0.0279780086129903,0.3426224589347839,-0.5558508634567261,0.9747930765151978,0.0710761994123458,0.0372674651443958,0.044385626912117,0.9998825788497924,-0.0710614249110221,-0.0382885411381721,-0.043751835823059,0.9999049305915833,-0.0677211061120033,0.2479784041643142,0.1536802500486374,0.6398475170135498,-0.2020170241594314,0.2361183315515518,0.0651618614792823,0.9094842672348022,-0.3423640131950378,0.2094149440526962,0.4481309652328491,0.4744367003440857,-0.4722946286201477,0.1795929819345474,0.3424887359142303,0.7807828783988953,-0.3775857388973236,0.2126287817955017,0.4776046276092529,0.4240849316120147,-0.5052546858787537,0.1794254183769226,0.3699596524238586,0.6245777606964111,-0.4471908211708069,0.2773537337779999,0.4570306837558746,0.6067145466804504,-0.593856692314148,0.2255648672580719,0.3340350687503814,0.8206966519355774
0.3216663002967834,-0.2045254856348037,-0.6303790807723999,0.9999634623527528,0.3473282158374786,-0.2348552048206329,-0.6307652592658997,0.9999167919158936,0.3471135795116424,-0.2350773811340332,-0.6323854923248291,0.9999062418937684,0.3475955724716186,-0.2343195080757141,-0.6306518316268921,0.99993234872818,0.321364551782608,-0.2544577717781067,-0.6405979990959167,0.9999465346336364,0.3232201635837555,-0.2529101073741913,-0.6405090689659119,0.9999454617500304,0.3223083317279815,-0.2531777024269104,-0.6363310217857361,0.9999471306800842,0.3737433552742004,-0.2299652993679046,-0.5272207856178284,0.9998576641082764,0.2618798613548279,-0.2909518778324127,-0.5556780695915222,0.9999278783798218,0.3141483068466186,-0.1840001493692398,-0.5920688509941101,0.9999217987060548,0.2818200588226318,-0.203244537115097,-0.6006369590759277,0.9999328851699828,0.3888584971427917,-0.1124175265431404,-0.3614658713340759,0.9999375939369202,0.1221675351262092,-0.2139963060617447,-0.4904252588748932,0.99994558095932,0.390417993068695,0.108567476272583,-0.2777524888515472,0.940741240978241,0.0095817251130938,0.0236045308411121,-0.500108003616333,0.9883342385292052,0.4182522594928741,0.3688728511333465,-0.3065544664859772,0.9662705063819884,0.0033145693596452,0.315788060426712,-0.5524477362632751,0.9914731979370116,0.4524571299552917,0.4121426343917846,-0.33614182472229,0.9504601955413818,-0.0072688558138906,0.3646831810474396,-0.6185257434844971,0.983991265296936,0.4423447847366333,0.4202573001384735,-0.3864655792713165,0.955982267856598,0.0550254322588443,0.3830880224704742,-0.6169541478157043,0.9847632646560668,0.4150249063968658,0.3805514276027679,-0.3317059874534607,0.9547849893569946,0.0288221854716539,0.34107106924057,-0.5567861199378967,0.9755471348762512,0.070555180311203,0.0376645363867282,0.043932557106018,0.9998718500137328,-0.0705473721027374,-0.0386887192726135,-0.0432977490127086,0.9998984932899476,-0.0528442822396755,0.2479713708162307,0.1428754329681396,0.6380972266197205,-0.1950335651636123,0.2366560399532318,0.045909110456705,0.9078088998794556,-0.334172785282135,0.2116367369890213,0.4314044415950775,0.4748533964157104,-0.4690942466259002,0.1817895174026489,0.3299994766712188,0.7840431928634644,-0.37019744515419,0.2153772860765457,0.4613134860992431,0.421874076128006,-0.5019426941871643,0.1818812042474746,0.3596747815608978,0.6241087913513184,-0.4431397914886474,0.2807933688163757,0.454034686088562,0.6078168153762817,-0.5925078988075256,0.2271896600723266,0.3264061510562897,0.8235046863555908
