x_0,y_0,z_0,visibility_0,x_1,y_1,z_1,visibility_1,x_2,y_2,z_2,visibility_2,x_3,y_3,z_3,visibility_3,x_4,y_4,z_4,visibility_4,x_5,y_5,z_5,visibility_5,x_6,y_6,z_6,visibility_6,x_7,y_7,z_7,visibility_7,x_8,y_8,z_8,visibility_8,x_9,y_9,z_9,visibility_9,x_10,y_10,z_10,visibility_10,x_11,y_11,z_11,visibility_11,x_12,y_12,z_12,visibility_12,x_13,y_13,z_13,visibility_13,x_14,y_14,z_14,visibility_14,x_15,y_15,z_15,visibility_15,x_16,y_16,z_16,visibility_16,x_17,y_17,z_17,visibility_17,x_18,y_18,z_18,visibility_18,x_19,y_19,z_19,visibility_19,x_20,y_20,z_20,visibility_20,x_21,y_21,z_21,visibility_21,x_22,y_22,z_22,visibility_22,x_23,y_23,z_23,visibility_23,x_24,y_24,z_24,visibility_24,x_25,y_25,z_25,visibility_25,x_26,y_26,z_26,visibility_26,x_27,y_27,z_27,visibility_27,x_28,y_28,z_28,visibility_28,x_29,y_29,z_29,visibility_29,x_30,y_30,z_30,visibility_30,x_31,y_31,z_31,visibility_31,x_32,y_32,z_32,visibility_32
0.1820651292800903,-0.642784833908081,-0.1679247766733169,0.9957708120346068,0.1564493626356125,-0.6810504794120789,-0.1582560539245605,0.9929404854774476,0.1568823009729385,-0.6810669302940369,-0.1575765758752823,0.992827296257019,0.1566741019487381,-0.682104229927063,-0.1573666930198669,0.9936602711677552,0.1534175723791122,-0.6720886826515198,-0.1881603598594665,0.9962539672851562,0.1542508006095886,-0.6730030179023743,-0.1887135803699493,0.9967538118362428,0.1539700627326965,-0.674312949180603,-0.1881676167249679,0.9973090887069702,0.0687938779592514,-0.6717433929443359,-0.0901069790124893,0.9864466786384584,0.0516956336796283,-0.6401475071907043,-0.2330536097288131,0.996335744857788,0.154091790318489,-0.6201925873756409,-0.139141246676445,0.9911131858825684,0.1482803970575332,-0.6108847260475159,-0.179285243153572,0.9937589764595032,0.026882903650403,-0.4919816553592682,0.0466614887118339,0.9937559962272644,0.0529570691287517,-0.4548775851726532,-0.2961570620536804,0.9997902512550354,-0.0437614656984806,-0.2547382414340973,0.06767488270998,0.0501165091991424,0.072708822786808,-0.1781263351440429,-0.3082559108734131,0.9746479988098145,-0.0127610592171549,-0.0551948994398117,0.0209531169384717,0.0555671118199825,0.1313861757516861,0.0392742976546287,-0.2288378328084945,0.8016476631164551,-0.0066256644204258,0.0031528223771601,0.0195607990026474,0.0649610012769699,0.147067129611969,0.1089648753404617,-0.2487293481826782,0.7336352467536926,0.0116153582930564,0.020458860322833,0.0052336468361318,0.0684599503874778,0.1713078469038009,0.1146729812026023,-0.2452031075954437,0.719960629940033,-0.0072292922995984,-0.035500805824995,0.0107524190098047,0.0679122284054756,0.1435800045728683,0.0576558038592338,-0.2247844785451889,0.658456027507782,0.015589041635394,-0.0061768572777509,0.1087704002857208,0.9948439002037048,-0.0157267227768898,0.0053663724102079,-0.1070121079683303,0.997715950012207,-0.0503002852201461,0.3839291632175445,0.2125443518161773,0.2478239685297012,-0.004840341862291,0.3795411884784698,0.0330334864556789,0.9498910903930664,-0.0442015379667282,0.711186945438385,0.3183258473873138,0.4274330735206604,-0.0153702273964881,0.7284061908721924,0.1219010651111602,0.9078605771064758,-0.032568871974945,0.7515275478363037,0.3223289549350738,0.4478543698787689,-0.0131243951618671,0.7712536454200745,0.1223121136426925,0.8650602102279663,0.0711065381765365,0.7468546032905579,0.2819769382476806,0.5960104465484619,0.0833605602383613,0.773002028465271,0.0582994781434536,0.8926555514335632
0.1875943690538406,-0.6429284811019897,-0.1554746180772781,0.9957464337348938,0.1618425697088241,-0.6816191673278809,-0.1456276327371597,0.993017077445984,0.1622729003429412,-0.6816298365592957,-0.1449828445911407,0.9927942752838136,0.1620629131793975,-0.6826635599136353,-0.144791767001152,0.9936748743057252,0.1593909561634063,-0.6727426052093506,-0.1759203225374221,0.9962000846862792,0.1602259576320648,-0.6736360192298889,-0.1764624863862991,0.9966403245925904,0.1599517464637756,-0.6749536991119385,-0.1759460419416427,0.9972458481788636,0.0717272534966468,-0.6729089617729187,-0.0791976749897003,0.9859784841537476,0.0572555176913738,-0.641959547996521,-0.2260985672473907,0.996342122554779,0.1582914739847183,-0.6205254197120667,-0.1269358545541763,0.9913979768753052,0.1532238274812698,-0.6113001704216003,-0.1675707697868347,0.9940823912620544,0.0243052616715431,-0.4926643371582031,0.0543153621256351,0.9940578937530518,0.0560082532465457,-0.457863986492157,-0.2899786531925201,0.9998018741607666,-0.0486964844167232,-0.2536243498325348,0.069579467177391,0.0470064990222454,0.0739998221397399,-0.182540476322174,-0.298108845949173,0.9746679067611694,-0.0066102845594286,-0.0546393692493438,0.0236314851790666,0.0540050715208053,0.1293763369321823,0.0348877348005771,-0.2158509045839309,0.8110284209251404,0.0024042762815952,0.0040332498028874,0.021921208128333,0.063904620707035,0.1448954790830612,0.1038260012865066,-0.2362390905618667,0.7461612224578857,0.0221838597208261,0.0224936325103044,0.0072304769419133,0.0670582950115203,0.1697975397109985,0.1111353933811187,-0.233049139380455,0.7327085733413696,0.0002088585461024,-0.0347934626042842,0.0132548175752162,0.0664107501506805,0.1417748034000396,0.0534733422100544,-0.2122011631727218,0.6719695925712585,0.0134313749149441,-0.0060803475789725,0.1087597012519836,0.9951868653297424,-0.0135787213221192,0.0052799503318965,-0.1070022284984588,0.9978302717208862,-0.0542928092181682,0.3837935924530029,0.2145803719758987,0.2618054747581482,-0.0034215287305414,0.3803528845310211,0.029706435278058,0.9493646621704102,-0.0438435301184654,0.7107108235359192,0.3221794068813324,0.4513148069381714,-0.0133805656805634,0.7284848690032959,0.1268811076879501,0.9134210348129272,-0.0315371602773666,0.7512009739875793,0.3276346325874328,0.4734964370727539,-0.0121936909854412,0.7713524103164673,0.1268210262060165,0.8714341521263123,0.0740401595830917,0.7454662919044495,0.2886418104171753,0.6201487183570862,0.0890290737152099,0.7702361941337585,0.0635269284248352,0.8998261094093323
0.1912420988082885,-0.6419037580490112,-0.1515984684228897,0.995746612548828,0.1663332134485244,-0.6809942126274109,-0.1409349143505096,0.9930974245071412,0.1667713969945907,-0.6809920072555542,-0.140289694070816,0.992755115032196,0.1665711253881454,-0.6820282340049744,-0.1401100903749466,0.9936671853065492,0.1633065640926361,-0.6724193692207336,-0.1705889701843261,0.9961717128753662,0.1641416847705841,-0.6733144521713257,-0.171149730682373,0.9965655207633972,0.16387540102005,-0.6746134757995605,-0.17062908411026,0.9972126483917236,0.0782466903328895,-0.6732545495033264,-0.0709620043635368,0.9853390455245972,0.0606838092207908,-0.6435542702674866,-0.2160124629735946,0.996364176273346,0.1621350198984146,-0.6196980476379395,-0.1219807714223861,0.9915334582328796,0.1562141925096511,-0.6108002066612244,-0.1618504375219345,0.9943178296089172,0.0286106001585721,-0.4921709597110748,0.0639202818274498,0.9942516088485718,0.0578987039625644,-0.4605765342712402,-0.2823754847049713,0.999812126159668,-0.0487395301461219,-0.2528139948844909,0.0734274238348007,0.0440249554812908,0.0690733417868614,-0.1859355419874191,-0.2911779880523681,0.974705696105957,-0.0107031930238008,-0.05414854362607,0.0282552856951951,0.0522147603332996,0.1215928643941879,0.033732570707798,-0.2131407260894775,0.819507360458374,-0.0024402714334428,0.0061821923591196,0.0268878862261772,0.0623691454529762,0.1363444924354553,0.1032184138894081,-0.2344156205654144,0.7569342851638794,0.0188443064689636,0.0249638203531503,0.0119908154010772,0.0652480944991111,0.1641050726175308,0.1110235825181007,-0.2308849692344665,0.7436475157737732,-0.0037317315582185,-0.0342442989349365,0.0176394023001194,0.0645318329334259,0.134709745645523,0.0527650602161884,-0.2095146775245666,0.6832372546195984,0.0126878414303064,-0.0053945644758641,0.1087484657764434,0.9954302310943604,-0.0128364218398928,0.0046114972792565,-0.1069908663630485,0.9978979229927064,-0.0534889288246631,0.3840536773204803,0.2145872563123703,0.2688224613666534,-0.0027165992651134,0.3786071240901947,0.0278232954442501,0.9480612874031068,-0.0425106436014175,0.7119058966636658,0.3201399743556976,0.4672110974788666,-0.0123314931988716,0.7271886467933655,0.1242700442671775,0.91794091463089,-0.0300866235047578,0.7526975274085999,0.3235098719596863,0.4922123253345489,-0.0115408152341842,0.7702264785766602,0.1254994422197342,0.8761791586875916,0.076242484152317,0.746909499168396,0.290649950504303,0.6388989090919495,0.0932321175932884,0.7683019042015076,0.060570478439331,0.9060513377189636
0.1941526383161544,-0.6418657302856445,-0.1465834379196167,0.9954404234886168,0.1693287044763565,-0.6810418963432312,-0.1361730694770813,0.9927313923835754,0.1697966903448104,-0.6810250282287598,-0.135537177324295,0.992251992225647,0.169612169265747,-0.6820532083511353,-0.13538359105587,0.9933117032051086,0.1652028858661651,-0.6725708842277527,-0.1665134578943252,0.9958243370056152,0.1660465002059936,-0.6734622120857239,-0.1670874953269958,0.99617999792099,0.1658409237861633,-0.6747502088546753,-0.1665649563074112,0.9969390630722046,0.0812600255012512,-0.6734396815299988,-0.0666231885552406,0.9837738275527954,0.0626626089215278,-0.6442631483078003,-0.2142446339130401,0.9961326718330384,0.1655279248952865,-0.6196322441101074,-0.1173805445432663,0.9914425015449524,0.159399539232254,-0.610846996307373,-0.1580306142568588,0.9944170117378236,0.0329374559223651,-0.4919932186603546,0.0668722912669181,0.9944325089454652,0.058327130973339,-0.4611119031906128,-0.2812172770500183,0.999820351600647,-0.0378380194306373,-0.2522507607936859,0.0739704221487045,0.0411534160375595,0.0674692690372467,-0.186194434762001,-0.2899100184440613,0.9740899205207824,0.0038666434120386,-0.0530442893505096,0.0300435256212949,0.0500054657459259,0.1163689792156219,0.0330735519528389,-0.213932991027832,0.8258826732635498,0.0126213617622852,0.012913342565298,0.0289738923311233,0.0603156574070453,0.130465030670166,0.1023016795516014,-0.2359205186367035,0.7656109929084778,0.0323313474655151,0.0305384248495101,0.0139948166906833,0.0629215985536575,0.1582267135381698,0.1102696061134338,-0.2322420328855514,0.7523539066314697,0.010490508750081,-0.0326529219746589,0.0193433742970228,0.0622229985892772,0.1294921040534973,0.0520030334591865,-0.2105075865983963,0.6919022798538208,0.0125028332695364,-0.0051183812320232,0.1087927222251892,0.9956573843955994,-0.0126592004671692,0.0043512531556189,-0.1070405915379524,0.9979569911956788,-0.0522539354860782,0.3833837211132049,0.2161336839199066,0.278988242149353,-0.0028147171251475,0.377223789691925,0.0272131022065877,0.9477912187576294,-0.0400085486471653,0.710434079170227,0.3238762319087982,0.4874368906021118,-0.0115916114300489,0.7251259684562683,0.1251213252544403,0.9227687120437622,-0.0275493524968624,0.7513077259063721,0.3276412785053253,0.5140514969825745,-0.0103441346436738,0.7681248188018799,0.1272542625665664,0.8813039064407349,0.0781926214694976,0.7469145059585571,0.2942668795585632,0.6591000556945801,0.0931963101029396,0.7667296528816223,0.0617830008268356,0.9121533036231996
0.1961373686790466,-0.6400936245918274,-0.1467473208904266,0.9947227239608764,0.1713287383317947,-0.6793362498283386,-0.1362750232219696,0.9918090105056764,0.1718078553676605,-0.679323136806488,-0.1356424987316131,0.991125464439392,0.1716299355030059,-0.680343508720398,-0.1354972720146179,0.9924727082252502,0.1667604148387909,-0.670971155166626,-0.1666057407855987,0.9950891733169556,0.167611613869667,-0.6718570590019226,-0.1671887934207916,0.995424747467041,0.1674419641494751,-0.6731472015380859,-0.1666573882102966,0.9963830709457396,0.0833426415920257,-0.6719279885292053,-0.0661476030945777,0.9808237552642822,0.0638523772358894,-0.6433178186416626,-0.2139812111854553,0.9955766797065736,0.1672951877117157,-0.6178960204124451,-0.1175034940242767,0.9908265471458436,0.1613436937332153,-0.6092603206634521,-0.1581214666366577,0.9942223429679872,0.0348701067268848,-0.490967720746994,0.0672601163387298,0.994468092918396,0.0586210675537586,-0.4602627754211426,-0.2811578512191772,0.999825656414032,-0.036767303943634,-0.2511460483074188,0.074761189520359,0.0384630262851715,0.0657872259616851,-0.1859925389289856,-0.2901289761066437,0.973688006401062,0.0039058837573975,-0.0479792989790439,0.032650176435709,0.0477249845862388,0.1113447919487953,0.0332909226417541,-0.2168487161397934,0.8327246308326721,0.0123045612126588,0.0226775929331779,0.0329488292336463,0.0580661967396736,0.1243190467357635,0.1031642407178878,-0.2412736117839813,0.7744724154472351,0.0331937000155448,0.0399986281991004,0.0176049470901489,0.0604253038763999,0.1527397185564041,0.1113537326455116,-0.2386082112789154,0.7612527012825012,0.0109081733971834,-0.0267632696777582,0.0219340920448303,0.0597751326858997,0.1246200203895568,0.0525982528924942,-0.2142529338598251,0.7006492018699646,0.0124794971197843,-0.0047261919826269,0.1088112145662307,0.9957730174064636,-0.0126371067017316,0.0039780135266482,-0.1070600673556327,0.9979564547538756,-0.0517670512199401,0.3837429881095886,0.2144559919834137,0.2841174900531769,-0.005509746260941,0.3759935200214386,0.0212288796901702,0.9465426802635192,-0.0385396294295787,0.7129536271095276,0.3203254640102386,0.5008916258811951,-0.0121858399361372,0.7240068912506104,0.1199196577072143,0.926521360874176,-0.0259972997009754,0.754177987575531,0.3227674663066864,0.5301835536956787,-0.0103325173258781,0.7670409679412842,0.1219239979982376,0.8849042654037476,0.0794714763760566,0.7501463294029236,0.2915374338626861,0.6740388870239258,0.09302818775177,0.7655927538871765,0.0521548837423324,0.9169990420341492
0.1972427815198898,-0.6391477584838867,-0.1508764624595642,0.9944100379943848,0.1726517677307129,-0.6781387329101562,-0.1410102993249893,0.9914201498031616,0.1731369346380233,-0.6781279444694519,-0.1403343826532364,0.9905850291252136,0.1729639917612075,-0.6791466474533081,-0.1402453184127807,0.9921197891235352,0.1679581552743911,-0.6698847413063049,-0.1721411049365997,0.994786262512207,0.1688091307878494,-0.6707653999328613,-0.1727236658334732,0.9951088428497314,0.1686622351408004,-0.6720595359802246,-0.1721927225589752,0.996174693107605,0.0849935933947563,-0.6709675192832947,-0.0710871443152427,0.979356050491333,0.0650066137313842,-0.6419957280158997,-0.2206494063138961,0.9953791499137878,0.1687556952238083,-0.6166580319404602,-0.1219601333141326,0.9906747937202454,0.162452831864357,-0.6081550121307373,-0.16341532766819,0.9942686557769777,0.0363838262856006,-0.4903619885444641,0.0642610341310501,0.9945160150527954,0.0583587028086185,-0.4592133164405823,-0.2870434522628784,0.9998314380645752,-0.0295192413032054,-0.2464896440505981,0.0752162262797355,0.0360000394284725,0.0674329549074173,-0.1854802221059799,-0.2968552708625793,0.9737598299980164,0.0118326274678111,-0.0403040647506713,0.0345172844827175,0.045548778027296,0.1116757914423942,0.0354692712426185,-0.2321978956460952,0.839853823184967,0.019596729427576,0.0338369607925415,0.0361580662429332,0.055825937539339,0.1233025267720222,0.1058318838477134,-0.2582254409790039,0.7833848595619202,0.0384971797466278,0.0494733117520809,0.0206083320081233,0.0579679645597934,0.1514061838388443,0.1135289594531059,-0.2566716969013214,0.770209014415741,0.0180001109838485,-0.0189868379384279,0.0238476656377315,0.057425133883953,0.1247160285711288,0.0547932870686054,-0.230530172586441,0.7095924019813538,0.013177896849811,-0.0044386289082467,0.1088451445102691,0.99593186378479,-0.0133527563884854,0.0036932143848389,-0.1070940122008323,0.9979795217514038,-0.0510763488709926,0.3835362493991852,0.2143029272556305,0.2897425293922424,-0.0094876261427998,0.3751221299171448,0.019708152860403,0.9462823867797852,-0.0388868488371372,0.7133589386940002,0.3211013972759247,0.5138466954231262,-0.0149670792743563,0.7226802110671997,0.1201292350888252,0.9303901791572572,-0.0261324923485517,0.754871666431427,0.3235067427158355,0.5455817580223083,-0.0122250150889158,0.7657327651977539,0.1223979592323303,0.8888423442840576,0.0806424096226692,0.7524474859237671,0.2923572063446045,0.6886200904846191,0.0920895040035247,0.7651288509368896,0.0494330450892448,0.9217645525932312
0.1986283361911773,-0.6393321752548218,-0.1521022766828537,0.993796408176422,0.1736216843128204,-0.6780574917793274,-0.1418864876031875,0.9906386733055116,0.174055814743042,-0.6780396699905396,-0.1412229090929031,0.9895991683006288,0.1738600730895996,-0.6790589690208435,-0.1411225348711013,0.991403341293335,0.1701778173446655,-0.6698428988456726,-0.1728064268827438,0.994204044342041,0.1710298210382461,-0.6707221269607544,-0.173398956656456,0.9945106506347656,0.1708067208528518,-0.6720122694969177,-0.1728576421737671,0.9957550764083862,0.086089938879013,-0.6699602007865906,-0.0710755214095115,0.9768489003181458,0.0672729760408401,-0.6412680745124817,-0.2204634249210357,0.9949545860290528,0.1690615117549896,-0.6164482831954956,-0.1228176802396774,0.990138292312622,0.163606509566307,-0.6079927086830139,-0.1640208959579467,0.9941112399101256,0.0388615950942039,-0.4896248579025268,0.0641658008098602,0.9945335388183594,0.0591453202068805,-0.4581908285617828,-0.2868714928627014,0.9998347163200378,-0.027897410094738,-0.2456799000501632,0.0757553055882453,0.0337089896202087,0.0680305212736129,-0.1847874820232391,-0.2969021797180176,0.973054051399231,0.008796296082437,-0.0379857271909713,0.0359360165894031,0.0435465388000011,0.1059814468026161,0.0355576686561107,-0.232911005616188,0.8443623781204224,0.0163669493049383,0.0364235900342464,0.0375767275691032,0.0538015849888324,0.1162692010402679,0.1058277338743209,-0.259132981300354,0.7893677353858948,0.0354087129235267,0.0519224144518375,0.0223298538476228,0.0557290613651275,0.1443080902099609,0.1134405732154846,-0.2574611604213714,0.7759767770767212,0.0147530185058712,-0.0163954459130764,0.0253852754831314,0.0552429631352424,0.1186054646968841,0.0549750626087188,-0.231300801038742,0.7148306369781494,0.0131254168227314,-0.0042625381611287,0.1088825687766075,0.9960483312606812,-0.0133022144436836,0.0035240727011114,-0.1071344763040542,0.9979797601699828,-0.054268404841423,0.3830709159374237,0.2150290161371231,0.2928667068481445,-0.0100492984056472,0.3747747540473938,0.0194325409829616,0.94504976272583,-0.043422520160675,0.7117385268211365,0.3225265443325043,0.5236875414848328,-0.0184940919280052,0.722181499004364,0.1207124292850494,0.9333604574203492,-0.0303660724312067,0.7531343698501587,0.32528156042099,0.5580440163612366,-0.0156454555690288,0.7652739882469177,0.1234052181243896,0.8917915225028992,0.0794134736061096,0.7500329613685608,0.2937570214271545,0.7007880806922913,0.0902867019176483,0.7643539309501648,0.0509359464049339,0.9255698919296264
0.2029009461402893,-0.6396490931510925,-0.147986888885498,0.9931349754333496,0.1784653961658477,-0.6784055829048157,-0.1369341164827346,0.989768922328949,0.1788278669118881,-0.6783795952796936,-0.1362770646810531,0.98851078748703,0.1786132454872131,-0.6793971657752991,-0.136210635304451,0.9905768632888794,0.1767832189798355,-0.6702280640602112,-0.168047547340393,0.9935455322265624,0.1776312291622162,-0.6711052656173706,-0.1686493754386901,0.993838369846344,0.1773421764373779,-0.6723858714103699,-0.1681126952171325,0.9952739477157592,0.0872908681631088,-0.670103907585144,-0.0659933686256408,0.9740222096443176,0.0736503526568412,-0.6418548822402954,-0.2166039645671844,0.994497537612915,0.1709823161363601,-0.6167803406715393,-0.1188993230462074,0.9895116090774536,0.1668407618999481,-0.6083497405052185,-0.1603702008724212,0.9938997626304626,0.0401632115244865,-0.4899434745311737,0.0664908289909362,0.9946035742759703,0.0598840676248073,-0.4581405818462372,-0.2844343483448028,0.9998378157615662,-0.0311771892011165,-0.2460916191339492,0.0759873464703559,0.0317001678049564,0.0687287673354148,-0.1854305118322372,-0.2944328486919403,0.9717853665351868,-0.0006437595002353,-0.0380594432353973,0.0378153175115585,0.041667141020298,0.1037311553955078,0.0346450544893741,-0.2290533781051635,0.8460477590560913,0.006018731277436,0.0356080010533332,0.0391401015222072,0.0518560446798801,0.1138934940099716,0.1031076237559318,-0.2552306056022644,0.7921552658081055,0.0254910737276077,0.0507330708205699,0.0244981031864881,0.0535783804953098,0.1415303349494934,0.1109308823943138,-0.2538796961307525,0.7783961296081543,0.0052758934907615,-0.0166022907942533,0.0274495538324117,0.0531397052109241,0.116056315600872,0.0539597570896148,-0.2274608314037323,0.7162348031997681,0.0125424964353442,-0.0040597347542643,0.1089502274990081,0.9961962699890136,-0.0127230547368526,0.0033319112844765,-0.1072109192609787,0.9979957938194276,-0.0582214780151844,0.3823047578334808,0.2167773246765136,0.2943019568920135,-0.010200859978795,0.3743639886379242,0.0188211537897586,0.9433515071868896,-0.051858477294445,0.7102113962173462,0.3268923759460449,0.5316376686096191,-0.0234438851475715,0.7214246392250061,0.1255426257848739,0.9356722831726074,-0.039159994572401,0.7515032291412354,0.3293245136737823,0.5686227679252625,-0.0211562477052211,0.7644725441932678,0.1284257024526596,0.8940421342849731,0.0731855481863021,0.7482964396476746,0.3010496497154236,0.7113564610481262,0.0858912244439125,0.7620419263839722,0.0556126423180103,0.928796887397766
0.2112886011600494,-0.6391990780830383,-0.1424853950738906,0.9926559925079346,0.1881723701953888,-0.6780438423156738,-0.1311140656471252,0.9889201521873474,0.1884936839342117,-0.678021252155304,-0.1304691284894943,0.9875142574310304,0.1882714629173278,-0.6790398955345154,-0.1304243952035904,0.9898255467414856,0.1886672675609588,-0.669960081577301,-0.1629512012004852,0.9929399490356444,0.1895144283771515,-0.6708347201347351,-0.1635589897632599,0.9932109117507936,0.1892077028751373,-0.6721146702766418,-0.162960022687912,0.994781732559204,0.0907713174819946,-0.6704155206680298,-0.0610374212265014,0.9714399576187134,0.0851671919226646,-0.6431028246879578,-0.2146122604608535,0.9939473867416382,0.1753484010696411,-0.6165310740470886,-0.1139726415276527,0.9889848232269288,0.1733342707157135,-0.608228862285614,-0.1563332676887512,0.9937249422073364,0.0407664291560649,-0.4910469353199005,0.0694680735468864,0.9946983456611632,0.0603817105293273,-0.4604388177394867,-0.2832268178462982,0.999842405319214,-0.034122247248888,-0.2465606778860092,0.0798303931951522,0.0299382507801055,0.068273589015007,-0.188227891921997,-0.2946537733078003,0.971590518951416,-0.0003268470754846,-0.0380718074738979,0.0411998368799686,0.040391556918621,0.1044850051403045,0.0347419083118438,-0.2351468354463577,0.8516395688056946,0.0069073908962309,0.0351125709712505,0.0430862195789814,0.0506457313895225,0.1153524219989776,0.1030318066477775,-0.26279416680336,0.7993879318237305,0.0279986318200826,0.0504346676170825,0.0278315804898738,0.0521633252501487,0.1433185487985611,0.110899344086647,-0.2605863213539123,0.7855058908462524,0.006559211295098,-0.0165175925940275,0.0306204445660114,0.0517487823963165,0.1172372624278068,0.0540194623172283,-0.2334358096122741,0.7224832773208618,0.012116021476686,-0.0038399179466068,0.1091366186738014,0.9963599443435668,-0.0122989062219858,0.0031209401786327,-0.1074137240648269,0.998030960559845,-0.0598763264715671,0.3815609514713287,0.2275211960077285,0.2987097501754761,-0.0101215075701475,0.3742429912090301,0.02010989934206,0.9436395168304444,-0.0616465546190738,0.7088704109191895,0.3481096923351288,0.5420224070549011,-0.0320531763136386,0.7211124897003174,0.1390287280082702,0.9389151334762572,-0.0499895550310611,0.7500980496406555,0.3516738414764404,0.5813626050949097,-0.0307179894298315,0.7641809582710266,0.1429952383041381,0.8978497982025146,0.0644818693399429,0.747063398361206,0.327410489320755,0.7237604260444641,0.0788979083299636,0.7616336941719055,0.0691862404346466,0.9327727556228638
0.2189230173826217,-0.6389956474304199,-0.1408572643995285,0.9918174147605896,0.1947576999664306,-0.6778979897499084,-0.1295978277921676,0.987406313419342,0.1950561702251434,-0.677876889705658,-0.128945991396904,0.9857760071754456,0.19484643638134,-0.6788992285728455,-0.1289186328649521,0.9886430501937866,0.1974276155233383,-0.6699210405349731,-0.161612182855606,0.9918141961097716,0.19829723238945,-0.6707925796508789,-0.1622071266174316,0.9919858574867249,0.1979681700468063,-0.6720752120018005,-0.1615422219038009,0.9938264489173888,0.0927784070372581,-0.6700506806373596,-0.0608688294887542,0.9676954746246338,0.0954008996486663,-0.6429889798164368,-0.2145790159702301,0.9925874471664428,0.1806339025497436,-0.6162731647491455,-0.1130387336015701,0.9880239963531494,0.1811577230691909,-0.6080417037010193,-0.1555035710334777,0.9932156205177308,0.039357453584671,-0.4908694326877594,0.0693305432796478,0.9948027729988098,0.0651515424251556,-0.4604183733463287,-0.2827322781085968,0.999844491481781,-0.041672483086586,-0.2465585768222808,0.0810405388474464,0.028493633493781,0.0732776671648025,-0.1881907284259796,-0.2944402694702148,0.9715025424957277,-0.0013537196209654,-0.0381473563611507,0.0491575747728347,0.039770171046257,0.1058883592486381,0.0349526591598987,-0.2401167750358581,0.8590314984321594,0.0064067868515849,0.0349638201296329,0.0531751401722431,0.050152163952589,0.117330826818943,0.1030375584959983,-0.2694261372089386,0.8087870478630066,0.0289571247994899,0.0498562864959239,0.0378048047423362,0.0514247007668018,0.144809141755104,0.1108975932002067,-0.2671908438205719,0.7948737740516663,0.0063969595357775,-0.0165730752050876,0.0388257652521133,0.0509629286825656,0.1185232251882553,0.0543790161609649,-0.238683745265007,0.7314925789833069,0.0111708333715796,-0.0036887926980853,0.1090511828660965,0.9965394139289856,-0.0113291023299098,0.0029712095856666,-0.1073358133435249,0.9980663657188416,-0.0617428831756114,0.3810136020183563,0.2428314983844757,0.2937158048152923,-0.0150924585759639,0.3740094900131225,0.0337249264121055,0.9406588673591614,-0.0709609314799308,0.7042893767356873,0.3840518891811371,0.537991464138031,-0.0490047708153724,0.7188499569892883,0.1825745552778244,0.9398154020309448,-0.0600283145904541,0.744768500328064,0.3904773592948913,0.5825695395469666,-0.0484398864209651,0.7616640329360962,0.1894907504320144,0.8984792232513428,0.0567182414233684,0.7402905225753784,0.3699615001678467,0.7278059720993042,0.0659771710634231,0.7566955089569092,0.1170472055673599,0.9345602989196776
0.2258912920951843,-0.6388790011405945,-0.1389419436454773,0.9909034967422484,0.2007100880146026,-0.677976667881012,-0.1277533769607544,0.9855623841285706,0.2010001242160797,-0.6779657006263733,-0.1270979791879654,0.983786165714264,0.200801596045494,-0.678986668586731,-0.1271049082279205,0.9871094226837158,0.205215111374855,-0.6701143383979797,-0.1598815470933914,0.9904715418815612,0.2061105817556381,-0.6709776520729065,-0.1604736596345901,0.9905511140823364,0.2057636529207229,-0.6722691655158997,-0.1597811132669448,0.9926030039787292,0.0947749093174934,-0.6702049374580383,-0.0607989765703678,0.9639636278152466,0.1040436476469039,-0.6435720920562744,-0.2145422101020813,0.9910756945610046,0.1859353631734848,-0.6161720156669617,-0.1120508983731269,0.9871530532836914,0.1884438544511795,-0.6080113053321838,-0.1545805484056472,0.9927013516426086,0.0351915396749973,-0.4920697212219238,0.067567728459835,0.9949622750282288,0.0706931576132774,-0.4615696668624878,-0.2824994921684265,0.9998481869697572,-0.0536782629787921,-0.2494828552007675,0.0806878507137298,0.028170907869935,0.0837836787104606,-0.1897453367710113,-0.2940178513526916,0.9716941714286804,-0.0097325528040528,-0.0404754169285297,0.0515099577605724,0.040454126894474,0.1100671216845512,0.0345390103757381,-0.2403127402067184,0.8657625317573547,-0.0015981092583388,0.0299889668822288,0.0557505339384079,0.0508198924362659,0.1199578642845153,0.1004547327756881,-0.2695351243019104,0.8170424699783325,0.0217098016291856,0.0472721122205257,0.0416632331907749,0.0518017336726188,0.1461970806121826,0.1084859147667884,-0.2671515047550201,0.8029830455780029,-0.001388581818901,-0.0180795285850763,0.0417136438190937,0.0512447245419025,0.1220712810754776,0.0539798252284526,-0.2389262318611145,0.7392632961273193,0.010552529245615,-0.0036064006853848,0.1090538501739502,0.996677577495575,-0.0106946248561143,0.0028870594687759,-0.1073404774069786,0.9980940222740172,-0.0638250410556793,0.3700197339057922,0.2695755958557129,0.2897160053253174,-0.0244373753666877,0.3733597993850708,0.0486538596451282,0.938671350479126,-0.0775577947497367,0.6789262294769287,0.4316906034946441,0.5328380465507507,-0.0705998241901397,0.7139659523963928,0.2190538346767425,0.94047349691391,-0.0666530504822731,0.718241810798645,0.4408357739448547,0.5817917585372925,-0.0706900283694267,0.7565884590148926,0.2282734662294387,0.8985627889633179,0.0519977733492851,0.7140176892280579,0.4244861900806427,0.731147050857544,0.0488525554537773,0.7531883120536804,0.1564065217971801,0.935812771320343
0.2323755621910095,-0.634575366973877,-0.138287603855133,0.9893043637275696,0.2079154998064041,-0.6750115752220154,-0.1276044845581054,0.9826987981796264,0.2081704139709472,-0.6749983429908752,-0.1269553750753402,0.980615496635437,0.207980141043663,-0.676021933555603,-0.1269629448652267,0.98466956615448,0.2137485295534134,-0.66728276014328,-0.1596862226724624,0.988451600074768,0.2146274149417877,-0.6681485176086426,-0.1602771133184433,0.9883629083633424,0.2142538577318191,-0.669437825679779,-0.159591868519783,0.9907453060150146,0.0987287759780883,-0.6699366569519043,-0.0618412531912326,0.958088994026184,0.1145454868674278,-0.6434217691421509,-0.2158325612545013,0.9886655807495116,0.190684825181961,-0.6130919456481934,-0.1122467815876007,0.9854686260223388,0.1948945522308349,-0.6050278544425964,-0.1546731293201446,0.9917066693305968,0.0328704230487346,-0.4919191300868988,0.059464618563652,0.9950351119041444,0.0774199441075325,-0.4615272581577301,-0.2824379801750183,0.9998493194580078,-0.0627911388874054,-0.2506675124168396,0.0729530751705169,0.0285766310989856,0.0912377908825874,-0.1897012144327163,-0.293990820646286,0.9711669087409972,-0.0273547302931547,-0.0404962562024593,0.050691332668066,0.0422821044921875,0.1107372939586639,0.0376583077013492,-0.2449051588773727,0.8725447654724121,-0.0210929475724697,0.0296206828206777,0.0539527051150798,0.0525367297232151,0.1212113276124,0.103295236825943,-0.2743734717369079,0.8257569074630737,0.0025255470536649,0.047158520668745,0.0393640249967575,0.0532152131199836,0.1473378837108612,0.1123404279351234,-0.2724853456020355,0.8117631077766418,-0.0191950984299182,-0.017967851832509,0.0404080562293529,0.0524290055036544,0.1227478682994842,0.0578721091151237,-0.2438597083091735,0.7479208111763,0.0101237716153264,-0.0035389261320233,0.1084624752402305,0.99672532081604,-0.0102581307291984,0.0028192193713039,-0.1067684292793273,0.9980589747428894,-0.0634916722774505,0.3648178577423095,0.2676869928836822,0.2837098836898803,-0.031683150678873,0.3724091351032257,0.0486047081649303,0.9333979487419128,-0.0785421878099441,0.6709250807762146,0.4239944219589233,0.5229487419128418,-0.0827177241444587,0.7110956311225891,0.2138887643814087,0.9379076361656188,-0.0679911598563194,0.7099181413650513,0.4322212636470794,0.5757235884666443,-0.083560973405838,0.7534162402153015,0.2227545976638794,0.8941953778266907,0.0507140718400478,0.7071008086204529,0.4135214388370514,0.728492259979248,0.0360610894858837,0.7525749802589417,0.1505806148052215,0.9340435266494752
0.2373754233121872,-0.6269039511680603,-0.1318331211805343,0.9858999252319336,0.2141791731119156,-0.668767511844635,-0.122401051223278,0.97622150182724,0.2144102901220321,-0.6687439680099487,-0.1217786371707916,0.9735374450683594,0.2142097502946853,-0.6697813272476196,-0.1218116506934166,0.9791020750999452,0.2213206440210342,-0.6611624956130981,-0.1543574780225753,0.9839914441108704,0.2221611887216568,-0.6620225310325623,-0.1549208313226699,0.9836157560348512,0.2217804491519928,-0.6633208394050598,-0.1542593538761139,0.9865074753761292,0.10307327657938,-0.6687920093536377,-0.0619345307350158,0.9447884559631348,0.1259080618619918,-0.64280104637146,-0.2158103138208389,0.982582151889801,0.1942141950130462,-0.6075294017791748,-0.1089254841208458,0.9814151525497437,0.2002116739749908,-0.599647045135498,-0.1510667502880096,0.9891589283943176,0.0324280448257923,-0.4917706549167633,0.0527741536498069,0.9950010180473328,0.0856522843241691,-0.4618330895900726,-0.2823848128318786,0.9998487830162048,-0.0642221271991729,-0.2509474754333496,0.063375785946846,0.0296121276915073,0.1013018265366554,-0.1901917159557342,-0.2957846820354461,0.9707322716712952,-0.0378232486546039,-0.038718644529581,0.0417520552873611,0.0453001633286476,0.1150189191102981,0.0427021421492099,-0.2617462873458862,0.8798847794532776,-0.0339954011142253,0.0312011521309614,0.0468683503568172,0.0552250035107135,0.1231443658471107,0.1110354214906692,-0.2915036678314209,0.8352062702178955,-0.0098645454272627,0.0512999556958675,0.0349027812480926,0.055576141923666,0.1500997990369796,0.1212892457842826,-0.2892752289772033,0.8214470744132996,-0.0299105644226074,-0.0150655610486865,0.032387189567089,0.0543908774852752,0.1275254338979721,0.0641085878014564,-0.2607691586017608,0.7575705647468567,0.0100878896191716,-0.0033385420683771,0.1080115959048271,0.9968048930168152,-0.0102160079404711,0.0026147877797484,-0.1063281670212745,0.998056173324585,-0.0584189146757125,0.3626399636268616,0.2681513726711273,0.276979923248291,-0.038164559751749,0.371481329202652,0.0491152107715606,0.9283758997917176,-0.0792249962687492,0.6624459028244019,0.4238573312759399,0.5131614804267883,-0.1047073900699615,0.7067042589187622,0.2133128196001052,0.9354971647262572,-0.0696924924850463,0.7004125714302063,0.4322997331619262,0.5703938007354736,-0.1074652150273323,0.7483416199684143,0.2223897576332092,0.8898522853851318,0.0497046038508415,0.7011743783950806,0.4154630005359649,0.7252306938171387,0.0138996532186865,0.752232015132904,0.1499587446451187,0.9324780106544496
0.2377205193042755,-0.6239013671875,-0.1118045970797538,0.981389343738556,0.2153972536325454,-0.6660270094871521,-0.103964939713478,0.9673489928245544,0.2156189084053039,-0.6660129427909851,-0.1033439859747886,0.9641056656837464,0.2154082804918289,-0.667033851146698,-0.1033788248896598,0.9714202284812928,0.2231539338827133,-0.6585865616798401,-0.1350405216217041,0.977794349193573,0.2239482849836349,-0.659473180770874,-0.1355599761009216,0.9772865772247314,0.2236048579216003,-0.6607738733291626,-0.134924978017807,0.9806528091430664,0.1049618199467659,-0.6683766841888428,-0.0571762546896934,0.925745725631714,0.1328284740447998,-0.6426124572753906,-0.2063865810632705,0.9740262031555176,0.194681704044342,-0.6052930951118469,-0.0930655300617218,0.9755762219429016,0.2015844732522964,-0.5978071689605713,-0.1340972781181335,0.9855087995529176,0.0295324586331844,-0.4916392266750335,0.0527347959578037,0.994782328605652,0.0953764915466308,-0.4645581245422363,-0.2775005996227264,0.999849259853363,-0.0738560184836387,-0.252179354429245,0.0624394640326499,0.0298460870981216,0.1058235913515091,-0.1951614171266555,-0.2943405508995056,0.9708747267723083,-0.0532944686710834,-0.0385597795248031,0.0403082370758056,0.0469455085694789,0.1152760088443756,0.043094977736473,-0.2611911594867706,0.8872202038764954,-0.0513830445706844,0.031589850783348,0.0465426109731197,0.0567721202969551,0.1241377294063568,0.1136697679758071,-0.2898852527141571,0.8447291254997253,-0.0258021652698516,0.0530856661498546,0.0341284349560737,0.0568820387125015,0.150966539978981,0.1252873539924621,-0.2869263887405395,0.8313101530075073,-0.0452119261026382,-0.0144792851060628,0.0312165021896362,0.0554624646902084,0.1278488039970398,0.0651463717222213,-0.2596995830535888,0.7678354978561401,0.0100364312529563,-0.0023988930042833,0.1078069806098938,0.9968702793121338,-0.0101583860814571,0.0017043410334736,-0.1061339154839515,0.998076319694519,-0.051436860114336,0.3642054498195648,0.2606151700019836,0.273380696773529,-0.0422125793993473,0.3713656365871429,0.0462225452065467,0.9276033043861388,-0.0782093256711959,0.6646289825439453,0.4113627970218658,0.5107086896896362,-0.1173243895173072,0.7067731022834778,0.2042028754949569,0.936528205871582,-0.0688270032405853,0.7033451199531555,0.4196866154670715,0.5704429745674133,-0.1206211000680923,0.7484552264213562,0.2122557610273361,0.8891384601593018,0.0513004846870899,0.7033036351203918,0.4127635359764099,0.7266213893890381,0.0043300436809659,0.7538873553276062,0.1361231207847595,0.9337037205696106
0.2391360402107238,-0.6209965944290161,-0.0928979739546775,0.9793250560760498,0.2178741544485092,-0.6628546714782715,-0.0855797454714775,0.963433802127838,0.2180971354246139,-0.6628507971763611,-0.0850073173642158,0.9597344994544984,0.2178907543420791,-0.6638604998588562,-0.0850215852260589,0.9677938222885132,0.2266200184822082,-0.6557308435440063,-0.1161235570907592,0.9747949838638306,0.2273910045623779,-0.6566269397735596,-0.1165996044874191,0.9741011261940002,0.2270988523960113,-0.6579428315162659,-0.1159709021449089,0.9776785373687744,0.1086252629756927,-0.6673466563224792,-0.0474570207297802,0.9161309599876404,0.1413604021072387,-0.6424683928489685,-0.1929873526096344,0.9698498845100404,0.1958609074354171,-0.603191077709198,-0.0763812586665153,0.9733615517616272,0.2040464431047439,-0.5962188839912415,-0.1169232055544853,0.9840981364250184,0.0260278359055519,-0.4919349253177643,0.0529956705868244,0.994867205619812,0.108248047530651,-0.4673989117145538,-0.2699368000030517,0.9998541474342346,-0.0753462389111518,-0.2552961409091949,0.0631160140037536,0.0306451469659805,0.1120026409626007,-0.2001852095127105,-0.290860503911972,0.9711079597473145,-0.0512130409479141,-0.0404064245522022,0.0402165725827217,0.0487103685736656,0.1174569204449653,0.0435471013188362,-0.2601503729820251,0.8931081891059875,-0.0492934100329875,0.0291991457343101,0.0467074364423751,0.0584798641502857,0.1243665963411331,0.1155850887298584,-0.2880591750144958,0.8522695302963257,-0.0231228917837142,0.0519793555140495,0.0339299626648426,0.0583011694252491,0.151536762714386,0.1282055228948593,-0.2839626669883728,0.8390567898750305,-0.0426397770643234,-0.0158634092658758,0.0310465954244136,0.0565764755010604,0.1300831586122512,0.0662791356444358,-0.2582113146781921,0.7757070064544678,0.0074396869167685,-0.0018465439788997,0.1073967367410659,0.997044563293457,-0.0075045903213322,0.0011650347150862,-0.1057378202676773,0.9981546998023988,-0.0540450103580951,0.3690026104450226,0.2551853954792022,0.2710447311401367,-0.0445946231484413,0.3716707825660705,0.0445575676858425,0.9272814393043518,-0.0786148905754089,0.6827582716941833,0.3958921432495117,0.5112408995628357,-0.1102986335754394,0.7103075981140137,0.2005157172679901,0.9375506043434144,-0.0687642246484756,0.7220166921615601,0.4037671685218811,0.5728612542152405,-0.1127964183688163,0.7520792484283447,0.2081227451562881,0.8895721435546875,0.0523203127086162,0.7175117135047913,0.4038848578929901,0.7283707857131958,0.0080203022807836,0.7585561275482178,0.1309579610824585,0.9348984360694884
0.2421901822090149,-0.6139714121818542,-0.0821288004517555,0.9756494760513306,0.2231682687997818,-0.6557435989379883,-0.0756175369024276,0.9566870927810668,0.2233716696500778,-0.6557624340057373,-0.0750462114810943,0.9525023698806764,0.2231595814228058,-0.6567257642745972,-0.0750336572527885,0.9614813327789308,0.2320953756570816,-0.6487635374069214,-0.1055440157651901,0.9697855710983276,0.2328330874443054,-0.6497066020965576,-0.1060196235775947,0.969202160835266,0.232562780380249,-0.6510446071624756,-0.105402760207653,0.973115622997284,0.1178463473916053,-0.6651465892791748,-0.0403795018792152,0.901802897453308,0.1508008390665054,-0.6418285369873047,-0.1832417547702789,0.9640721082687378,0.1992787271738052,-0.5982123613357544,-0.0657496750354766,0.9687574505805968,0.2081282585859298,-0.5917397737503052,-0.1057298779487609,0.9813749194145204,0.0265553425997495,-0.4926772117614746,0.0550179257988929,0.9948070049285888,0.1216991692781448,-0.4694592356681824,-0.2613396942615509,0.999858558177948,-0.0724476352334022,-0.2558887004852295,0.063632994890213,0.0311079248785972,0.1249306872487068,-0.2046411037445068,-0.2816038429737091,0.971528172492981,-0.0535952039062976,-0.038978673517704,0.0468079298734664,0.0493329614400863,0.129260241985321,0.0426165126264095,-0.2539976239204407,0.8989397883415222,-0.0536685287952423,0.0311902724206447,0.0573481246829032,0.0591366551816463,0.1344192922115326,0.1153696477413177,-0.2805719375610351,0.8599551916122437,-0.0276743490248918,0.0553520657122135,0.0436244197189807,0.0587262287735939,0.1614594012498855,0.127520814538002,-0.2755163609981537,0.8471354842185974,-0.0455625280737876,-0.0137150390073657,0.0378639437258243,0.0569335296750068,0.1412068605422973,0.0659137591719627,-0.251348465681076,0.7844468951225281,0.005061506293714,-0.001616841298528,0.1066529601812362,0.9971344470977784,-0.0050695925019681,0.0009524966590106,-0.1050041317939758,0.9981921315193176,-0.0540108419954776,0.3709233701229095,0.2281602472066879,0.268603503704071,-0.0425567664206028,0.3734368085861206,0.0339427068829536,0.9259584546089172,-0.0778465792536735,0.6955994367599487,0.3429839313030243,0.5112540125846863,-0.1053696870803833,0.7193945050239563,0.1575827598571777,0.9380860328674316,-0.0679647698998451,0.7357478141784668,0.3474687337875366,0.5744019746780396,-0.1077616512775421,0.7616548538208008,0.1620665937662124,0.8889234066009521,0.0545690357685089,0.7272290587425232,0.3366794884204864,0.727386474609375,0.0109928883612155,0.7669438719749451,0.0925083607435226,0.9349907636642456
0.2508010268211365,-0.6085442900657654,-0.0376443788409233,0.975057065486908,0.2311751395463943,-0.6500005722045898,-0.0334710590541362,0.9555364847183228,0.2313850075006485,-0.650050699710846,-0.0329495370388031,0.951229989528656,0.231178730726242,-0.6509563326835632,-0.032928567379713,0.9600011706352234,0.2425006628036499,-0.6423792243003845,-0.0634232982993125,0.9685866832733154,0.2432289719581604,-0.6433228850364685,-0.0638782978057861,0.967859983444214,0.2429956942796707,-0.6447060108184814,-0.0632851868867874,0.97164124250412,0.1242412254214286,-0.6638864874839783,-0.011178096756339,0.899865984916687,0.166165217757225,-0.6399006247520447,-0.153579369187355,0.962808072566986,0.2072096914052963,-0.5949879288673401,-0.0252853650599718,0.9683746695518494,0.2190627604722976,-0.5880271792411804,-0.0656111314892768,0.9811307191848756,0.0251082479953765,-0.4954569041728973,0.0677314922213554,0.9950221180915833,0.1445216685533523,-0.4713479280471802,-0.2390584498643875,0.999864935874939,-0.0725659653544426,-0.2592047750949859,0.0704061388969421,0.0343410596251487,0.145042598247528,-0.2104017883539199,-0.2550717890262604,0.9717748761177064,-0.0550814904272556,-0.0395697206258773,0.0606557577848434,0.0528581589460372,0.1483069658279419,0.0348490253090858,-0.2055006623268127,0.9026845097541808,-0.0562085546553134,0.0306480452418327,0.0737496986985206,0.062628298997879,0.153790146112442,0.1082577779889106,-0.2243720591068267,0.8646788001060486,-0.0308521687984466,0.0552320778369903,0.0602066256105899,0.0618258342146873,0.1785022616386413,0.1209227293729782,-0.2188117057085037,0.8520302772521973,-0.0472570732235908,-0.0141084436327219,0.0521882884204387,0.059663712978363,0.1590968966484069,0.0580372475087642,-0.2013836503028869,0.7894869446754456,-0.0008468785090371,-0.0015475018881261,0.1049960181117057,0.9973191022872924,0.0009330962784588,0.0008880111272446,-0.1033570989966392,0.9982860088348388,-0.0445895344018936,0.3707754611968994,0.2181966006755828,0.2731842994689941,-0.0415002256631851,0.3747563362121582,0.0322038047015666,0.9262548685073853,-0.0515764169394969,0.7039914727210999,0.3287584185600281,0.5175148844718933,-0.1021836698055267,0.7234640121459961,0.1524891704320907,0.938433825969696,-0.0397679358720779,0.7449120283126831,0.3332393169403076,0.5786588191986084,-0.1048565953969955,0.765681266784668,0.1578810811042785,0.8877964019775391,0.0851884931325912,0.7339475154876709,0.3217080533504486,0.7270464897155762,0.0095122503116726,0.7724565267562866,0.0925499945878982,0.9340333342552184
0.2634578049182892,-0.6085276007652283,-0.0120137184858322,0.9748010635375975,0.2430361360311508,-0.6499555706977844,-0.0093800211325287,0.9544584155082704,0.2432283759117126,-0.6500121355056763,-0.0088616665452718,0.9504311084747314,0.2430423200130462,-0.6509082317352295,-0.0089039336889982,0.9584047198295592,0.2558938860893249,-0.6418850421905518,-0.0382796041667461,0.9675630331039428,0.2566288709640503,-0.6428197622299194,-0.0386880300939083,0.9667406678199768,0.2564077973365783,-0.6442134976387024,-0.0381741970777511,0.969791054725647,0.1359011977910995,-0.6639891266822815,0.0057144677266478,0.8976460695266724,0.1834322959184646,-0.639537513256073,-0.1324032247066497,0.9614240527153016,0.2201088815927505,-0.5951062440872192,-0.0025317356921732,0.9682049751281738,0.2337073683738708,-0.5877935290336609,-0.0417478084564209,0.9808014631271362,0.0261977836489677,-0.4992626905441284,0.075271688401699,0.9952570199966432,0.1609788537025451,-0.4730104804039001,-0.2253434062004089,0.99987131357193,-0.0719473138451576,-0.2666978240013122,0.0722214505076408,0.0417969077825546,0.1665093153715133,-0.2110837996006012,-0.2374728173017501,0.9712144136428832,-0.0544706359505653,-0.0417857430875301,0.0621109679341316,0.0586030334234237,0.1617141515016555,0.0317822471261024,-0.1787515878677368,0.9047371745109558,-0.0579185485839843,0.0293148159980773,0.0745478048920631,0.0672549679875373,0.1665952503681183,0.1062502190470695,-0.1946695446968078,0.8671392202377319,-0.0337916277348995,0.0545748434960842,0.0625004395842552,0.0660695508122444,0.1874071359634399,0.1191695109009742,-0.1925519555807113,0.8545056581497192,-0.04746013879776,-0.0157108213752508,0.0541365854442119,0.0635187327861785,0.1709933578968048,0.0550662502646446,-0.1756903380155563,0.7912389636039734,-0.001827722066082,-0.0015308128204196,0.1049120351672172,0.9975016713142396,0.0019418842857703,0.0008696150034666,-0.1032741740345954,0.9983921647071838,-0.0212559252977371,0.366957426071167,0.2295717149972915,0.2929478883743286,-0.0473034232854843,0.3768302202224731,0.0315070338547229,0.9305729866027832,0.0100679770112037,0.7028488516807556,0.3448930084705353,0.5425662398338318,-0.1314669996500015,0.7229505181312561,0.1535185724496841,0.9420133233070374,0.0262591913342475,0.7438459992408752,0.3500006198883056,0.5977439284324646,-0.1378474682569503,0.7652007341384888,0.1583434045314788,0.8902695775032043,0.1574848443269729,0.7343631386756897,0.3430392742156982,0.7387726902961731,-0.0343609265983104,0.7812547087669373,0.095821276307106,0.936599612236023
0.2673653662204742,-0.6080407500267029,0.0111264027655124,0.9763535261154176,0.2452295273542404,-0.6494989991188049,0.0135728465393185,0.957126796245575,0.2454253137111663,-0.6495585441589355,0.0141194006428122,0.953332781791687,0.2452925741672516,-0.6504148840904236,0.014125445857644,0.9605762362480164,0.2595144212245941,-0.6411538124084473,-0.0164525285363197,0.9693931937217712,0.2602534890174866,-0.6420800685882568,-0.0169196370989084,0.9685752391815186,0.2600716352462768,-0.6434751152992249,-0.0163417626172304,0.9712854027748108,0.1352778822183609,-0.6640177369117737,0.0248770155012607,0.9037266373634338,0.187002882361412,-0.6392413973808289,-0.118280328810215,0.963697910308838,0.2229403257369995,-0.5949587821960449,0.019219197332859,0.970154106616974,0.2379937469959259,-0.5873938798904419,-0.021806126460433,0.981952667236328,0.0239531509578228,-0.502778172492981,0.0860988870263099,0.9955865740776062,0.1655293554067611,-0.4740554094314575,-0.2152338474988937,0.999880075454712,-0.0709633231163024,-0.2682050168514251,0.0814529210329055,0.0485744029283523,0.1726626008749008,-0.2105485498905182,-0.2250654399394989,0.9716674089431764,-0.051608458161354,-0.0434455648064613,0.0726167783141136,0.0630539953708648,0.1716211587190628,0.0302523132413625,-0.1524903774261474,0.9069059491157532,-0.053743090480566,0.0255418438464403,0.0866852700710296,0.0711580738425254,0.1769795715808868,0.1030948087573051,-0.1656184792518615,0.8692212104797363,-0.0300622005015611,0.0492331907153129,0.074788823723793,0.0696241036057472,0.1946286857128143,0.1144869029521942,-0.1610185205936432,0.8566433787345886,-0.0444831363856792,-0.0180014595389366,0.0651699677109718,0.066770888864994,0.1798586249351501,0.0526109188795089,-0.1482038050889969,0.7933080196380615,-0.005876166280359,-0.0015556006692349,0.1043877676129341,0.9977049231529236,0.0060083023272454,0.0008957269019447,-0.102800078690052,0.9985173940658568,-0.0206408146768808,0.3634213507175445,0.2376388758420944,0.3102940320968628,-0.0475159361958503,0.3767644762992859,0.0354342050850391,0.9342972040176392,0.0024485250469297,0.7021998167037964,0.3621724545955658,0.5633683800697327,-0.1417782604694366,0.7202810645103455,0.1738086193799972,0.9451621174812316,0.0166918709874153,0.7429622411727905,0.368949681520462,0.6126607060432434,-0.150063931941986,0.761704683303833,0.1833246499300003,0.8924805521965027,0.1442219763994217,0.7349867224693298,0.3672778606414795,0.748143196105957,-0.0535960011184215,0.780712902545929,0.1315528154373169,0.9387342929840088
0.2642989456653595,-0.6085343360900879,0.0413576662540435,0.9780840873718262,0.2424822300672531,-0.6498682498931885,0.0403044447302818,0.960242748260498,0.2427013218402862,-0.6499229669570923,0.0408043265342712,0.9566591382026672,0.2425345778465271,-0.6507693529129028,0.0408573150634765,0.9632762670516968,0.255664199590683,-0.6415078043937683,0.0112132271751761,0.971546709537506,0.2564117014408111,-0.6424257159233093,0.0107420170679688,0.9706985950469972,0.2562337517738342,-0.6438113451004028,0.0113255754113197,0.9731650352478028,0.1322393119335174,-0.6640033721923828,0.0390869043767452,0.910913586616516,0.1889640539884567,-0.6391029953956604,-0.0997097268700599,0.9662411212921144,0.2210948467254638,-0.5951454639434814,0.0452523939311504,0.9722906947135924,0.2353327423334121,-0.5875500440597534,0.0054874289780855,0.983187735080719,0.0078624216839671,-0.5071690678596497,0.0888066440820694,0.995932936668396,0.1705647706985473,-0.4743383526802063,-0.2025638222694397,0.9998883605003356,-0.083744429051876,-0.2765748500823974,0.0827233344316482,0.0672796592116355,0.1837572157382965,-0.2102573215961456,-0.2097670435905456,0.9724094271659852,-0.0628617629408836,-0.0670953094959259,0.0762302279472351,0.0665145441889762,0.1799247711896896,0.0276679880917072,-0.1203057840466499,0.9058562517166138,-0.0657171756029129,-0.0057859807275235,0.0895574763417244,0.0731275528669357,0.1857335269451141,0.0951962694525718,-0.1270685195922851,0.8660412430763245,-0.0443603582680225,0.0139076290652155,0.0804942399263382,0.0712359622120857,0.1973888427019119,0.1028684675693512,-0.1190587356686592,0.8531652092933655,-0.0555119328200817,-0.04441724345088,0.0701058208942413,0.068419836461544,0.1861317306756973,0.0477732643485069,-0.1143752336502075,0.788653552532196,-0.0143332108855247,-0.0018190913833677,0.1036500260233879,0.99789297580719,0.0144607163965702,0.0011488243471831,-0.1021175980567932,0.9986330270767212,-0.0277926474809646,0.358990341424942,0.2508903741836548,0.3169347643852234,-0.0469004549086093,0.3765005469322204,0.0513329319655895,0.9355087280273438,-0.0031486086081713,0.693461537361145,0.3861428797245025,0.5716849565505981,-0.1369028836488723,0.713711678981781,0.2068029195070266,0.9458436369895936,0.0087415836751461,0.7339068651199341,0.3955262005329132,0.620561420917511,-0.1458448767662048,0.7536986470222473,0.2206937968730926,0.8923639059066772,0.1297086030244827,0.7306010127067566,0.4021982848644256,0.7471326589584351,-0.0551398955285549,0.7796046733856201,0.1831482499837875,0.9374420046806335
0.2626796662807464,-0.6086312532424927,0.0674363076686859,0.9795734882354736,0.2404502779245376,-0.6500230431556702,0.0629667937755584,0.9629819989204408,0.2406613379716873,-0.6500723958015442,0.0634662136435508,0.9596651792526244,0.2405056357383728,-0.6509160995483398,0.0635454133152961,0.9656779170036316,0.2562820017337799,-0.6415835022926331,0.0354516953229904,0.9734073281288148,0.2570070028305053,-0.6424936056137085,0.0350733622908592,0.9726008772850036,0.2568284869194031,-0.6438779830932617,0.0356120876967906,0.9747437238693236,0.1311926692724228,-0.6640002131462097,0.049672320485115,0.916898787021637,0.2001703381538391,-0.6388130784034729,-0.0826365053653717,0.9685450196266174,0.2195350378751754,-0.5951684713363647,0.0671823024749755,0.9740359783172609,0.2360232174396515,-0.5874436497688293,0.0295570027083158,0.9841760993003844,0.0032012104056775,-0.5081994533538818,0.1006899774074554,0.9962692856788636,0.1791613101959228,-0.4743583798408508,-0.1928345561027526,0.9998967051506042,-0.1014432460069656,-0.2827348411083221,0.1083662137389183,0.0947809144854545,0.1895574182271957,-0.2096448838710785,-0.195597231388092,0.9735827445983888,-0.0787930786609649,-0.0907975509762764,0.1226814016699791,0.0728942081332206,0.2001607418060302,0.0190085545182228,-0.1110184416174888,0.9094887971878052,-0.0815468356013298,-0.0309593006968498,0.1366388648748397,0.0773288011550903,0.2106908857822418,0.0835079699754715,-0.1122366786003112,0.8698289394378662,-0.0602877885103225,-0.0155889587476849,0.1302044242620468,0.075123056769371,0.2187276035547256,0.0884691327810287,-0.1078932657837867,0.8575031161308289,-0.0710666701197624,-0.0703237429261207,0.1175131946802139,0.0721840113401413,0.2064229398965835,0.0366119891405105,-0.1054245308041572,0.7934960126876831,-0.0161528307944536,-0.0018024906748905,0.1046536341309547,0.9980711936950684,0.0162656176835298,0.0011303711216896,-0.10312220454216,0.9987407922744752,-0.0217970348894596,0.3516705632209778,0.2653913795948028,0.3202100694179535,-0.0357880517840385,0.3662435412406921,0.0496809296309948,0.9380143880844116,-0.0060827690176665,0.6748043298721313,0.4063232839107513,0.5778933763504028,-0.1484359502792358,0.6667599081993103,0.2045707255601883,0.9473159313201904,0.0001666643947828,0.7153744101524353,0.4151410758495331,0.6244024038314819,-0.1620046496391296,0.703352153301239,0.218883141875267,0.8927687406539917,0.1252413541078567,0.7200431227684021,0.4205434918403625,0.7454638481140137,-0.0722285732626915,0.747668981552124,0.176383838057518,0.9383928775787354
0.2614232301712036,-0.6087876558303833,0.0602531433105468,0.980645477771759,0.2390618324279785,-0.6502581834793091,0.0536328591406345,0.9650691151618958,0.2392743527889251,-0.6503085494041443,0.0541530773043632,0.9620219469070436,0.2391207367181778,-0.6511503458023071,0.054207220673561,0.9676628708839417,0.2560086846351623,-0.6417640447616577,0.0266141910105943,0.9748251438140868,0.2566905319690704,-0.6426669359207153,0.0262301377952098,0.9740760922431946,0.2565109133720398,-0.6440495848655701,0.0268600955605506,0.975939393043518,0.1307552456855774,-0.6636263132095337,0.039665587246418,0.9221869111061096,0.2046285271644592,-0.637191891670227,-0.0921046063303947,0.9700804352760316,0.2186456620693206,-0.5948936343193054,0.0596132054924964,0.9749910235404968,0.2358878254890442,-0.5869483351707458,0.0227104071527719,0.9847023487091064,-0.001634414657019,-0.5089341998100281,0.1025681942701339,0.9965031147003174,0.182686910033226,-0.4686669409275055,-0.1968591511249542,0.9999002814292908,-0.1026336252689361,-0.2836386859416961,0.1350602805614471,0.1000578179955482,0.1915348917245865,-0.201054185628891,-0.2037788778543472,0.9745776057243348,-0.076023906469345,-0.0982361659407615,0.1653514057397842,0.0727222561836242,0.2230003476142883,0.0215895846486091,-0.1335540413856506,0.913433313369751,-0.077565886080265,-0.0439336188137531,0.1848315745592117,0.0774226561188697,0.2411033362150192,0.0838084742426872,-0.1424968540668487,0.8748191595077515,-0.054310780018568,-0.0276256874203681,0.172276571393013,0.0750919133424758,0.2489398568868637,0.0908766835927963,-0.1380221098661422,0.8630014061927795,-0.0672638565301895,-0.0785994380712509,0.1593752652406692,0.0722758397459983,0.2305374294519424,0.0369859226047992,-0.1289082765579223,0.7993603348731995,-0.0220925342291593,-0.0035080278757959,0.1060960739850997,0.9981889128684998,0.0222233738750219,0.0028047582600265,-0.1045405939221382,0.998802125453949,-0.0126629415899515,0.3413339853286743,0.264800488948822,0.3110594749450683,0.0346403867006301,0.354038804769516,0.04153673350811,0.93855482339859,-0.0261502470821142,0.6587780117988586,0.4017493724822998,0.5656670928001404,-0.143193781375885,0.6438065767288208,0.197093591094017,0.9474962949752808,-0.0247770510613918,0.6991869807243347,0.4097858369350433,0.6139286160469055,-0.1529129594564438,0.6793841123580933,0.214267611503601,0.892400324344635,0.1001324653625488,0.7081777453422546,0.4128378927707672,0.7318658828735352,-0.0568311549723148,0.7225050926208496,0.1659670919179916,0.937895119190216
0.2606034874916076,-0.6052488088607788,0.0677414163947105,0.9820021390914916,0.2380955964326858,-0.6474258303642273,0.0580986216664314,0.9677193760871888,0.2383069992065429,-0.6474416255950928,0.0585570149123668,0.9648330211639404,0.2381563484668731,-0.6482261419296265,0.0585402399301528,0.970077395439148,0.2566086649894714,-0.6384013295173645,0.0329736061394214,0.9766194820404052,0.2572115361690521,-0.6392860412597656,0.0326024703681468,0.9758097529411316,0.2570589184761047,-0.640579342842102,0.0331743843853473,0.9775280952453612,0.1298424154520034,-0.6599665284156799,0.035174261778593,0.9283016920089722,0.2136428505182266,-0.6310373544692993,-0.0903152823448181,0.9720813632011414,0.2177878767251968,-0.5909501314163208,0.064355693757534,0.9766736030578612,0.2374776601791381,-0.5822106003761292,0.0294488798826932,0.9856701493263244,0.0005767024704255,-0.5087809562683105,0.1000559255480766,0.9967524409294128,0.1927375644445419,-0.4615631103515625,-0.1936516463756561,0.9999027848243712,-0.0705566704273223,-0.2784618735313415,0.1263956129550933,0.0958437696099281,0.1999895572662353,-0.1929944604635238,-0.2002239972352981,0.9736541509628296,-0.0146217346191406,-0.0912769362330436,0.1355337351560592,0.0715116262435913,0.2383997589349746,0.0362625643610954,-0.1347179412841797,0.9138118624687196,-0.0093673653900623,-0.0407263003289699,0.1469794660806656,0.0772702917456626,0.2592379450798034,0.1026062443852424,-0.1462307125329971,0.8757641315460205,0.0197255387902259,-0.0251214057207107,0.1287583410739898,0.07476557046175,0.2689405679702759,0.1061349138617515,-0.1400164067745208,0.8641235828399658,-0.0019218967063352,-0.0725042074918747,0.1280940622091293,0.0719975158572197,0.2468782812356948,0.0516359098255634,-0.1301819086074829,0.7994682788848877,-0.0306472368538379,-0.0047219898551702,0.1047453582286834,0.9983146786689758,0.0307926405221223,0.0040000146254897,-0.1032218262553215,0.9988703727722168,-0.0144928926602005,0.3335419595241546,0.284327894449234,0.3002905249595642,0.0464264899492263,0.3377029001712799,0.0710925236344337,0.9274918437004088,-0.0623059943318367,0.637811541557312,0.4127600789070129,0.5489394068717957,-0.1001511886715889,0.6318618655204773,0.2245491743087768,0.938572108745575,-0.0628992542624473,0.6759565472602844,0.4199733436107635,0.6039514541625977,-0.1160227283835411,0.6676228642463684,0.2399801760911941,0.8795908689498901,0.0447136461734771,0.6923151612281799,0.4221768975257873,0.710599422454834,-0.0296454895287752,0.713685154914856,0.2060144543647766,0.9275838136672974
0.2792882621288299,-0.5891227722167969,0.0894597396254539,0.9831669330596924,0.2592957615852356,-0.6323887705802917,0.0765179023146629,0.9702189564704896,0.2594750225543976,-0.632361888885498,0.0770067274570465,0.96753191947937,0.2594099938869476,-0.6331437826156616,0.0769313499331474,0.9724045395851136,0.2835716009140014,-0.6218381524085999,0.0547187626361846,0.9782854318618774,0.2840729355812073,-0.6227036714553833,0.0543777607381343,0.9774816632270812,0.2839997112751007,-0.6239785552024841,0.0548826530575752,0.979054629802704,0.1585239768028259,-0.645514965057373,0.0385751351714134,0.9343478083610536,0.2566308379173279,-0.6116335988044739,-0.0736745148897171,0.9740701913833618,0.2365404814481735,-0.5754256844520569,0.0817010030150413,0.9781209230422974,0.263485699892044,-0.5647734999656677,0.0500249974429607,0.9863095879554749,0.0165322627872228,-0.4932498335838318,0.1013859286904335,0.9969923496246338,0.2333912849426269,-0.4395008981227875,-0.1817785948514938,0.9999029636383056,-0.0638609901070594,-0.2609281837940216,0.1280010342597961,0.1081495434045791,0.242517665028572,-0.1698252558708191,-0.190352663397789,0.97360497713089,-0.0201595686376094,-0.0732453987002372,0.1417114585638046,0.0733753219246864,0.2733618021011352,0.0589766427874565,-0.1296615153551101,0.9124847650527954,-0.0107774538919329,-0.0163279436528682,0.1582198292016983,0.0784487575292587,0.2899454832077026,0.1294868886470794,-0.1344640851020813,0.87335604429245,0.0162256006151437,-0.0016483623767271,0.1439654976129531,0.0757507979869842,0.29734867811203,0.1320141851902008,-0.1272233724594116,0.8620790839195251,-0.0088623268529772,-0.0539820343255996,0.1362771838903427,0.0732673704624176,0.2802796363830566,0.0746643766760826,-0.1240440979599952,0.7955149412155151,-0.041948914527893,-0.0044606025330722,0.1023277044296264,0.99845689535141,0.0420698821544647,0.0037212923634797,-0.1007186993956565,0.998936414718628,-0.0315489433705806,0.3445011675357818,0.2715713679790497,0.3081896007061004,0.1235367432236671,0.3047687709331512,0.0677595436573028,0.9209945797920228,-0.0580439679324626,0.648157000541687,0.3155468106269836,0.5542710423469543,0.0233229249715805,0.6141915917396545,0.1680889725685119,0.9306704998016356,-0.0573602244257926,0.6862614750862122,0.3130620718002319,0.6109059453010559,0.0082493927329778,0.6509162187576294,0.1770764589309692,0.8671146035194397,0.0525253750383853,0.7114378213882446,0.3066926300525665,0.7030845284461975,0.0883198976516723,0.7080132961273193,0.1729625016450882,0.9203633069992064
0.2917768061161041,-0.5741345882415771,0.0787091553211212,0.9845189452171326,0.2722641825675964,-0.6180742383003235,0.0644855871796608,0.9728119373321532,0.2725715339183807,-0.6181825399398804,0.0649559870362281,0.970397412776947,0.2724988460540771,-0.6189659237861633,0.0649395436048507,0.974811851978302,0.2985990345478058,-0.6065995097160339,0.0442559942603111,0.9801329970359802,0.2991004288196563,-0.6073377728462219,0.043898481875658,0.9794034361839294,0.2990587651729584,-0.608741044998169,0.0444733202457428,0.9808205962181092,0.1781050860881805,-0.6262238621711731,0.0361168384552001,0.9403666257858276,0.2806105017662048,-0.5878218412399292,-0.080297440290451,0.9763370752334596,0.2518050074577331,-0.5582365989685059,0.0712369009852409,0.9798673987388612,0.2806471586227417,-0.5462890863418579,0.041432287544012,0.9873814582824708,0.0399646684527397,-0.4767161011695862,0.092191107571125,0.9971821904182434,0.2559924125671386,-0.411249428987503,-0.1842267960309982,0.999906063079834,-0.0362368635833263,-0.2362511157989502,0.1256424635648727,0.1112184971570968,0.264582872390747,-0.1401892304420471,-0.1874133497476577,0.972092866897583,-0.009253941476345,-0.0355982258915901,0.1538634300231933,0.0702023059129715,0.2912750244140625,0.0825836658477783,-0.1248554289340972,0.8928618431091309,-0.0128185283392667,0.0315722897648811,0.1772826313972473,0.0754883736371994,0.3089212775230407,0.1572722345590591,-0.1298148185014724,0.8514463901519775,0.0153031861409544,0.0456611700356006,0.1674600541591644,0.0726869404315948,0.3135581910610199,0.1549011319875717,-0.1239989101886749,0.8392831683158875,0.0015718478243798,-0.0124576902016997,0.1515650004148483,0.0703657418489456,0.2961045205593109,0.0979207381606102,-0.1200266182422638,0.7689525485038757,-0.0498339980840683,-0.0095144687220454,0.1026787310838699,0.998568594455719,0.0501346476376056,0.0087829744443297,-0.1009754315018653,0.9990165829658508,-0.0601767934858799,0.3385928273200989,0.2927471697330475,0.3284323811531067,0.1833017468452453,0.313740074634552,0.0553522743284702,0.9271785020828248,-0.0594238564372062,0.6479321718215942,0.3295395672321319,0.5807135105133057,0.1136084347963333,0.6300220489501953,0.0930570885539054,0.9362244606018066,-0.0552639625966548,0.6887929439544678,0.3284582495689392,0.6355307698249817,0.1040326431393623,0.6674137115478516,0.0971375033259391,0.8767037391662598,0.0532762371003627,0.7089821100234985,0.3272083103656769,0.7131657004356384,0.1994174420833587,0.714296281337738,0.0809934213757515,0.9254071116447448
0.2994796633720398,-0.5296021699905396,0.0753594934940338,0.985882043838501,0.2835769057273865,-0.5720309019088745,0.0622656643390655,0.97524893283844,0.2839215099811554,-0.5722370147705078,0.0627820417284965,0.9731227159500122,0.2839445769786834,-0.5731174945831299,0.0627772733569145,0.9770864844322203,0.3100797235965729,-0.5596626996994019,0.0436360649764537,0.9818739295005798,0.3106085360050201,-0.5603163838386536,0.0433467254042625,0.9812488555908204,0.3105778098106384,-0.5618169903755188,0.0439432859420776,0.9825050830841064,0.1955651640892028,-0.5842076539993286,0.0348270162940025,0.9459498524665833,0.2961694002151489,-0.5418269634246826,-0.0799265429377555,0.978443443775177,0.2602092921733856,-0.5169680118560791,0.066987469792366,0.9815056920051576,0.2883408665657043,-0.5034577250480652,0.0380763970315456,0.9884039759635924,0.0531407929956913,-0.4423866868019104,0.079921655356884,0.9973933100700378,0.2732671499252319,-0.3727156817913055,-0.1833434104919433,0.9999127984046936,-0.0405178181827068,-0.1956085711717605,0.1188926771283149,0.1208909749984741,0.273490309715271,-0.104169450700283,-0.1797063499689102,0.971985399723053,-0.0513035431504249,0.0204698462039232,0.1583445966243744,0.0686960816383361,0.298997163772583,0.1139022633433342,-0.1120617240667343,0.8673602342605591,-0.07764433324337,0.1009456887841224,0.1853458434343338,0.0740427076816558,0.3160946071147918,0.1950380504131317,-0.1139427125453949,0.8228778839111328,-0.0463518761098384,0.1147870421409607,0.1835831999778747,0.0709734782576561,0.3234795928001404,0.1902724802494049,-0.10691699385643,0.8093259334564209,-0.0441899225115776,0.0472143478691577,0.1593674272298813,0.0684201195836067,0.3025904297828674,0.1296633183956146,-0.1063082441687583,0.7358108162879944,-0.0546287149190902,-0.0115937581285834,0.1025954559445381,0.9986934661865234,0.0549988448619842,0.0108786495402455,-0.1008204668760299,0.999108910560608,-0.0613072961568832,0.3161405324935913,0.3589743971824646,0.3503561913967132,0.2130929231643676,0.3168515861034393,0.0625457540154457,0.9333546161651612,-0.0641148313879966,0.6156731247901917,0.3851146697998047,0.6084434986114502,0.169906347990036,0.6378822326660156,0.0684169381856918,0.9416749477386476,-0.0582148097455501,0.6604892015457153,0.3828903436660766,0.6612371206283569,0.1646110415458679,0.675807535648346,0.0687634795904159,0.8867776989936829,0.041762825101614,0.6903963685035706,0.4046861231327057,0.7224624752998352,0.2735596001148224,0.7176164388656616,0.0500040166079998,0.930375635623932
0.3084941804409027,-0.4775446057319641,0.0655344650149345,0.9871039986610411,0.2978135645389557,-0.519416093826294,0.0558801405131816,0.9774949550628662,0.2981520891189575,-0.5196465849876404,0.056392353028059,0.9755921363830566,0.2981745302677154,-0.5204823017120361,0.0564036443829536,0.9791657328605652,0.3242458701133728,-0.5058979392051697,0.0341425277292728,0.983475387096405,0.3247776925563812,-0.5065041780471802,0.0338183753192424,0.982903003692627,0.3248338997364044,-0.5079874992370605,0.0344059020280838,0.9840536117553712,0.2168224453926086,-0.5392188429832458,0.0040180664509534,0.950959861278534,0.3161907494068146,-0.4955098330974579,-0.0819761529564857,0.9803197383880616,0.2697021067142486,-0.4697767198085785,0.062981829047203,0.9829481840133668,0.2973713874816894,-0.4557355940341949,0.0295539572834968,0.9893307685852052,0.0624367967247962,-0.4252508878707886,0.05122871696949,0.997605800628662,0.2880245149135589,-0.3429989814758301,-0.1860413998365402,0.999920129776001,-0.0422425158321857,-0.190734714269638,0.0797661915421485,0.1191911250352859,0.2819398939609527,-0.0828344076871872,-0.1734749525785446,0.9700390696525574,-0.0631161779165268,0.0332518108189106,0.1489835232496261,0.0663074702024459,0.313737004995346,0.1352735310792923,-0.0941169708967208,0.8454636335372925,-0.0850051566958427,0.1124817505478859,0.1770417094230651,0.0721776783466339,0.3346723318099975,0.2109290659427642,-0.0921596884727478,0.8015809655189514,-0.059008277952671,0.1269072890281677,0.1697391122579574,0.0689885467290878,0.3462706804275512,0.2062848210334777,-0.0883730426430702,0.7873715758323669,-0.0587978214025497,0.0599286817014217,0.155408039689064,0.0662401467561721,0.319022923707962,0.1506863087415695,-0.0892524048686027,0.7124113440513611,-0.0539153963327407,-0.014518354088068,0.1020816192030906,0.9987804293632508,0.0543043054640293,0.013819970190525,-0.1002377420663833,0.9991912841796876,-0.0463291071355342,0.2822773158550262,0.3872867822647095,0.345732182264328,0.2188613563776016,0.3131972551345825,0.0616581328213214,0.9373825788497924,-0.0476258881390094,0.5703173279762268,0.4833138287067413,0.6190993785858154,0.1860677599906921,0.637914776802063,0.0769270285964012,0.9455381631851196,-0.0403335765004158,0.6138460040092468,0.489280492067337,0.6710540056228638,0.1827684342861175,0.6776118874549866,0.0791496187448501,0.8929128646850586,0.0524516887962818,0.6432458758354187,0.5231974124908447,0.7261982560157776,0.2864119708538055,0.7144570350646973,0.0601320378482341,0.9337926506996156
0.3119986951351166,-0.446002334356308,0.087748683989048,0.9882816076278688,0.3022288084030151,-0.4875515401363373,0.0703830420970916,0.979610562324524,0.3024899959564209,-0.4876972138881683,0.0708720162510871,0.9779003262519836,0.3025059998035431,-0.4885569810867309,0.0707659125328064,0.9811067581176758,0.329879492521286,-0.4740392863750458,0.055119551718235,0.985016107559204,0.3304676115512848,-0.4746555387973785,0.0548337399959564,0.9845008850097656,0.3305870592594147,-0.4760269522666931,0.0551635958254337,0.9855483770370485,0.2228275388479232,-0.5058667063713074,0.0069417390041053,0.955624520778656,0.3294060230255127,-0.4627013206481933,-0.0679068490862846,0.9821633100509644,0.2730856239795685,-0.4380931854248047,0.0742060989141464,0.9844267964363098,0.3026095628738403,-0.4244698584079742,0.0488146059215068,0.990269422531128,0.0689867138862609,-0.4081733226776123,0.0518799722194671,0.9978306889533995,0.3067239224910736,-0.3145441710948944,-0.1646286249160766,0.999927580356598,-0.042423378676176,-0.1749114692211151,0.0689102113246917,0.1159765496850013,0.3230842351913452,-0.0453236028552055,-0.147843524813652,0.9712257981300354,-0.0612704530358314,0.061642087996006,0.116204984486103,0.0640458613634109,0.3602169454097748,0.1731901317834854,-0.0600662715733051,0.8388363122940063,-0.0825839340686798,0.1430400609970092,0.1294343471527099,0.0700991600751876,0.3838699162006378,0.2445061206817627,-0.0569844394922256,0.7920708656311035,-0.0532432049512863,0.157122254371643,0.1362295150756836,0.0668698102235794,0.393826961517334,0.238167718052864,-0.0559438727796077,0.7774544954299927,-0.0564915277063846,0.0887724012136459,0.1236216723918914,0.0641584545373916,0.3647737205028534,0.1880615353584289,-0.0561096221208572,0.7018140554428101,-0.0536142662167549,-0.0191874429583549,0.0994410067796707,0.9988865852355956,0.0539603568613529,0.0185291431844234,-0.0976785346865654,0.999269723892212,-0.0321375727653503,0.2301881164312362,0.4141541719436645,0.3428280353546142,0.1892846822738647,0.3114252388477325,0.0946626663208007,0.9408653378486632,-0.0366793237626552,0.5237154364585876,0.5835123062133789,0.6229195594787598,0.1568736881017685,0.6197522878646851,0.1443800777196884,0.9485678672790528,-0.0274315364658832,0.5676117539405823,0.5989503860473633,0.6757755875587463,0.1551803350448608,0.6587937474250793,0.1510000824928283,0.898766815662384,0.0653683319687843,0.5893868207931519,0.6395436525344849,0.7179041504859924,0.265639066696167,0.6871094703674316,0.1397444605827331,0.9342902302742004
0.3182753026485443,-0.373549610376358,0.3992961049079895,0.98815256357193,0.3108607530593872,-0.4086822271347046,0.3914912939071655,0.979682683944702,0.3109469413757324,-0.4089483618736267,0.3921507596969604,0.978526771068573,0.3109399676322937,-0.4098141193389892,0.3919748067855835,0.9813563823699952,0.3418340981006622,-0.3944539725780487,0.3796028792858124,0.9843712449073792,0.3421961367130279,-0.3951699733734131,0.3791655302047729,0.984040141105652,0.3424344956874847,-0.3963934779167175,0.3795624077320099,0.9853026866912842,0.2199326604604721,-0.433310329914093,0.3149420917034149,0.9569347500801086,0.3414402604103088,-0.3958141505718231,0.2370092570781707,0.9812889695167542,0.2743464112281799,-0.3722633719444275,0.3710700273513794,0.983186662197113,0.3075273334980011,-0.358576238155365,0.347667396068573,0.9887847304344176,0.0640652403235435,-0.3484627604484558,0.3002382516860962,0.9980037808418274,0.3272559344768524,-0.2788629531860351,0.0739694982767105,0.9999333024024964,-0.047827985137701,-0.1250462234020233,0.3035022616386413,0.1070082187652587,0.3541808426380157,-0.0074355900287628,0.0749368965625763,0.9717944264411926,-0.0494803674519062,0.131773367524147,0.3187951445579529,0.0627109259366989,0.4186645746231079,0.2168458849191665,0.1635839194059372,0.827966570854187,-0.0743482783436775,0.2158531993627548,0.3456836342811584,0.0706415846943855,0.4498342871665954,0.2839766144752502,0.1872631013393402,0.7795282006263733,-0.0386417806148529,0.2217612415552139,0.3545225858688354,0.0669877380132675,0.4633698463439941,0.2735199928283691,0.1965417265892028,0.7626828551292419,-0.0436388105154037,0.1558744311332702,0.325380802154541,0.0640465319156646,0.42526975274086,0.2304655760526657,0.1757137179374694,0.6891016960144043,-0.0726900100708007,-0.0161092840135097,0.0993256121873855,0.9989868998527528,0.0726755559444427,0.0155852008610963,-0.0976266041398048,0.9993380308151244,-0.0040126629173755,0.1644720286130905,0.4154637455940246,0.326170265674591,0.184062123298645,0.3078633546829223,0.1112046018242836,0.9401805996894836,-0.007723547052592,0.421454519033432,0.4102969169616699,0.6126431226730347,0.1757562011480331,0.5388603806495667,0.0517553240060806,0.9502257704734802,-0.0068499632179737,0.4601439237594604,0.3919078111648559,0.6807984113693237,0.1696482449769973,0.5695881843566895,0.046935848891735,0.9061296582221984,0.0656725615262985,0.4872870743274688,0.415791392326355,0.7034342885017395,0.2740300893783569,0.58962482213974,0.0165229048579931,0.9342512488365172
0.3356786072254181,-0.3311514258384704,0.4141640067100525,0.9881718158721924,0.3322761356830597,-0.3650456368923187,0.4122420251369476,0.979998767375946,0.3323110938072204,-0.3653147518634796,0.4128585159778595,0.9791640043258668,0.3324245810508728,-0.3661643862724304,0.4127607941627502,0.9817785620689392,0.3602577447891235,-0.3529898226261139,0.3983998894691467,0.9841827154159546,0.3606462478637695,-0.3536112010478973,0.3978386521339416,0.9839639663696288,0.3609517216682434,-0.3549420237541199,0.3982203900814056,0.9853439331054688,0.239426389336586,-0.3976679146289825,0.3603547215461731,0.9583024382591248,0.3511940538883209,-0.3690341114997864,0.2721124589443207,0.9812620878219604,0.2893048524856567,-0.3348106741905212,0.3937336206436157,0.9821510910987854,0.3201841115951538,-0.3236015141010284,0.3672477602958679,0.9876052141189576,0.0661243870854377,-0.322392076253891,0.3497691750526428,0.998153567314148,0.3381111323833465,-0.2661211490631103,0.104489155113697,0.9999389052391052,-0.0451182387769222,-0.1095819324254989,0.3542608916759491,0.0979256033897399,0.3623456954956054,0.0105829006060957,0.0908481255173683,0.9721691012382508,-0.0360240526497364,0.1233554407954216,0.3600955605506897,0.0596537105739116,0.4486280083656311,0.2452686727046966,0.1624452024698257,0.8173989057540894,-0.0673653930425643,0.1994899064302444,0.3872606158256531,0.0689664259552955,0.478550910949707,0.3117252290248871,0.1817010045051574,0.7714667916297913,-0.0269976202398538,0.1991802901029586,0.3898267447948456,0.0652768313884735,0.5004744529724121,0.3002031445503235,0.193720743060112,0.752890408039093,-0.0293742697685956,0.1426500529050827,0.3644729852676391,0.0622098669409751,0.4587454795837402,0.2591253817081451,0.1751753985881805,0.680603563785553,-0.0795849189162254,-0.0083201583474874,0.0991377755999565,0.999079167842865,0.0795227885246276,0.0080321719869971,-0.0975205898284912,0.9993988871574402,-0.007907748222351,0.2071711122989654,0.3896400928497314,0.3081822395324707,0.2100840806961059,0.3004927635192871,0.1023905202746391,0.937242865562439,0.0152513412758708,0.4461029767990112,0.2530587911605835,0.5940911769866943,0.1879109293222427,0.5233399271965027,0.0002047994785243,0.9471766948699952,0.0175424832850694,0.4810323119163513,0.2302157580852508,0.6871864795684814,0.1784766912460327,0.55415278673172,-0.0073745432309806,0.9110598564147948,0.083152912557125,0.5087252259254456,0.2431510686874389,0.6916393637657166,0.2636983692646026,0.5984545350074768,-0.0293524134904146,0.9307570457458496
0.365121841430664,-0.2869252562522888,0.3853469789028168,0.9888189435005188,0.363343209028244,-0.319749116897583,0.3897467255592346,0.981263279914856,0.3634648323059082,-0.320024698972702,0.3904318511486053,0.9805490970611572,0.3635982275009155,-0.3208501935005188,0.390367180109024,0.9830057621002196,0.3861201107501983,-0.3089474439620971,0.3736233413219452,0.9850571155548096,0.3865353167057037,-0.3095556795597076,0.373023509979248,0.9848493337631226,0.3869932889938354,-0.3108124732971191,0.3733983933925628,0.9862265586853028,0.2665608823299408,-0.3583923578262329,0.3627015650272369,0.9613435864448548,0.3603203296661377,-0.3365586400032043,0.2640687525272369,0.982175588607788,0.3172070682048797,-0.2936329543590545,0.3732975721359253,0.9828306436538696,0.3421686291694641,-0.2843035757541656,0.3439555168151855,0.9877811074256896,0.0809466838836669,-0.2828050553798675,0.3587563335895538,0.9982943534851074,0.3490854799747467,-0.2405511438846588,0.102983608841896,0.9999439716339112,-0.0116459801793098,-0.0659757331013679,0.3555527329444885,0.090071327984333,0.3875311613082886,0.0283532626926898,0.0702515468001365,0.9722973704338074,0.0143756093457341,0.1877017468214035,0.3558539152145386,0.0583556331694126,0.4766405820846557,0.2723173499107361,0.1211013719439506,0.8143071532249451,-0.0171015355736017,0.2675049304962158,0.3785437047481537,0.0690035223960876,0.5048043131828308,0.3398760557174682,0.1356336772441864,0.770925760269165,0.0206499211490154,0.2682512402534485,0.3815051913261413,0.065298393368721,0.5298433899879456,0.3322024643421173,0.1448705345392227,0.751695454120636,0.0197048354893922,0.2074959874153137,0.3606430292129516,0.0625393688678741,0.487350583076477,0.2878599166870117,0.1316762119531631,0.6804549098014832,-0.0845919698476791,-0.0041217403486371,0.0991573557257652,0.999167799949646,0.0845620930194854,0.0039450442418456,-0.0975399315357208,0.9994562864303588,0.0149339297786355,0.1882904022932052,0.3966722190380096,0.2860861122608185,0.2451345175504684,0.2689639627933502,0.124933935701847,0.9204013347625732,0.0301719103008508,0.4076880812644958,0.2466599345207214,0.5679453015327454,0.1894139796495437,0.47040456533432,0.0039279102347791,0.9401087164878844,0.0303057823330163,0.4400655925273895,0.2225368767976761,0.6854374408721924,0.1761718690395355,0.4990755617618561,-0.0059943171218037,0.914816439151764,0.0911159738898277,0.4715901613235473,0.2322924137115478,0.6795498132705688,0.2635957896709442,0.5577226281166077,-0.0263022370636463,0.9264106154441832
0.3703998625278473,-0.2460981458425521,0.4082995951175689,0.989788830280304,0.3671279847621918,-0.2774426639080047,0.4169672131538391,0.9829463362693788,0.3673215508460998,-0.2777881324291229,0.4177486598491668,0.9822911024093628,0.3674294650554657,-0.2785947918891907,0.4177447855472564,0.9845477342605592,0.3867992162704468,-0.2694052755832672,0.4009248316287994,0.9863830804824828,0.3872299492359161,-0.2699498534202575,0.4001494944095611,0.9861866235733032,0.3878336250782013,-0.2712348401546478,0.4004686176776886,0.9874573945999146,0.2685102224349975,-0.3142077326774597,0.4034236967563629,0.964948832988739,0.3530038893222809,-0.3052500486373901,0.3010681271553039,0.9837450981140136,0.323309987783432,-0.252269297838211,0.4002081453800201,0.9842981696128844,0.3447652459144592,-0.2464108616113662,0.3697541356086731,0.9887219071388244,0.0814241543412208,-0.2533814907073974,0.3934946656227112,0.9984428882598876,0.359554260969162,-0.208999365568161,0.1391395032405853,0.999949038028717,0.0023842086084187,-0.0499225072562694,0.3695209920406341,0.082685686647892,0.4136050045490265,0.0484440103173255,0.0707675293087959,0.9678775668144226,0.0253385957330465,0.200048565864563,0.3546121418476105,0.0575329586863517,0.4883599579334259,0.289283812046051,0.0742696300148963,0.8043935298919678,-0.0074376175180077,0.2710093855857849,0.3754074573516845,0.0698113813996315,0.5124302506446838,0.3493192493915558,0.0838558375835418,0.7696780562400818,0.0334442593157291,0.2748773992061615,0.3785191774368286,0.0660456642508506,0.5401332378387451,0.3435389995574951,0.0947960913181305,0.7497175335884094,0.0323784723877906,0.2187186777591705,0.3594880402088165,0.0637015402317047,0.4998808205127716,0.3052505254745483,0.0847082212567329,0.6781808137893677,-0.0941921547055244,-0.0003464654146227,0.0991625189781189,0.9992501735687256,0.0943557322025299,0.0003871194203384,-0.0975600033998489,0.9995098114013672,0.0183827523142099,0.1520521938800811,0.3900867998600006,0.2687033116817474,0.3112846612930298,0.1971418261528015,0.1227611899375915,0.9063164591789246,0.0299514681100845,0.3662837743759155,0.1598217040300369,0.5584011077880859,0.2145107835531234,0.3985142707824707,-0.0647739917039871,0.9338628649711608,0.029105857014656,0.3972491919994354,0.1273545622825622,0.700110137462616,0.1966556757688522,0.4267224967479706,-0.0825777500867843,0.9202361702919006,0.0903360620141029,0.4347212612628937,0.1377992779016494,0.6873462200164795,0.2756350338459015,0.5053092241287231,-0.0937112271785736,0.9250760674476624
0.3644360303878784,-0.2369930148124694,0.4151719808578491,0.9905420541763306,0.3607631027698517,-0.2708330452442169,0.4182254672050476,0.98429936170578,0.3609900176525116,-0.2710856795310974,0.4189929664134979,0.9837173223495485,0.3610818982124328,-0.2719110548496246,0.4189574718475342,0.9857644438743592,0.3819499015808105,-0.2619767189025879,0.4047783315181732,0.9874207973480223,0.3824559450149536,-0.2625169456005096,0.4040146172046661,0.987268328666687,0.3831151127815246,-0.2637690007686615,0.4043988287448883,0.988439679145813,0.2647837400436401,-0.3075562417507171,0.3914632201194763,0.968071460723877,0.3581410646438598,-0.29477059841156,0.3037264049053192,0.9850929975509644,0.3187578022480011,-0.2410504966974258,0.4032173156738281,0.9854620695114136,0.3424567878246307,-0.2346148937940597,0.3770919740200043,0.9893975853919984,0.0864778459072113,-0.2461452931165695,0.3980127573013305,0.9985800981521606,0.3827057778835296,-0.187314823269844,0.1359816491603851,0.9999536275863647,0.0246654357761144,-0.0528217926621437,0.3804270923137665,0.0760146528482437,0.4450585842132568,0.0713913738727569,0.0747850760817527,0.9667850136756896,0.055811695754528,0.1778424680233001,0.3556250035762787,0.0593331232666969,0.5175719857215881,0.3029381036758423,0.092924952507019,0.800288736820221,0.021930955350399,0.2422017455101013,0.3728335201740265,0.0748201534152031,0.5403162240982056,0.3576237261295318,0.1014131605625152,0.769734799861908,0.0644051134586334,0.2432767897844314,0.3758027255535126,0.070974163711071,0.5640790462493896,0.3490356206893921,0.1151986867189407,0.74920654296875,0.064249001443386,0.1932260692119598,0.3599206209182739,0.0682312846183776,0.5270280838012695,0.3158357441425323,0.1043402403593063,0.6791077256202698,-0.0981021672487258,0.0005169461364857,0.1008810475468635,0.999324381351471,0.0981288328766822,-0.0004268455668352,-0.0995654463768005,0.9995579123497008,0.0720030814409256,0.1256524622440338,0.3882117867469787,0.2490537166595459,0.3435350060462951,0.1763942539691925,0.1201692596077919,0.892828106880188,0.0451083593070507,0.3461526334285736,0.1909956932067871,0.5449907779693604,0.2203600108623504,0.3725619614124298,-0.0519480407238006,0.9279065132141112,0.0404780209064483,0.3781398832798004,0.1637024879455566,0.7100585103034973,0.200553759932518,0.4002762734889984,-0.064908392727375,0.9245173335075378,0.0976132228970527,0.4271606504917145,0.1812166422605514,0.6903588175773621,0.2783678770065307,0.4915597140789032,-0.0699663236737251,0.9218156933784484
0.3572096228599548,-0.220187559723854,0.4069752097129822,0.9911821484565736,0.3518284261226654,-0.2491022497415542,0.4094889760017395,0.985465168952942,0.3520714342594147,-0.2493788599967956,0.41031014919281,0.9848996996879578,0.3521620035171509,-0.2500738799571991,0.4102554619312286,0.9868136644363404,0.3728989958763122,-0.2444606125354766,0.3996509611606598,0.9882786870002748,0.3734111785888672,-0.2450567781925201,0.3987426459789276,0.9881345629692078,0.3739988505840301,-0.2462497353553772,0.399108350276947,0.9892377853393556,0.2680737376213074,-0.2824646532535553,0.3956458866596222,0.9708847403526306,0.3582049012184143,-0.2854565978050232,0.3237896263599396,0.9861630201339722,0.311623215675354,-0.224346712231636,0.3996461629867553,0.986441433429718,0.3355484008789062,-0.2227844297885894,0.3782909512519836,0.9898831248283386,0.1011595577001571,-0.2363022863864898,0.4012178480625152,0.9986833333969116,0.3871702849864959,-0.1836545318365097,0.1613614410161972,0.9999574422836304,0.0302435029298067,-0.0602647326886653,0.3581869602203369,0.0697094276547432,0.465285986661911,0.0761989429593086,0.067609429359436,0.965280055999756,0.0377149805426597,0.1577295958995819,0.3195865452289581,0.0589901506900787,0.5308519005775452,0.3137145042419433,0.06889608502388,0.7933437824249268,0.0171457808464765,0.2225048243999481,0.3435542583465576,0.0773545652627945,0.545224130153656,0.3755855560302734,0.0759823322296142,0.7660689353942871,0.0558345504105091,0.2235977947711944,0.3438496887683868,0.0737008601427078,0.5690227150917053,0.370164543390274,0.0873932391405105,0.745935320854187,0.0449360944330692,0.1722867637872696,0.3220865726470947,0.0707005336880683,0.5383716225624084,0.3288320899009704,0.079095609486103,0.6787157654762268,-0.0945896357297897,0.0030407744925469,0.1008137613534927,0.9993910789489746,0.0946262702345848,-0.0027148264925926,-0.0995447784662246,0.9996010661125184,0.1272438913583755,0.1478304713964462,0.3356333374977112,0.2333179414272308,0.3856228590011596,0.1760494410991668,0.0727961808443069,0.8846837282180786,0.0595220550894737,0.3487705886363983,0.1015722379088401,0.5333171486854553,0.2282970994710922,0.3715763986110687,-0.1105370596051216,0.919823944568634,0.049042273312807,0.3771030008792877,0.0722513645887374,0.7164612412452698,0.2047011703252792,0.3998620212078094,-0.1257854551076889,0.9268543124198914,0.096689723432064,0.4424656331539154,0.0915227457880973,0.6920910477638245,0.2662335634231567,0.5144902467727661,-0.1175066605210304,0.915264904499054
0.365623414516449,-0.2278831005096435,0.4257186651229858,0.9920226335525512,0.3676413297653198,-0.2572135329246521,0.4247882068157196,0.9868687987327576,0.3679597973823547,-0.2574525773525238,0.4257051944732666,0.9863577485084534,0.3680958449840545,-0.2579841613769531,0.4255124628543854,0.9880847930908204,0.3904092609882355,-0.2475522011518478,0.4132455885410309,0.9893844723701476,0.3910625576972961,-0.2480103522539138,0.4122624695301056,0.9892542958259584,0.3919857144355774,-0.2491635233163833,0.4126717746257782,0.9902480840682985,0.2884283661842346,-0.2992829382419586,0.3967231512069702,0.973754346370697,0.3936340808868408,-0.2789334058761596,0.3163577318191528,0.9874783158302308,0.3224670886993408,-0.2358738780021667,0.4138083457946777,0.9877219200134276,0.3496750891208648,-0.2277787178754806,0.3907715082168579,0.9907917380332948,0.1117559894919395,-0.2596515417098999,0.3963224291801452,0.9987977147102356,0.419414222240448,-0.1806578189134597,0.1458884477615356,0.9999611973762512,-0.0070754890330135,-0.129902109503746,0.3587931990623474,0.0827917531132698,0.4990946650505066,0.0654638335108757,0.0438144877552986,0.967657208442688,-0.0956425592303276,0.018037162721157,0.3041272461414337,0.0944629535079002,0.5748944878578186,0.2895181775093078,0.0290393326431512,0.808633029460907,-0.1628155261278152,0.061619259417057,0.3248639106750488,0.1148227304220199,0.5852091312408447,0.3519991934299469,0.0291805788874626,0.782353401184082,-0.12980917096138,0.0618160739541053,0.3247609436511993,0.1108191832900047,0.6072207093238831,0.347618818283081,0.0475861392915248,0.7638189196586609,-0.0979884564876556,0.0281884651631116,0.3068048357963562,0.103045143187046,0.5800409913063049,0.3041166663169861,0.0420999303460121,0.70057612657547,-0.0918683409690857,0.0028388826176524,0.1011683195829391,0.999451458454132,0.0919280499219894,-0.0025432002730667,-0.0999785512685775,0.99964040517807,0.1450012922286987,0.1590793579816818,0.2986882030963897,0.2342052161693573,0.415842592716217,0.2000885307788849,0.0248628761619329,0.890156626701355,0.0803605914115905,0.3596731424331665,0.0999807715415954,0.5463815927505493,0.2356383204460144,0.4027664959430694,-0.1144246384501457,0.9201563596725464,0.0685466006398201,0.3883102834224701,0.0750003829598426,0.7315777540206909,0.2088535726070404,0.4305866956710815,-0.1250248551368713,0.9310223460197448,0.1004718840122222,0.4579042494297027,0.090640865266323,0.703286349773407,0.2572181522846222,0.5409731864929199,-0.113486535847187,0.9158352613449096
0.3674154281616211,-0.2210143506526947,0.4314460456371307,0.9927201271057128,0.3703411221504211,-0.2484302520751953,0.4311667382717132,0.9880679845809937,0.3707491755485534,-0.24869304895401,0.4321208000183105,0.987589955329895,0.3709177672863006,-0.2491847574710846,0.4319752752780914,0.989152491092682,0.3931298851966858,-0.2382663041353225,0.4195848107337951,0.9903300404548644,0.3937404155731201,-0.2385623455047607,0.4185728132724762,0.9902216792106628,0.3947642743587494,-0.2397621124982834,0.4189076125621795,0.9911066293716432,0.2885281145572662,-0.2940573990345001,0.4058447778224945,0.9762866497039796,0.3941441774368286,-0.2689386308193207,0.3265764415264129,0.9886163473129272,0.3245933055877685,-0.2318630665540695,0.4203408360481262,0.9887986183166504,0.3520556986331939,-0.222103476524353,0.3975213468074798,0.9914973974227904,0.1150797978043556,-0.2511327862739563,0.3961192667484283,0.998897671699524,0.4160482287406921,-0.1804954558610916,0.1526636928319931,0.9999645948410034,-0.0073574096895754,-0.1346634775400161,0.3481262028217315,0.1058558225631713,0.5106748938560486,0.0613499656319618,0.0331988222897052,0.9685126543045044,-0.098280631005764,-0.0409601926803588,0.2991968691349029,0.1371681988239288,0.5967109799385071,0.2805048525333404,-0.0243165958672761,0.8189297318458557,-0.1775519251823425,-0.0102483006194233,0.3208839893341064,0.1549891233444214,0.6009983420372009,0.3418595790863037,-0.0253671891987323,0.7944020628929138,-0.1454091668128967,-0.0261150747537612,0.3157889544963836,0.1504978537559509,0.6255171895027161,0.3434239625930786,-0.0102798109874129,0.7770118713378906,-0.1026812642812728,-0.0405688807368278,0.2991496324539184,0.1374518424272537,0.6027722358703613,0.297299861907959,-0.0133618703112006,0.7171392440795898,-0.0906254649162292,0.0029909803997725,0.102069117128849,0.999506175518036,0.0907151475548744,-0.0026472001336514,-0.1009088605642318,0.99967622756958,0.1149759888648986,0.1646240502595901,0.3070480227470398,0.2253834754228592,0.3926092088222503,0.211082324385643,0.0234316606074571,0.8910581469535828,0.0641303360462188,0.3382798731327057,0.072768285870552,0.5464098453521729,0.2175247967243194,0.3659518957138061,-0.1442294418811798,0.9161449670791626,0.0574808530509471,0.3647979199886322,0.0449887663125991,0.743086576461792,0.1934393495321273,0.3879710733890533,-0.1576587706804275,0.93398118019104,0.0790459066629409,0.4451211094856262,0.0712394788861274,0.7082002758979797,0.2192849814891815,0.5194541215896606,-0.1319259256124496,0.9123364090919496
0.3645621538162231,-0.1979926079511642,0.4643594324588775,0.9931567311286926,0.3671536743640899,-0.2203437983989715,0.4661471247673034,0.988933801651001,0.3675770759582519,-0.220550537109375,0.4671332240104675,0.9884729981422424,0.3677732944488525,-0.2210129201412201,0.4670045077800751,0.9898765087127686,0.3905872106552124,-0.209155261516571,0.4568023979663849,0.991000473499298,0.3911713361740112,-0.2093487828969955,0.4559178054332733,0.990938127040863,0.3922077417373657,-0.210632786154747,0.4560904502868652,0.991706132888794,0.2808946967124939,-0.2601527571678161,0.4327635765075683,0.9782564640045166,0.3891613185405731,-0.230008989572525,0.3653285205364227,0.989495813846588,0.3209843635559082,-0.209208607673645,0.4491024017333984,0.989305019378662,0.3487913608551025,-0.1976487785577774,0.4285336434841156,0.9915876984596252,0.114469863474369,-0.2248889803886413,0.4021736085414886,0.9989451169967652,0.4042408466339111,-0.1518953740596771,0.1814821362495422,0.999967396259308,-0.0324492566287517,-0.1360953897237777,0.3464368879795074,0.117685467004776,0.503754198551178,0.0830795019865036,0.0554150380194187,0.9691120982170104,-0.1174232885241508,-0.056413572281599,0.2959159314632416,0.1695988029241562,0.6190401911735535,0.2809858620166778,-0.0267974622547626,0.8304042220115662,-0.1911406368017196,-0.0255673639476299,0.3184476196765899,0.1901610344648361,0.6328359842300415,0.3435842394828796,-0.0309580769389867,0.8086495399475098,-0.153735339641571,-0.0409119725227355,0.311843991279602,0.1858193427324295,0.6694933176040649,0.3445582091808319,-0.0171034540981054,0.7924927473068237,-0.119373619556427,-0.0552694909274578,0.2947337031364441,0.1700173765420913,0.6320464015007019,0.2979498207569122,-0.0173473935574293,0.7361156940460205,-0.0915680080652237,0.001105491654016,0.1018513143062591,0.9995554089546204,0.0917565375566482,-0.0006442835438065,-0.1006570234894752,0.9997084140777588,0.1042528450489044,0.138352632522583,0.3086982369422912,0.2110444754362106,0.3630155026912689,0.2171243727207183,0.0330037698149681,0.8833168745040894,0.0118721900507807,0.3038065433502197,0.0413448773324489,0.5405087471008301,0.1856304109096527,0.3406406044960022,-0.1767129749059677,0.9098995923995972,-0.0014846351696178,0.3329181671142578,0.0086354780942201,0.7543221116065979,0.1510277092456817,0.3601814806461334,-0.1967789232730865,0.9370883107185364,-0.0007203710265457,0.4301997721195221,0.0480450987815856,0.7119435667991638,0.1324247121810913,0.4957926273345947,-0.1742454469203949,0.9090790152549744
0.3257357180118561,-0.1123817935585975,0.4846811592578888,0.9895263314247132,0.3343099057674408,-0.1346323192119598,0.497046411037445,0.983711302280426,0.3348522782325744,-0.1350334286689758,0.4978117048740387,0.9824431538581848,0.3352510333061218,-0.1357247233390808,0.4978432655334472,0.9847135543823242,0.3528139591217041,-0.1265269666910171,0.4865837395191192,0.9872037768363952,0.3533343374729156,-0.1266462057828903,0.4855583608150482,0.9875543117523192,0.3543273508548736,-0.1280212998390197,0.4858977198600769,0.9882966876029968,0.2627934515476227,-0.1890071779489517,0.4867286086082458,0.9724069833755492,0.3570680618286133,-0.1712340712547302,0.4100372493267059,0.985947847366333,0.2888749539852142,-0.1303300112485885,0.4739972054958343,0.9842356443405152,0.3120912909507751,-0.1234733611345291,0.451371282339096,0.9856382608413696,0.0924665629863739,-0.1810682564973831,0.4279558360576629,0.9988130331039428,0.4015213847160339,-0.118571326136589,0.2374275773763656,0.9999690055847168,-0.0315056964755058,-0.0803197547793388,0.373733252286911,0.1068999394774437,0.4790736436843872,0.0835660099983215,0.1085680201649665,0.9602810144424438,-0.0955712497234344,0.0522064752876758,0.34172323346138,0.1577333211898803,0.5751537084579468,0.2972095608711242,-0.0103612560778856,0.8309952616691589,-0.1543466001749038,0.0760802403092384,0.3497897982597351,0.1795474737882614,0.5893341302871704,0.3545518219470978,-0.0250459611415863,0.8171840310096741,-0.1208869516849517,0.0684034898877143,0.3535149395465851,0.1755513995885849,0.6266122460365295,0.3589562475681305,-0.0037971679121255,0.8014009594917297,-0.0960297510027885,0.0563167072832584,0.3458128571510315,0.161189317703247,0.5883932709693909,0.3167932629585266,0.0003028655482921,0.7454147338867188,-0.098449058830738,2.6810243070940487e-05,0.0964370667934417,0.9995992183685304,0.0987135395407676,0.0004509713617153,-0.0952774286270141,0.9997371435165404,-0.0347790271043777,0.1314993202686309,0.35324627161026,0.1997551023960113,0.3304731845855713,0.2185697257518768,0.0765503495931625,0.8740944266319275,-0.0618547461926937,0.2821147739887237,0.0661536902189254,0.5182651281356812,0.1279570758342743,0.3135283291339874,-0.1598614007234573,0.903281569480896,-0.0723810419440269,0.3067031800746918,0.033657319843769,0.7602811455726624,0.0957841128110885,0.3295315206050873,-0.1819339543581009,0.9411377906799316,-0.0717837512493133,0.3903940618038177,0.0740937143564224,0.7069629430770874,0.0756397172808647,0.4532478153705597,-0.168800950050354,0.9071131348609924
0.2532839477062225,-0.07423897087574,0.4490557014942169,0.9880994558334352,0.2548348009586334,-0.0932605266571044,0.4633118510246277,0.9808087348937988,0.2555707991123199,-0.0935550779104232,0.4641372263431549,0.9787389636039734,0.2555258274078369,-0.0941385105252265,0.4627902507781982,0.9812434315681458,0.2772736251354217,-0.082962118089199,0.4508356153964996,0.9852991104125975,0.2780172526836395,-0.0828774124383926,0.4496002495288849,0.9857325553894044,0.2782096564769745,-0.0842500254511833,0.4497984051704407,0.9865926504135132,0.1823102384805679,-0.1552457362413406,0.4637195467948913,0.968041718006134,0.2892791032791137,-0.1335676908493042,0.3781587481498718,0.9844029545783995,0.2172725796699524,-0.0981547981500625,0.4432902038097381,0.9824036955833436,0.2453877329826355,-0.0897861346602439,0.4175369143486023,0.9834554195404052,0.0351650677621364,-0.1780336797237396,0.4002986848354339,0.9988226890563964,0.3516524136066437,-0.122511588037014,0.2275895476341247,0.9999710321426392,-0.0754657387733459,-0.0822518616914749,0.3327899575233459,0.1006684452295303,0.4800822138786316,0.075986199080944,0.0862854495644569,0.9595558047294616,-0.1241034194827079,0.0929175466299057,0.2632043957710266,0.1742439270019531,0.5591942667961121,0.2974575757980346,-0.0896746590733528,0.8409452438354492,-0.1664349436759948,0.1405619531869888,0.247086152434349,0.2019734978675842,0.5723879933357239,0.3555089235305786,-0.1165323853492736,0.8308287858963013,-0.1402071416378021,0.1297923624515533,0.2663232982158661,0.19920314848423,0.6121890544891357,0.3682162463665008,-0.1003281101584434,0.8158217668533325,-0.1286538988351822,0.1018676906824112,0.2699445188045501,0.1854555606842041,0.5723221898078918,0.3224400579929352,-0.0841979831457138,0.7629178166389465,-0.1022781580686569,0.0013041994534432,0.0789725035429,0.9996391534805298,0.1028488427400589,-0.0007429562392644,-0.0784503147006034,0.9997633099555968,-0.1148818954825401,0.0868739709258079,0.3526954352855682,0.2040031403303146,0.2763855755329132,0.2056983560323715,0.1032242253422737,0.8787717223167419,-0.0928121507167816,0.26751309633255,0.0780296251177787,0.5106978416442871,0.0756636559963226,0.2848690450191498,-0.0998042523860931,0.903079390525818,-0.0963638052344322,0.2950179576873779,0.0681045651435852,0.7745873332023621,0.0509937517344951,0.3029323220252991,-0.1142614856362342,0.9454084038734436,-0.0982739552855491,0.3735706508159637,0.1733880937099456,0.7224146723747253,0.047548484057188,0.4173649549484253,-0.0643852800130844,0.9118008017539978
0.2673857510089874,-0.0658724755048751,0.4321611821651459,0.9879902005195618,0.2718760371208191,-0.0840092375874519,0.4421140849590301,0.9812638163566588,0.2724676430225372,-0.0840686410665512,0.4429629147052765,0.978994071483612,0.2726202309131622,-0.0846509262919426,0.4422488510608673,0.9814165830612184,0.290382832288742,-0.0750238001346588,0.4297486543655395,0.985612690448761,0.2909767627716064,-0.0747498646378517,0.4286389946937561,0.9859164357185364,0.2917636334896087,-0.0758917480707168,0.4290366172790527,0.9867591857910156,0.1954945772886276,-0.1382519751787185,0.436397522687912,0.9685577750205994,0.2960377633571625,-0.1197036653757095,0.3567426204681396,0.9844720363616944,0.2349137812852859,-0.0860364884138107,0.4262725710868835,0.9818069338798524,0.2573980391025543,-0.0783013626933097,0.4009222686290741,0.9829344153404236,0.0419417731463909,-0.1658951491117477,0.3992882370948791,0.9989250302314758,0.3416929543018341,-0.095819778740406,0.2126650810241699,0.9999733567237854,-0.0929774269461631,-0.133736178278923,0.3149687945842743,0.1371157765388488,0.4705850780010223,0.1114846095442771,0.0749523118138313,0.9614374041557312,-0.1593867540359497,0.0045983521267771,0.2334770560264587,0.2151990681886673,0.5544244647026062,0.3076807260513305,-0.1510269343852996,0.850128710269928,-0.1960057318210601,0.0544433631002903,0.2278480231761932,0.244242250919342,0.5675457119941711,0.3679492175579071,-0.1697379648685455,0.8425532579421997,-0.1736133843660354,0.0457598492503166,0.2412846535444259,0.2413156479597091,0.5986632704734802,0.3788726031780243,-0.1510508358478546,0.828030526638031,-0.1624096632003784,0.0161658767610788,0.2410043627023697,0.2295396029949188,0.5695226788520813,0.3349432051181793,-0.1443573236465454,0.777611255645752,-0.101260170340538,-0.0034260703250765,0.0676976814866066,0.9996752142906188,0.1020888909697532,0.0039881500415503,-0.0664813071489334,0.999786913394928,-0.1567433178424835,0.0401281006634235,0.3075543642044067,0.2110558450222015,0.2411468774080276,0.1918787807226181,0.1585118472576141,0.8581709265708923,-0.1211308985948562,0.2412570416927337,0.0422894209623336,0.5261899828910828,0.0430907309055328,0.2776409387588501,-0.1189398691058158,0.901828408241272,-0.1207787096500396,0.2750318348407745,0.0189422406256198,0.7906848788261414,0.01329649053514,0.2952159941196441,-0.1453081965446472,0.9489165544509888,-0.1489771008491516,0.3666836321353912,0.081161729991436,0.7396059632301331,-0.0091945305466651,0.4036096036434173,-0.1504890024662017,0.9149085879325868
0.2294494360685348,-0.1101194992661476,0.4602097272872925,0.9887217879295348,0.2383924424648285,-0.138688638806343,0.4626923203468323,0.9826722145080566,0.2387425452470779,-0.138885349035263,0.4633868634700775,0.9806063175201416,0.2393742054700851,-0.1396292448043823,0.4633583128452301,0.982729971408844,0.2533527314662933,-0.1206393390893936,0.457586258649826,0.9865477681159972,0.2543093562126159,-0.1207547187805175,0.4563407599925995,0.9868015646934508,0.2547284960746765,-0.1218490600585937,0.4565503001213074,0.9874194264411926,0.1815750300884246,-0.19305981695652,0.4283612668514251,0.9712321162223816,0.2684912085533142,-0.1316277384757995,0.3736171126365661,0.9855582118034364,0.2026247531175613,-0.1266351789236068,0.4426056742668152,0.9826350212097168,0.2244273573160171,-0.1071884632110595,0.428131490945816,0.9835652709007264,0.0319498926401138,-0.1893011182546615,0.3580202460289001,0.999025821685791,0.3137500882148742,-0.0627802014350891,0.2481198906898498,0.9999750256538392,-0.1743013560771942,-0.2027352899312973,0.2717371881008148,0.1756050288677215,0.3995410501956939,0.1177242249250412,0.1254279017448425,0.9627123475074768,-0.2309677004814148,-0.0456517189741134,0.2434875071048736,0.2333720326423645,0.4524736106395721,0.2963293790817261,0.0733297690749168,0.8468957543373108,-0.2673859894275665,-0.0004029841802548,0.2324060499668121,0.2554106712341308,0.4533663988113403,0.3272270262241363,0.088483989238739,0.8323821425437927,-0.2491700947284698,-0.0001725019392324,0.2485087215900421,0.2544258534908294,0.4846788346767425,0.3307882845401764,0.1181890815496444,0.8196319937705994,-0.233399212360382,-0.0335459671914577,0.2534234821796417,0.2416827380657196,0.4611412584781647,0.3137368857860565,0.0900239646434784,0.7684735655784607,-0.1009445488452911,-0.0197804700583219,0.0426175445318222,0.9997076392173768,0.1015587374567985,0.0195862147957086,-0.0417506024241447,0.9998081922531128,-0.2439040541648864,-0.0166658498346805,0.153977170586586,0.2708067595958709,0.1684377491474151,0.1034193485975265,0.1374584883451461,0.8557488322257996,-0.1646034270524978,0.210058331489563,-0.1238292530179023,0.5491503477096558,0.0077140280045568,0.2521287202835083,-0.1775111407041549,0.8960387110710144,-0.1613629907369613,0.2416553795337677,-0.1454710662364959,0.8055437207221985,-0.0189788062125444,0.2730181515216827,-0.2020961195230484,0.949736714363098,-0.215343490242958,0.3263530135154724,-0.0775257870554924,0.7477930784225464,-0.1015729233622551,0.385743647813797,-0.1593531966209411,0.9079592227935792
0.2329552918672561,-0.1042732745409011,0.4781414568424225,0.989319920539856,0.2437519133090973,-0.1382846236228943,0.4794660210609436,0.9839119911193848,0.2440780103206634,-0.1384330689907074,0.4801748096942901,0.982049286365509,0.2446797341108322,-0.1391942948102951,0.4803007841110229,0.9838351607322692,0.2539500594139099,-0.1077362895011901,0.4768783748149872,0.9873540997505188,0.2550155818462372,-0.107967235147953,0.4757962822914123,0.9875552654266356,0.2553336322307586,-0.1088204160332679,0.475921094417572,0.987992227077484,0.1930610090494156,-0.2066253870725631,0.4322408735752105,0.9734763503074646,0.2669394314289093,-0.0966132655739784,0.3923391699790954,0.9866074919700624,0.2108606696128845,-0.1255628168582916,0.4575021266937256,0.9829835891723632,0.2281939536333084,-0.0920079499483108,0.4469830989837646,0.9839758276939392,0.066948764026165,-0.2091844081878662,0.3313468396663666,0.9991160035133362,0.2895800471305847,-0.0261244568973779,0.2714588046073913,0.9999750256538392,-0.1481846570968628,-0.281631201505661,0.2253005504608154,0.251737892627716,0.3096533417701721,0.122354120016098,0.1301974058151245,0.962675154209137,-0.2075437754392624,-0.1675512194633484,0.2438841611146927,0.2740965187549591,0.3290513157844543,0.247061014175415,0.0541424714028835,0.8413373231887817,-0.2387337237596511,-0.143714889883995,0.2435287684202194,0.2832827866077423,0.3262972235679626,0.2637979984283447,0.0660110488533973,0.8131277561187744,-0.218287706375122,-0.1388567835092544,0.2557914853096008,0.2848097085952759,0.3597197234630584,0.2654913365840912,0.101517416536808,0.8037952184677124,-0.2081380933523178,-0.1569147408008575,0.2540090680122375,0.269369512796402,0.3355392217636108,0.2575348913669586,0.0711387246847152,0.7554972767829895,-0.090359129011631,-0.0516186095774173,0.010796757414937,0.9997367262840272,0.0910297930240631,0.0506963357329368,-0.009867058135569,0.9998272657394408,-0.2787342667579651,-0.0780256614089012,0.1255999505519867,0.3333786129951477,-0.0263736452907323,0.0608278252184391,0.1434354484081268,0.8317904472351074,-0.2173543870449066,0.1712491661310196,-0.2368959933519363,0.5815562009811401,-0.1147714927792549,0.1921397745609283,-0.2010386139154434,0.87861567735672,-0.2165893912315368,0.2043567150831222,-0.2690837681293487,0.821967363357544,-0.136796772480011,0.208038255572319,-0.2305897772312164,0.950872838497162,-0.3031332790851593,0.2476017326116562,-0.2246754467487335,0.7621122598648071,-0.2496878504753112,0.2775441408157348,-0.1894149333238601,0.8957965970039368
0.1445583701133728,-0.0836450606584549,0.4510001540184021,0.9898580312728882,0.1314148008823394,-0.1087439209222793,0.4433445632457733,0.9849887490272522,0.1317895799875259,-0.1089317798614502,0.4444114863872528,0.9832480549812316,0.1319436579942703,-0.109475128352642,0.4449338316917419,0.9848004579544068,0.1431091576814651,-0.0813057273626327,0.454302430152893,0.9881572127342224,0.1438639163970947,-0.0815608724951744,0.4527949094772339,0.988333523273468,0.1446001231670379,-0.0822941958904266,0.4542847573757171,0.9887261390686036,0.0764183551073074,-0.1636761724948883,0.3919286429882049,0.9752760529518129,0.1486864537000656,-0.0661400035023689,0.3717849254608154,0.9877479672431946,0.1282425373792648,-0.0996593460440635,0.4272849559783935,0.9827631115913392,0.1461472809314727,-0.0684178099036216,0.4298486709594726,0.9843326807022096,0.019460130482912,-0.1798888891935348,0.2698734700679779,0.9991942048072816,0.2053743004798889,0.0259189438074827,0.2680901288986206,0.9999741911888124,-0.1691377609968185,-0.2353857159614563,0.1811780482530594,0.3086694478988647,0.2661434710025787,0.2137558609247207,0.1477815955877304,0.9388548135757446,-0.2212734222412109,-0.115741916000843,0.1870375275611877,0.3036794364452362,0.2573938369750976,0.2535170912742615,0.0374288782477378,0.7961181402206421,-0.2295323312282562,-0.0861419588327407,0.2042919248342514,0.3134555220603943,0.2774768769741058,0.2721962332725525,0.0428881272673606,0.7780008912086487,-0.2057145088911056,-0.0888376161456108,0.2186091989278793,0.3172415196895599,0.2989290952682495,0.2752798199653625,0.0731863528490066,0.7673537731170654,-0.2153754979372024,-0.107887752354145,0.2007307708263397,0.3057672679424286,0.262531042098999,0.262914091348648,0.0510772317647933,0.7261456251144409,-0.0825448408722877,-0.0574028640985488,-0.0367183685302734,0.9997629523277284,0.0832893550395965,0.0567724145948886,0.03767741471529,0.999844491481781,-0.3319867253303528,-0.1561983376741409,0.0497345402836799,0.396658182144165,-0.0529455728828907,0.0682724341750145,0.1796505600214004,0.786555290222168,-0.2635219395160675,0.155304342508316,-0.2423993647098541,0.6165724396705627,-0.1771461218595504,0.1771755218505859,-0.1753130108118057,0.8494449257850647,-0.2555041313171386,0.2025926560163498,-0.2685985863208771,0.8379279971122742,-0.2022353261709213,0.1968829184770584,-0.2070886790752411,0.9474145770072936,-0.353467583656311,0.2631478011608124,-0.179865151643753,0.7786495685577393,-0.3087843954563141,0.2617514729499817,-0.2066276669502258,0.8633064031600952
0.1389473974704742,-0.1057865843176841,0.4439439475536346,0.9881226420402528,0.1301003694534301,-0.129456952214241,0.4397215843200683,0.9843488335609436,0.1304955333471298,-0.1297130584716797,0.440708190202713,0.9825997948646544,0.1308015882968902,-0.1303503513336181,0.4410685300827026,0.9843567609786988,0.1396922767162323,-0.1074190810322761,0.4446832835674286,0.9867790341377258,0.1402879506349563,-0.1076493561267852,0.443306416273117,0.9861051440238952,0.1410911232233047,-0.1085224226117134,0.444407969713211,0.9863625168800354,0.0774812623858451,-0.1709311157464981,0.3991546332836151,0.9753437042236328,0.1371031254529953,-0.0975318700075149,0.3861786425113678,0.9863457083702089,0.1210772842168808,-0.1182034388184547,0.4246793687343597,0.9773513674736024,0.1351991295814514,-0.0934228524565696,0.4202012419700622,0.979567527770996,9.50353278312832e-05,-0.1922067701816558,0.2689698934555053,0.9992539286613464,0.1572881788015365,-0.0085024451836943,0.321397453546524,0.9999216198921204,-0.2247315943241119,-0.2341756224632263,0.1715421676635742,0.3588189780712127,0.1368291974067688,0.1739155501127243,0.1953185498714447,0.8571562767028809,-0.2414916008710861,-0.0961938872933387,0.1811114698648452,0.3183698952198028,0.1209631860256195,0.2287654727697372,0.0445171929895877,0.7248084545135498,-0.2442588359117508,-0.0710895657539367,0.1911000609397888,0.3226242065429687,0.1418268531560897,0.2492094486951828,0.0588155202567577,0.713100790977478,-0.2135157138109207,-0.0665366500616073,0.2096928656101226,0.3272743225097656,0.1635892689228058,0.2393401861190796,0.0919407084584236,0.7025133371353149,-0.2311111688613891,-0.0849429592490196,0.1932950913906097,0.3207282721996307,0.1296268552541732,0.2353333979845047,0.0599680803716182,0.6655349731445312,-0.0717601180076599,-0.0601767525076866,-0.0551147535443306,0.9997864961624146,0.0726368725299835,0.0597250796854496,0.0562927648425102,0.9998598694801332,-0.3198031485080719,-0.1843556612730026,0.0918887704610824,0.4555035829544067,-0.123721145093441,0.0663474202156066,0.2727597951889038,0.7552099823951721,-0.2720252871513366,0.1279715299606323,-0.2418647557497024,0.653127908706665,-0.254001259803772,0.1738386750221252,-0.1503943800926208,0.8529401421546936,-0.2693957388401031,0.1729700863361358,-0.2717701196670532,0.853615939617157,-0.2806116640567779,0.192567303776741,-0.2007480561733245,0.9505957365036012,-0.3881377875804901,0.2212026864290237,-0.1770244836807251,0.797462522983551,-0.3901628851890564,0.2427636086940765,-0.1829903423786163,0.8593369722366333
