x_0,y_0,z_0,visibility_0,x_1,y_1,z_1,visibility_1,x_2,y_2,z_2,visibility_2,x_3,y_3,z_3,visibility_3,x_4,y_4,z_4,visibility_4,x_5,y_5,z_5,visibility_5,x_6,y_6,z_6,visibility_6,x_7,y_7,z_7,visibility_7,x_8,y_8,z_8,visibility_8,x_9,y_9,z_9,visibility_9,x_10,y_10,z_10,visibility_10,x_11,y_11,z_11,visibility_11,x_12,y_12,z_12,visibility_12,x_13,y_13,z_13,visibility_13,x_14,y_14,z_14,visibility_14,x_15,y_15,z_15,visibility_15,x_16,y_16,z_16,visibility_16,x_17,y_17,z_17,visibility_17,x_18,y_18,z_18,visibility_18,x_19,y_19,z_19,visibility_19,x_20,y_20,z_20,visibility_20,x_21,y_21,z_21,visibility_21,x_22,y_22,z_22,visibility_22,x_23,y_23,z_23,visibility_23,x_24,y_24,z_24,visibility_24,x_25,y_25,z_25,visibility_25,x_26,y_26,z_26,visibility_26,x_27,y_27,z_27,visibility_27,x_28,y_28,z_28,visibility_28,x_29,y_29,z_29,visibility_29,x_30,y_30,z_30,visibility_30,x_31,y_31,z_31,visibility_31,x_32,y_32,z_32,visibility_32
0.053287036716938,-0.6527161598205566,-0.2526115477085113,0.9999356269836426,0.0517866089940071,-0.6910274028778076,-0.2310135662555694,0.9998387098312378,0.0520784258842468,-0.6914023160934448,-0.2303369045257568,0.9998257756233216,0.0518895015120506,-0.6921133995056152,-0.2304500639438629,0.9998013973236084,0.0207553207874298,-0.6862775087356567,-0.2436919510364532,0.9998391270637512,0.0212302263826131,-0.6871756315231323,-0.2443389892578125,0.9998410940170288,0.0209963731467723,-0.6885290145874023,-0.243828997015953,0.9998130202293396,0.0558635704219341,-0.6834712028503418,-0.1012891456484794,0.9993539452552797,-0.0816849246621131,-0.6693782806396484,-0.1731204539537429,0.9997825622558594,0.057751577347517,-0.6298107504844666,-0.205900564789772,0.9998809099197388,0.0168083775788545,-0.6247957944869995,-0.2245370894670486,0.9999127388000488,0.1150121837854385,-0.4949341714382171,0.0144732156768441,0.9998195767402648,-0.1476379781961441,-0.4833864867687225,-0.1632608026266098,0.9998977780342102,0.1067697703838348,-0.2610561549663543,0.0667115449905395,0.8503802418708801,-0.1932787895202636,-0.2243599444627761,-0.1539503633975982,0.993686020374298,0.1509091854095459,-0.0423957630991935,-0.0370476692914962,0.938916563987732,-0.1520223021507263,0.0121686877682805,-0.2243181765079498,0.9799174070358276,0.1611258834600448,0.0437698066234588,-0.0607135780155658,0.899754524230957,-0.1393240541219711,0.0950877815485,-0.2555054426193237,0.959783136844635,0.1523681879043579,0.0542493276298046,-0.0965766087174415,0.9074853658676147,-0.1071727126836776,0.0938119292259216,-0.2748969495296478,0.9604206681251526,0.144078642129898,-0.0218141339719295,-0.0525608323514461,0.890393853187561,-0.1312063038349151,0.0298985242843627,-0.2335141450166702,0.9497756361961364,0.0935904011130333,0.0019508051918819,0.0634603649377822,0.999291181564331,-0.0936199277639389,-0.0026607918553054,-0.0618493296205997,0.9993500113487244,0.0322246290743351,0.4251965582370758,0.1304008364677429,0.9341647624969482,-0.0893046408891677,0.4049376547336578,0.0017585302703082,0.9822317957878112,0.010446099564433,0.7619024515151978,0.2632460594177246,0.963491678237915,-0.0854175016283989,0.7475866675376892,0.1426940262317657,0.97956383228302,0.0172830987721681,0.8046248555183411,0.2681259214878082,0.9271833896636964,-0.0841928273439407,0.7916476130485535,0.1484677195549011,0.8267455101013184,0.1077323630452156,0.8520122170448303,0.1802509278059005,0.968043565750122,-0.0355302095413208,0.8604664206504822,0.0316646993160247,0.9713587164878844
0.050671886652708,-0.6530934572219849,-0.2444598823785781,0.9999396800994872,0.0496841371059417,-0.6916553378105164,-0.2225573658943176,0.9998489022254944,0.0499756336212158,-0.6919918656349182,-0.221872329711914,0.9998352527618408,0.0497945174574852,-0.692704439163208,-0.2219659090042114,0.9998119473457336,0.01871276833117,-0.6870096921920776,-0.2355234026908874,0.9998504519462584,0.0191984772682189,-0.6879169940948486,-0.2361714392900467,0.9998522996902466,0.018971525132656,-0.6892431974411011,-0.2356745451688766,0.9998270273208618,0.0531531870365142,-0.6851030588150024,-0.0932009890675544,0.999380886554718,-0.0846487358212471,-0.6716722846031189,-0.1666311025619506,0.9997995495796204,0.0542847961187362,-0.6303346753120422,-0.1979068368673324,0.9998881816864014,0.0134124429896473,-0.6254523396492004,-0.2170635163784027,0.9999192357063292,0.1084001511335372,-0.4955118596553802,0.0219662841409444,0.9998183250427246,-0.1501426249742508,-0.4837817251682281,-0.1612296551465988,0.9999053478240968,0.0991639867424964,-0.2602451741695404,0.0714259520173072,0.8345201015472412,-0.193481907248497,-0.2200229912996292,-0.1553593724966049,0.9939019083976746,0.1449956446886062,-0.0404459983110427,-0.0318528711795806,0.9321637749671936,-0.1504964381456375,0.017023617401719,-0.2256938964128494,0.980835497379303,0.1554616838693618,0.0464869849383831,-0.0543575696647167,0.8911588788032532,-0.1377929896116256,0.1006024405360221,-0.2572638392448425,0.9614065885543824,0.1472694724798202,0.0573724545538425,-0.0904361978173255,0.8994433879852295,-0.1047458052635192,0.0991912633180618,-0.2754922211170196,0.961988091468811,0.1384201049804687,-0.0196460653096437,-0.0475997887551784,0.8816221356391907,-0.1294844150543213,0.0348251909017562,-0.2344013154506683,0.9515406489372252,0.0932693779468536,0.0019527156837284,0.0639557391405105,0.9993168711662292,-0.0933069884777069,-0.0026606041938066,-0.0623957626521587,0.9993798732757568,0.0307563655078411,0.4251756072044372,0.1286855787038803,0.9339483380317688,-0.0893049761652946,0.404947429895401,0.0017450518207624,0.9820079803466796,0.0115781845524907,0.7617189884185791,0.2631464302539825,0.9635679125785828,-0.0821585804224014,0.7473454475402832,0.1434602737426757,0.9798228144645692,0.0187209211289882,0.8044271469116211,0.2680032253265381,0.92843896150589,-0.0808666422963142,0.7913464903831482,0.1491306871175766,0.8292748928070068,0.1111388728022575,0.8514711856842041,0.1801159083843231,0.968506157398224,-0.0312946066260337,0.8590252995491028,0.0322608426213264,0.9720473289489746
0.050454918295145,-0.6535972356796265,-0.2404310703277588,0.9999431371688844,0.0492746382951736,-0.6924591660499573,-0.2186133116483688,0.9998577237129213,0.0495627485215663,-0.6927628517150879,-0.2179207354784011,0.9998432993888856,0.0493846386671066,-0.6934754848480225,-0.2180134654045105,0.99982088804245,0.0185097660869359,-0.687789261341095,-0.2320667654275894,0.9998604655265808,0.0189960896968841,-0.6887043714523315,-0.2327079772949218,0.999862253665924,0.0187714956700801,-0.6900089383125305,-0.2322062999010086,0.9998396039009094,0.0511319190263748,-0.6869023442268372,-0.0900757908821106,0.99940288066864,-0.0854422301054,-0.673241138458252,-0.1653512865304947,0.9998149275779724,0.0535084977746009,-0.6310177445411682,-0.1941474974155426,0.9998947381973268,0.0129766389727592,-0.6261066198348999,-0.2139417976140976,0.9999251961708068,0.1053577810525894,-0.496856153011322,0.0241832453757524,0.9998180270195008,-0.1516631841659546,-0.4838727414608001,-0.1611250787973404,0.9999123811721802,0.0964100807905197,-0.260106086730957,0.0728616118431091,0.8188492655754089,-0.1935260593891143,-0.2164182960987091,-0.1584165692329406,0.9941220879554749,0.1420926302671432,-0.0387864857912063,-0.0299328546971082,0.9252036809921264,-0.1496164500713348,0.0201725102961063,-0.2283854931592941,0.9817603826522828,0.1527925133705139,0.0490173250436782,-0.0519863255321979,0.8825656771659851,-0.1369298845529556,0.1037515327334404,-0.2603870034217834,0.9630956053733826,0.1445545554161071,0.0604546032845974,-0.0879822894930839,0.8913540244102478,-0.1036883294582367,0.1021185740828514,-0.2775434851646423,0.9636253118515016,0.1354976445436477,-0.0176386442035436,-0.045682605355978,0.8729141354560852,-0.1286167800426483,0.0378436259925365,-0.2366470992565155,0.9533873796463012,0.0930322706699371,0.0019161400850862,0.0644889697432518,0.9993464946746826,-0.09307861328125,-0.0026161309797316,-0.0629762560129165,0.9994114637374878,0.0293524209409952,0.4250979423522949,0.1288338303565979,0.9344654083251952,-0.0892970636487007,0.4049409627914428,0.0026867385022342,0.982093334197998,0.0119433086365461,0.7607253193855286,0.2675090432167053,0.9641528725624084,-0.0808389782905578,0.7460870146751404,0.1487424820661544,0.9803229570388794,0.0192604511976242,0.8033199310302734,0.2727619707584381,0.9303568601608276,-0.0795093402266502,0.7898669838905334,0.1546160876750946,0.8329752683639526,0.1132723093032836,0.8501845002174377,0.1861371397972107,0.9693424701690674,-0.0287683680653572,0.8575417995452881,0.0388124398887157,0.9729808568954468
0.0494787655770778,-0.6541497111320496,-0.2376642972230911,0.9999470710754396,0.0486894808709621,-0.6931717991828918,-0.2160833775997162,0.9998676776885986,0.0489672124385833,-0.6934530138969421,-0.2153881937265396,0.9998533725738524,0.0487952977418899,-0.6941613554954529,-0.2154883742332458,0.9998322129249572,0.0179046504199504,-0.6886163949966431,-0.2289590686559677,0.999870777130127,0.0183820594102144,-0.6895402669906616,-0.2296063303947448,0.9998724460601808,0.0181670729070901,-0.6908268928527832,-0.2290913462638855,0.9998520016670228,0.0511755421757698,-0.6882759928703308,-0.0882405042648315,0.9994369745254515,-0.0855779126286506,-0.6751514673233032,-0.1612378060817718,0.9998299479484558,0.0526665337383747,-0.6317245364189148,-0.1915211826562881,0.999902367591858,0.0120517434552311,-0.6269365549087524,-0.2106568664312362,0.999931275844574,0.1062379851937294,-0.4979905188083648,0.024952258914709,0.9998248219490052,-0.1523767560720443,-0.4847025275230407,-0.1575512439012527,0.9999192357063292,0.0990760773420333,-0.2599015831947326,0.0733841210603714,0.8133997917175293,-0.1940423250198364,-0.2160297930240631,-0.1579136848449707,0.9943124055862428,0.1438794732093811,-0.0365990474820137,-0.0292621385306119,0.9238723516464232,-0.1494911611080169,0.021344618871808,-0.2283016890287399,0.9826056957244872,0.1544544845819473,0.0520819872617721,-0.0513692758977413,0.8810522556304932,-0.1366516053676605,0.105070449411869,-0.2602709829807281,0.9646743535995485,0.1456557661294937,0.0638939812779426,-0.0874693244695663,0.8898774981498718,-0.1031344309449195,0.1033839955925941,-0.2773805260658264,0.9651557803153992,0.1370495408773422,-0.0151745108887553,-0.0449473857879638,0.8712818026542664,-0.1283654272556305,0.0389885567128658,-0.2364920228719711,0.9551633596420288,0.092882789671421,0.001912098377943,0.064848892390728,0.9993831515312196,-0.0929313451051712,-0.0026078782975673,-0.0633868351578712,0.999446451663971,0.0295055136084556,0.4248565137386322,0.1283915042877197,0.9349392652511596,-0.0888041332364082,0.404863029718399,0.0027165489736944,0.982377827167511,0.0130613408982753,0.7597988843917847,0.2695996761322021,0.9646453857421876,-0.0794035717844963,0.7452439069747925,0.1501918286085128,0.9809398651123048,0.0206189583986997,0.8023089170455933,0.2752643227577209,0.9324842691421508,-0.0781496465206146,0.7889032959938049,0.1561652421951294,0.8373779654502869,0.1190206408500671,0.8485541343688965,0.1910215616226196,0.9700865745544434,-0.0262828711420297,0.8558847904205322,0.0414212942123413,0.9739630222320556
0.0495470128953456,-0.6561525464057922,-0.2315088957548141,0.9999502897262572,0.0487105175852775,-0.6952957510948181,-0.2100807279348373,0.9998758435249328,0.048986829817295,-0.695559561252594,-0.2093846499919891,0.9998614192008972,0.0488151237368583,-0.6962581872940063,-0.2094974964857101,0.9998413920402528,0.0179599486291408,-0.6907712817192078,-0.2230023294687271,0.9998793005943298,0.0184363927692174,-0.6917067170143127,-0.2236426621675491,0.999880850315094,0.0182211399078369,-0.6929774284362793,-0.2231197953224182,0.9998624324798584,0.0511503666639328,-0.6903286576271057,-0.0837557837367057,0.999463677406311,-0.0854312255978584,-0.6772381067276001,-0.1570378243923187,0.999842643737793,0.0526852682232856,-0.6336348056793213,-0.185898095369339,0.9999089241027832,0.012193071655929,-0.6288840174674988,-0.2051288485527038,0.999936580657959,0.106845811009407,-0.4993720948696136,0.0270861107856035,0.9998309016227722,-0.1526241600513458,-0.4853302836418152,-0.1542893201112747,0.9999252557754515,0.1006428226828575,-0.2599078714847564,0.074923388659954,0.8080857396125793,-0.1940507441759109,-0.2157618701457977,-0.1572764962911605,0.9944816827774048,0.1451031267642974,-0.0367084741592407,-0.0276655871421098,0.9226276278495787,-0.1492698192596435,0.0223735235631465,-0.2279199957847595,0.9833565950393676,0.1550590544939041,0.0517743229866027,-0.0497521571815013,0.8797135949134827,-0.1364826411008834,0.1061969324946403,-0.2600324749946594,0.9660940170288086,0.1463987827301025,0.063542366027832,-0.0860858932137489,0.8886022567749023,-0.1027467623353004,0.1046825945377349,-0.2769999206066131,0.966528296470642,0.1379242986440658,-0.0153043232858181,-0.0434077754616737,0.8699301481246948,-0.1280303299427032,0.040079366415739,-0.2360790371894836,0.9567587971687316,0.0927725136280059,0.0018992645200341,0.0650410056114196,0.9994162321090698,-0.092822216451168,-0.002588746137917,-0.0636100396513938,0.9994772672653198,0.0298151709139347,0.4246518313884735,0.12720887362957,0.9354574680328368,-0.0879852399230003,0.4048335552215576,0.0025835298001766,0.9826395511627196,0.0149749498814344,0.7595592141151428,0.2695519030094147,0.965127170085907,-0.0773796662688255,0.7451061606407166,0.1502483934164047,0.9815151691436768,0.0228350479155778,0.802057683467865,0.2752377092838287,0.934425175189972,-0.076091930270195,0.7887532711029053,0.156196191906929,0.8413213491439819,0.1238707304000854,0.8481400012969971,0.1916234195232391,0.9708036184310912,-0.0237543378025293,0.8555808663368225,0.0416574440896511,0.9748719930648804
0.0490358397364616,-0.6581681966781616,-0.2293258756399154,0.9999536275863647,0.0484043657779693,-0.6972514390945435,-0.2078305184841156,0.9998842477798462,0.0486770160496234,-0.6975107192993164,-0.2071358561515808,0.9998701214790344,0.0485077090561389,-0.6982042789459229,-0.2072530686855316,0.9998512864112854,0.0176430083811283,-0.6927456259727478,-0.2202208042144775,0.9998878240585328,0.0181145686656236,-0.6936895251274109,-0.2208598107099533,0.9998892545700072,0.0179065261036157,-0.6949535012245178,-0.2203340381383896,0.9998725056648254,0.0511904694139957,-0.6918270587921143,-0.0818290710449218,0.9994943737983704,-0.0853137969970703,-0.6787686347961426,-0.1528896987438202,0.9998546838760376,0.052420500665903,-0.6354585289955139,-0.183931678533554,0.9999154210090636,0.0119075672701001,-0.6307398676872253,-0.202519491314888,0.9999415278434752,0.1074758991599083,-0.4999636113643646,0.0278374571353197,0.9998376369476318,-0.1526057124137878,-0.4861558973789215,-0.1503882259130478,0.999930739402771,0.1019161939620971,-0.2598089277744293,0.0752796456217765,0.8056706190109253,-0.1940780729055404,-0.2161033451557159,-0.1554291248321533,0.9946256279945374,0.1473183780908584,-0.036366693675518,-0.0271349027752876,0.9228063225746156,-0.1492794454097747,0.0227620564401149,-0.2271141111850738,0.9840073585510254,0.1591610014438629,0.0520367957651615,-0.0491729229688644,0.8801533579826355,-0.1365087777376175,0.1068181693553924,-0.2593544721603393,0.9673176407814026,0.1514868736267089,0.0640952587127685,-0.0856950581073761,0.8889888525009155,-0.1027143374085426,0.1056803464889526,-0.2763736844062805,0.9677104949951172,0.1409473568201065,-0.0148247890174388,-0.0428984574973583,0.8703837990760803,-0.1280132085084915,0.0406750589609146,-0.2353629320859909,0.9581594467163086,0.0927284359931945,0.0019032836426049,0.0651094913482666,0.9994480013847352,-0.0927774831652641,-0.0025891659315675,-0.0636945739388465,0.9995062947273254,0.0310439113527536,0.4243748188018799,0.125388890504837,0.9357689023017884,-0.0871959701180458,0.4048043191432953,0.0021361042745411,0.9829084873199464,0.0178663246333599,0.759523868560791,0.268783301115036,0.9654883146286012,-0.0748321563005447,0.7450823187828064,0.1500012129545211,0.9820277094841005,0.0259507540613412,0.8020251989364624,0.2745032906532287,0.9359574913978576,-0.073382630944252,0.7887225151062012,0.1558757275342941,0.8445915579795837,0.1280594319105148,0.8479430675506592,0.191426396369934,0.971365213394165,-0.0212661642581224,0.8552237153053284,0.0413737297058105,0.975672483444214
0.04879866912961,-0.6587164998054504,-0.2299414277076721,0.9999570250511168,0.0483642257750034,-0.6977922916412354,-0.208388477563858,0.9998927116394044,0.0486357398331165,-0.6980499029159546,-0.2076905667781829,0.9998790621757508,0.0484672635793685,-0.6987443566322327,-0.2078097760677337,0.9998614192008972,0.0175320543348789,-0.6933344006538391,-0.2205242961645126,0.9998962879180908,0.0180019252002239,-0.6942851543426514,-0.2211624830961227,0.999897599220276,0.0177987348288297,-0.6955474615097046,-0.2206346243619918,0.9998824000358582,0.0518039315938949,-0.692248523235321,-0.0819127410650253,0.99952632188797,-0.0852134600281715,-0.679356038570404,-0.1517345011234283,0.9998663663864136,0.0523938834667205,-0.6359584331512451,-0.1844141036272049,0.9999216198921204,0.0117639433592557,-0.6313087940216064,-0.2026841342449188,0.9999462366104126,0.107897825539112,-0.4999784827232361,0.0284993592649698,0.9998438358306884,-0.152450144290924,-0.4866134822368622,-0.1490004658699035,0.9999358654022216,0.1028107032179832,-0.258775383234024,0.0756024718284607,0.8034135699272156,-0.1938690096139907,-0.2160137593746185,-0.1545590907335281,0.9947878122329712,0.1503932476043701,-0.0343751385807991,-0.0266698021441698,0.9229949712753296,-0.1492804884910583,0.0242212396115064,-0.2267572879791259,0.9846651554107666,0.1640288084745407,0.054371029138565,-0.0485227406024932,0.8804539442062378,-0.1365404278039932,0.108767881989479,-0.2590347230434418,0.968536615371704,0.1569211333990097,0.0670279264450073,-0.0852202251553535,0.8892752528190613,-0.1026929393410682,0.1082178950309753,-0.2761746048927307,0.9688977003097534,0.1446148008108139,-0.0124674094840884,-0.042476613074541,0.8707401752471924,-0.1279862076044082,0.0425242558121681,-0.235086977481842,0.9595773220062256,0.0926489382982254,0.0019214330241084,0.06536765396595,0.999476969242096,-0.0926957949995994,-0.0026018337812274,-0.0639757886528968,0.999533236026764,0.0322060361504554,0.4242482781410217,0.123490385711193,0.9356420040130616,-0.0859751924872398,0.4048790633678436,0.0003494848497211,0.9831653833389282,0.0202701296657323,0.7597545385360718,0.2651255130767822,0.965776264667511,-0.0726567879319191,0.7457099556922913,0.1461021602153778,0.9825395345687866,0.0285755880177021,0.8022904992103577,0.2704249620437622,0.937309503555298,-0.0710462778806686,0.7893841862678528,0.1514033079147339,0.8476433753967285,0.1313492059707641,0.8478012681007385,0.187298446893692,0.971868336200714,-0.0178630352020263,0.855233371257782,0.0355565212666988,0.976454257965088
0.0486185289919376,-0.6593020558357239,-0.2303786128759384,0.99996018409729,0.0483420975506305,-0.6983694434165955,-0.2088743597269058,0.9999006986618042,0.0486124828457832,-0.6986234188079834,-0.2081739604473114,0.9998875260353088,0.04844431579113,-0.6993207335472107,-0.2082924544811248,0.9998709559440612,0.0174709502607584,-0.6939697861671448,-0.2208116501569748,0.9999042749404908,0.0179384890943765,-0.6949262619018555,-0.2214491069316864,0.9999054670333862,0.0177394244819879,-0.6961861848831177,-0.2209180295467376,0.9998916983604432,0.0524283722043037,-0.6927633285522461,-0.0822813212871551,0.9995567202568054,-0.0851471275091171,-0.6800996661186218,-0.1511930674314499,0.9998773336410522,0.0523811094462871,-0.6365153789520264,-0.1848026365041732,0.9999274611473083,0.0116812894120812,-0.631955087184906,-0.2028189748525619,0.999950647354126,0.1082581430673599,-0.5000059604644775,0.0290719736367464,0.999849021434784,-0.1519101709127426,-0.4875831007957458,-0.1486776471138,0.9999407529830932,0.1034300103783607,-0.2580845057964325,0.0761435031890869,0.7998958826065063,-0.1936035305261612,-0.2162171453237533,-0.1543680131435394,0.994945764541626,0.1542157530784607,-0.0323605015873909,-0.0253831930458545,0.9224891662597656,-0.149078369140625,0.024620171636343,-0.2266536504030227,0.9852840304374696,0.169113740324974,0.0567956380546093,-0.0466753281652927,0.879873514175415,-0.1363679766654968,0.1095558628439903,-0.2589318752288818,0.9696807861328124,0.1626287102699279,0.070082388818264,-0.0834630280733108,0.8887088298797607,-0.1021702140569686,0.1094564199447631,-0.2760937809944153,0.9700077176094056,0.1489815413951873,-0.0100859943777322,-0.041186049580574,0.870182454586029,-0.127678781747818,0.043177280575037,-0.2349985539913177,0.9609000086784364,0.0924983248114585,0.0019413081463426,0.0658925101161003,0.999505341053009,-0.0925445556640625,-0.0026163675356656,-0.0645296722650528,0.9995607137680054,0.0326956026256084,0.4241020977497101,0.1239750608801841,0.9355774521827698,-0.0854834541678428,0.4049694836139679,0.0003519534948281,0.9835736751556396,0.0208727307617664,0.7597846984863281,0.2653741836547851,0.9662298560142516,-0.0722240284085273,0.746094286441803,0.145853191614151,0.9831511378288268,0.0292282365262508,0.8023204803466797,0.2706168293952942,0.9389183521270752,-0.0705658644437789,0.789749801158905,0.151052787899971,0.8516978025436401,0.1325430572032928,0.8472463488578796,0.1875817477703094,0.9724965691566468,-0.0168036837130785,0.855140745639801,0.0350635349750518,0.9773482084274292
0.0498557016253471,-0.6597665548324585,-0.2298483401536941,0.9999626874923706,0.0497022122144699,-0.6988560557365417,-0.2083912342786789,0.99990713596344,0.0499629378318786,-0.6991060972213745,-0.2076872736215591,0.9998942017555236,0.0497964099049568,-0.6998043656349182,-0.2078049182891845,0.9998784065246582,0.0188974868506193,-0.6944746375083923,-0.2204025089740753,0.9999108910560608,0.0193596165627241,-0.6954370737075806,-0.2210368514060974,0.9999120235443116,0.0191725529730319,-0.6966949701309204,-0.2205089479684829,0.9998995661735536,0.0539731904864311,-0.6932284235954285,-0.0818420350551605,0.9995795488357544,-0.0833972990512847,-0.6806381344795227,-0.1512073576450348,0.9998868107795716,0.053469393402338,-0.636960506439209,-0.1842631846666336,0.9999322295188904,0.0128493439406156,-0.6324392557144165,-0.2023761719465255,0.9999544024467468,0.1087099537253379,-0.5001505017280579,0.030148534104228,0.9998526573181152,-0.1506800949573516,-0.4882301390171051,-0.1488196402788162,0.9999451637268066,0.1038608029484748,-0.2578724324703216,0.0769419893622398,0.7944440841674805,-0.1935001462697982,-0.2163780778646469,-0.1544052064418792,0.9951137900352478,0.1552722454071045,-0.0323001779615879,-0.0246901232749223,0.9209194183349608,-0.1487174183130264,0.0249207764863967,-0.2266141474246978,0.9858636260032654,0.1703216284513473,0.0567005909979343,-0.046002559363842,0.8780590295791626,-0.1359299421310424,0.1099758073687553,-0.2588515281677246,0.970747709274292,0.1638875305652618,0.0698317810893058,-0.0826953276991844,0.886972188949585,-0.1013147085905075,0.1098973453044891,-0.2760820388793945,0.9710378646850586,0.1501721888780594,-0.0100877955555915,-0.0404964536428451,0.868328332901001,-0.1271747946739196,0.0435302667319774,-0.2349823564291,0.9621144533157348,0.0922996625304222,0.0019519260386005,0.0666109323501586,0.9995296001434326,-0.0923493504524231,-0.002622727304697,-0.0652765855193138,0.9995845556259156,0.032803539186716,0.4240856766700744,0.1243064925074577,0.9353938102722168,-0.0847704038023948,0.405062735080719,0.0001006365491775,0.9839369058609008,0.0210986211895942,0.7600924372673035,0.2653713822364807,0.9666725397109984,-0.0718424245715141,0.7464290261268616,0.1444434225559234,0.9837012887001038,0.0295057967305183,0.8026396632194519,0.2705959975719452,0.9404143691062928,-0.0701650977134704,0.7900727391242981,0.1494279503822326,0.855360209941864,0.1332120150327682,0.8471252918243408,0.1875614523887634,0.9730812311172484,-0.0150254517793655,0.8551152944564819,0.033372089266777,0.978148341178894
0.0521067231893539,-0.6599916219711304,-0.2294907718896865,0.9999648332595824,0.0520781129598617,-0.6990967392921448,-0.2080363482236862,0.9999127388000488,0.05232585221529,-0.6993429064750671,-0.2073304951190948,0.9998999834060668,0.0521637946367263,-0.7000418305397034,-0.2074484229087829,0.9998849034309388,0.0213602259755134,-0.6947514414787292,-0.2201335728168487,0.999916672706604,0.0218165963888168,-0.6957178115844727,-0.220766469836235,0.99991774559021,0.0216372646391391,-0.6969737410545349,-0.2202445864677429,0.9999064803123474,0.0563454963266849,-0.6933940649032593,-0.0814990624785423,0.9995994567871094,-0.0806781500577926,-0.6809435486793518,-0.1512731909751892,0.9998952746391296,0.0555012002587318,-0.6371467709541321,-0.1839053183794021,0.9999364614486694,0.0150015261024236,-0.6326723694801331,-0.2021192461252212,0.999957799911499,0.1099147126078605,-0.500160813331604,0.0309462863951921,0.9998559951782228,-0.1491220146417617,-0.4885141253471374,-0.1489560306072235,0.9999490976333618,0.1040872111916542,-0.2574118971824646,0.0775437206029892,0.7894584536552429,-0.1934230774641037,-0.2162560820579528,-0.1544084399938583,0.995275378227234,0.1553903818130493,-0.0323043391108512,-0.0244718566536903,0.9193208813667296,-0.1484580934047699,0.02535948343575,-0.226574957370758,0.9864094853401184,0.1703408658504486,0.0565437786281108,-0.0459798350930213,0.8762246370315552,-0.1355869024991989,0.110337384045124,-0.2587916254997253,0.9717549681663512,0.1638453602790832,0.069509357213974,-0.0825338065624237,0.8852057456970215,-0.1007322520017623,0.1100827157497406,-0.2760641276836395,0.9720106720924376,0.1502260416746139,-0.0102005386725068,-0.0402571223676204,0.8663877844810486,-0.126819297671318,0.0438816882669925,-0.2349587827920913,0.9632527232170104,0.0921374559402465,0.001959403976798,0.0673204660415649,0.9995511174201964,-0.0921912565827369,-0.0026268863584846,-0.0660081431269645,0.9996055960655212,0.0330325104296207,0.4240522980690002,0.124411754310131,0.934912919998169,-0.0836515128612518,0.4051119685173034,-0.0006069550290703,0.9842067956924438,0.0215579215437173,0.7601262927055359,0.2654024660587311,0.9668787121772766,-0.0707287266850471,0.7465163469314575,0.1429332792758941,0.9841327667236328,0.0300410762429237,0.8026700019836426,0.2706180214881897,0.9415308833122252,-0.0689833089709281,0.7901426553726196,0.1478371620178222,0.8581523299217224,0.1340985596179962,0.8466657996177673,0.187684878706932,0.9734711050987244,-0.0116627356037497,0.8549388647079468,0.0317695923149585,0.978790044784546
0.0542476773262023,-0.6599886417388916,-0.2298668026924133,0.9999669194221495,0.0541494451463222,-0.6991016864776611,-0.2084426879882812,0.9999181628227234,0.0543907769024372,-0.6993474364280701,-0.2077375501394271,0.9999057054519652,0.0542307086288929,-0.7000468373298645,-0.2078554630279541,0.9998912811279296,0.0235142912715673,-0.6947588920593262,-0.2205618768930435,0.9999221563339232,0.0239630807191133,-0.6957258582115173,-0.2211946994066238,0.9999231696128844,0.0237875673919916,-0.6969819664955139,-0.220672532916069,0.999912977218628,0.0583635345101356,-0.6934648156166077,-0.0818637236952781,0.9996199011802672,-0.0784906670451164,-0.6810267567634583,-0.1517035067081451,0.9999032020568848,0.0575257763266563,-0.6371555328369141,-0.1842513084411621,0.9999405741691588,0.0170774031430482,-0.6326820254325867,-0.2024844288825988,0.999960958957672,0.1115235686302185,-0.5001844167709351,0.0306521039456129,0.999860942363739,-0.1481498032808303,-0.489045113325119,-0.149059385061264,0.999952793121338,0.1044300273060798,-0.256549209356308,0.0774466097354888,0.7874206304550171,-0.1938227266073227,-0.216335117816925,-0.1549170017242431,0.9954480528831482,0.1555417329072952,-0.0311992466449737,-0.0254909321665763,0.919233739376068,-0.1483827531337738,0.0252766199409961,-0.2275189012289047,0.9869607090950012,0.1700509637594223,0.0578678697347641,-0.047296293079853,0.8763110637664795,-0.1353116482496261,0.1102879121899604,-0.2599026560783386,0.9727696776390076,0.163274273276329,0.0703552514314651,-0.0837964639067649,0.885240375995636,-0.1000498160719871,0.1099086180329322,-0.2770199775695801,0.9729925990104676,0.1502271443605423,-0.0092723267152905,-0.0413051843643188,0.8663362860679626,-0.1266042441129684,0.0437652431428432,-0.235832467675209,0.9643998146057128,0.0920595899224281,0.0019734217785298,0.0677110105752945,0.9995728731155396,-0.0921156480908393,-0.0026370666455477,-0.0664109364151954,0.999626398086548,0.0330525822937488,0.424044668674469,0.1247666478157043,0.9351267218589784,-0.0832506418228149,0.405112087726593,-0.0005905872676521,0.9845902919769288,0.0215771310031414,0.7601372003555298,0.2670512795448303,0.967340886592865,-0.0703070387244224,0.746349036693573,0.1430353075265884,0.9846362471580504,0.0300734806805849,0.8026833534240723,0.2724104821681976,0.9429007172584534,-0.0685319453477859,0.7899348735809326,0.1479601711034774,0.8616364002227783,0.134204164147377,0.8465525507926941,0.1896840929985046,0.9740281701087952,-0.0105359684675931,0.854289710521698,0.0319816991686821,0.97950279712677
0.0543768629431724,-0.6591605544090271,-0.2322592288255691,0.9999685883522034,0.0541897006332874,-0.6984055042266846,-0.2110253721475601,0.9999223947525024,0.0544281117618083,-0.6986467242240906,-0.2103157043457031,0.9999101161956788,0.0542686246335506,-0.6993496417999268,-0.2104263305664062,0.999896228313446,0.0235517304390668,-0.6939901113510132,-0.2232000231742859,0.9999265670776368,0.0239985063672065,-0.694959819316864,-0.223827451467514,0.999927580356598,0.0238225013017654,-0.6962190866470337,-0.2233165949583053,0.9999182820320128,0.0584473349153995,-0.6932123899459839,-0.0841795653104782,0.9996349811553956,-0.0784407407045364,-0.680507242679596,-0.1542197316884994,0.9999099373817444,0.0577192977070808,-0.636555016040802,-0.186361163854599,0.999944031238556,0.0172548815608024,-0.6319682598114014,-0.204667180776596,0.9999637007713318,0.1119715124368667,-0.5005133152008057,0.0291575826704502,0.9998668432235718,-0.1482653468847274,-0.4887180030345917,-0.1506684124469757,0.9999560713768004,0.1053826808929443,-0.2566344439983368,0.075405053794384,0.7881332635879517,-0.1954156905412674,-0.2158334255218505,-0.1563881337642669,0.9956012964248656,0.1554853171110153,-0.0312151089310646,-0.0291168913245201,0.920154631137848,-0.1491874903440475,0.0256428234279155,-0.2290004342794418,0.987394630908966,0.16945880651474,0.0578407756984233,-0.0522752180695533,0.8778138756752014,-0.1357486844062805,0.1103872507810592,-0.2614916265010834,0.9735893607139589,0.1611817330121994,0.070218950510025,-0.0886448249220848,0.8865935206413269,-0.1005585938692092,0.1097866892814636,-0.279017299413681,0.9737864136695862,0.1496950089931488,-0.0093047963455319,-0.0449305139482021,0.8678215742111206,-0.1272708922624588,0.0439593233168125,-0.2374378144741058,0.9653342962265016,0.0919286608695983,0.0019363686442375,0.0683164522051811,0.9995922446250916,-0.0919852033257484,-0.0025919566396623,-0.067031130194664,0.9996438026428224,0.0323381312191486,0.4240397214889526,0.1267221122980117,0.9347891807556152,-0.0834335759282112,0.4051604270935058,-0.0005823624087497,0.9849167466163636,0.0191460568457841,0.7602372765541077,0.2687681317329407,0.967700183391571,-0.0727052614092826,0.7463490962982178,0.1426751762628555,0.9850348234176636,0.0279271192848682,0.8027945160865784,0.2742442786693573,0.9441415667533876,-0.0708774104714393,0.7899324297904968,0.1475728750228881,0.8641614317893982,0.1338692605495453,0.8461050391197205,0.1928538382053375,0.9744973182678224,-0.0108598573133349,0.8543296456336975,0.0319098196923732,0.9800218939781188
0.055160004645586,-0.6574673652648926,-0.2370125651359558,0.999970018863678,0.05469686165452,-0.6968274712562561,-0.2160801142454147,0.9999260306358336,0.0549294054508209,-0.6970676183700562,-0.2153577506542205,0.9999138116836548,0.0547701120376586,-0.6977749466896057,-0.2154588103294372,0.9999002814292908,0.0240547209978103,-0.6922798156738281,-0.2282836139202118,0.9999303817749025,0.0244974046945571,-0.6932582855224609,-0.2288983613252639,0.9999314546585084,0.0243197586387395,-0.6945248246192932,-0.228382259607315,0.9999229311943054,0.0590618699789047,-0.6924736499786377,-0.0888240188360214,0.9996474385261536,-0.0779199227690696,-0.6792480945587158,-0.1588680893182754,0.999915897846222,0.058722648769617,-0.6352933645248413,-0.1907086223363876,0.99994695186615,0.0182004366070032,-0.6305141448974609,-0.2089832425117492,0.9999660849571228,0.1133801043033599,-0.5006178617477417,0.0266069322824478,0.9998719096183776,-0.1478353142738342,-0.4886378347873688,-0.1542586684226989,0.9999589323997498,0.1078790575265884,-0.2566647529602051,0.0729856416583061,0.7885096669197083,-0.1981760263442993,-0.2160021513700485,-0.1602832227945327,0.9957723021507264,0.1567743867635727,-0.0304080788046121,-0.0313107781112194,0.9212689995765686,-0.1516723781824112,0.0255853570997715,-0.2325768023729324,0.9878770112991332,0.1707382649183273,0.059060588479042,-0.0547727905213832,0.8795158267021179,-0.1377954334020614,0.1103003844618797,-0.2648805379867553,0.9744805097579956,0.1615377068519592,0.0719238519668579,-0.091043084859848,0.8881332874298096,-0.1020204722881317,0.1096930727362632,-0.2825653851032257,0.974652111530304,0.1505328714847564,-0.0081569226458668,-0.0470883771777153,0.8695266246795654,-0.129391923546791,0.0439219176769256,-0.2409683167934417,0.966366410255432,0.0918092504143714,0.0019393924158066,0.0688206106424331,0.9996111392974854,-0.0918642431497573,-0.0025925834197551,-0.0675353556871414,0.9996602535247804,0.0317472480237484,0.4240567982196808,0.1275924444198608,0.9341958165168762,-0.0838686451315879,0.4051564633846283,-0.0003788587637245,0.9851550459861756,0.0150999026373028,0.7601478695869446,0.2720655500888824,0.9677878618240356,-0.0773143991827964,0.7455764412879944,0.1433345973491668,0.9853371381759644,0.0238101948052644,0.8026965260505676,0.2779882252216339,0.9449704885482788,-0.0757665708661079,0.789082407951355,0.1484041661024093,0.866365373134613,0.1324524283409118,0.845587432384491,0.1978365778923034,0.9747526049613952,-0.0115981372073292,0.85365229845047,0.0335501879453659,0.9804345369338988
0.0551260150969028,-0.6557583808898926,-0.2420328557491302,0.9999718070030212,0.0546793229877948,-0.6953168511390686,-0.2214805483818054,0.999930500984192,0.0549124330282211,-0.6955642700195312,-0.2207529246807098,0.9999185800552368,0.0547530017793178,-0.6962795853614807,-0.2208323925733566,0.9999055862426758,0.0239706207066774,-0.690715491771698,-0.233028694987297,0.9999348521232604,0.0244094245135784,-0.6916983723640442,-0.2336300760507583,0.9999358654022216,0.0242327395826578,-0.6929782629013062,-0.2330943346023559,0.999928057193756,0.0598789192736148,-0.6923013925552368,-0.0930916666984558,0.9996642470359802,-0.0779245570302009,-0.6788651943206787,-0.1607831120491027,0.999922215938568,0.0588501244783401,-0.6343224048614502,-0.1949818134307861,0.999950110912323,0.0181996412575244,-0.6294268369674683,-0.2124688327312469,0.9999685287475586,0.1142378896474838,-0.5022382140159607,0.0253326594829559,0.9998786449432372,-0.1477060467004776,-0.4893275201320648,-0.1551109105348587,0.999962031841278,0.1101002097129821,-0.2573255896568298,0.0718526244163513,0.7881168127059937,-0.20584237575531,-0.218487337231636,-0.1614144444465637,0.995935559272766,0.1644744724035263,-0.0304280295968055,-0.0332676358520984,0.9225350618362428,-0.15693199634552,0.0228286087512969,-0.2345151156187057,0.9883130192756652,0.1807718127965927,0.0590136274695396,-0.0567589774727821,0.8816716074943542,-0.1412195861339569,0.1064975783228874,-0.2665270864963531,0.9752708077430724,0.1713908314704895,0.0720835551619529,-0.0931699275970459,0.890129566192627,-0.105048693716526,0.1052827611565589,-0.2844485640525818,0.9754251837730408,0.1586264967918396,-0.0080711580812931,-0.0491200201213359,0.8717085123062134,-0.134125679731369,0.0410362742841243,-0.2429257035255432,0.9672731757164,0.091690182685852,0.0019149901345372,0.0696222260594368,0.9996342062950134,-0.0917382910847663,-0.0025619678199291,-0.0683394148945808,0.999680519104004,0.0318553857505321,0.4238015413284302,0.1401296257972717,0.9339701533317566,-0.0854803174734115,0.405143141746521,0.0048704724758863,0.9856683611869812,0.0147487074136734,0.7567482590675354,0.290312111377716,0.968287229537964,-0.0911356881260871,0.7431634664535522,0.1539680510759353,0.985859215259552,0.0235147383064031,0.7988870143890381,0.2971240878105163,0.9461739659309388,-0.0905052050948143,0.7862884402275085,0.1600395143032074,0.87000572681427,0.1330019235610962,0.8392574787139893,0.219437688589096,0.9752770066261292,-0.0210663620382547,0.8514700531959534,0.0474479719996452,0.9810777902603148
0.0550729818642139,-0.655603289604187,-0.2410428375005722,0.9999725222587584,0.054565642029047,-0.6952321529388428,-0.2205543965101242,0.9999325275421144,0.0547914542257785,-0.695481538772583,-0.2198253720998764,0.9999201893806458,0.0546324141323566,-0.6961961984634399,-0.2199078053236007,0.9999071955680848,0.0238874088972806,-0.6906333565711975,-0.2323196977376938,0.999937117099762,0.024323372170329,-0.6916161775588989,-0.2329048216342926,0.999938189983368,0.0241447128355503,-0.6928986310958862,-0.2323615401983261,0.9999310970306396,0.0594602823257446,-0.6924605965614319,-0.0920193120837211,0.9996673464775084,-0.0783481076359748,-0.6789260506629944,-0.1604697853326797,0.9999266266822816,0.0587675087153911,-0.6342891454696655,-0.193799078464508,0.9999517798423768,0.0180851314216852,-0.6293751001358032,-0.2115489244461059,0.9999702572822572,0.1136431768536567,-0.5059759020805359,0.0272400379180908,0.9998843669891356,-0.1486330181360244,-0.490316778421402,-0.1546957492828369,0.9999646544456482,0.1103073433041572,-0.261576235294342,0.0758063048124313,0.7818535566329956,-0.2131076753139495,-0.2196827381849289,-0.1613158732652664,0.996063768863678,0.1704349368810653,-0.0378607772290706,-0.0310302805155515,0.9220893979072572,-0.1620138138532638,0.0193771887570619,-0.2345638126134872,0.988698959350586,0.1887856721878051,0.0502904504537582,-0.054323486983776,0.8820721507072449,-0.1450930386781692,0.1018495187163353,-0.2665421366691589,0.975997805595398,0.1803323328495025,0.0639366209506988,-0.0909255221486091,0.8905619978904724,-0.109390303492546,0.0993143618106842,-0.2844429612159729,0.976129114627838,0.1654655188322067,-0.0153198046609759,-0.0471403449773788,0.8721741437911987,-0.1392062753438949,0.0369645580649375,-0.2429627627134323,0.9680445790290833,0.0916372910141944,0.001882743788883,0.0703777521848678,0.999657392501831,-0.0916815623641014,-0.0025215886998921,-0.0690970197319984,0.9996992945671082,0.0338701680302619,0.4213107824325561,0.1442481428384781,0.9339345693588256,-0.0902281329035759,0.403271734714508,0.0096389017999172,0.986133337020874,0.0136114116758108,0.7466161847114563,0.3100956082344055,0.9684680700302124,-0.1128616034984588,0.7321353554725647,0.1720465421676635,0.9863280057907104,0.0221067797392606,0.7881501913070679,0.3188535571098327,0.9468297958374025,-0.1135974004864692,0.7745347023010254,0.1797370165586471,0.8732814192771912,0.1329448670148849,0.8301705718040466,0.2445002794265747,0.9756237864494324,-0.0413525365293026,0.8393236994743347,0.0689546167850494,0.9816892743110656
0.0537411756813526,-0.6513307094573975,-0.2500312030315399,0.9999727010726928,0.0527909882366657,-0.6912868618965149,-0.2295827567577362,0.9999332427978516,0.0530013628304004,-0.6915555596351624,-0.2288551330566406,0.9999200701713562,0.0528333708643913,-0.692260205745697,-0.2289609760046005,0.9999066591262816,0.0219090841710567,-0.6863752007484436,-0.2411726266145706,0.999938428401947,0.0223488714545965,-0.6873668432235718,-0.2417335212230682,0.9999396204948424,0.0221446733921766,-0.6886711716651917,-0.2411579638719558,0.9999333024024964,0.0587422661483287,-0.6903034448623657,-0.0999504700303077,0.999663472175598,-0.0801160484552383,-0.675216794013977,-0.1666553169488906,0.9999300837516784,0.0582135282456874,-0.6308772563934326,-0.2022425234317779,0.9999521374702454,0.0172050055116415,-0.6254017949104309,-0.2194920033216476,0.9999714493751526,0.1136997118592262,-0.5070098042488098,0.022976079955697,0.9998870491981506,-0.1495196521282196,-0.4891818165779114,-0.1570910364389419,0.999966561794281,0.1139536499977111,-0.2664718329906463,0.0748366713523864,0.7787824273109436,-0.2184976637363433,-0.219553455710411,-0.1628272831439972,0.996224284172058,0.1787294745445251,-0.0442949496209621,-0.0322770960628986,0.921862006187439,-0.1667214781045913,0.0182434599846601,-0.2367014735937118,0.9891700744628906,0.1986163854598999,0.0425812751054763,-0.0554723031818866,0.8823419213294983,-0.1490885466337204,0.0993308052420616,-0.2683343887329101,0.9768385887145996,0.1897087097167968,0.0569854341447353,-0.092074304819107,0.8908544778823853,-0.1141191199421882,0.0953991711139679,-0.2865374982357025,0.9769555330276488,0.1740060448646545,-0.0213833767920732,-0.0484647341072559,0.8726460337638855,-0.1440057456493377,0.0351763144135475,-0.245099127292633,0.9690067172050476,0.091680034995079,0.0018683585803955,0.070388451218605,0.999673068523407,-0.0917263627052307,-0.0025064244400709,-0.0691060051321983,0.9997113943099976,0.0393371619284153,0.4191401898860931,0.1436170637607574,0.9336899518966676,-0.0920893922448158,0.4019161760807037,0.0110315410420298,0.986348569393158,0.0128571195527911,0.7401925325393677,0.3169765472412109,0.96782249212265,-0.1201229766011238,0.7276837229728699,0.1786477416753769,0.9864926934242249,0.0207976847887039,0.781624436378479,0.3268751502037048,0.94634348154068,-0.1212825998663902,0.7701892852783203,0.187141552567482,0.8741491436958313,0.1322240233421325,0.8276404738426208,0.252696692943573,0.9752799272537231,-0.0538684017956256,0.8357904553413391,0.0764331445097923,0.9818456172943116
0.0526548251509666,-0.6417694091796875,-0.276930421590805,0.9999732375144958,0.0496563427150249,-0.6822249889373779,-0.255948007106781,0.9999346733093262,0.0498659126460552,-0.6825321912765503,-0.2552059888839721,0.9999210238456726,0.0496821627020835,-0.6832465529441833,-0.2553201913833618,0.999907910823822,0.0190523043274879,-0.676213264465332,-0.269182950258255,0.9999400973320008,0.0195240844041109,-0.6771889328956604,-0.2696906626224518,0.999941349029541,0.0192720163613557,-0.6785276532173157,-0.2690280079841614,0.9999355673789978,0.0521125085651874,-0.6827191114425659,-0.1232476159930229,0.999665915966034,-0.0854594111442565,-0.6622961759567261,-0.1959106624126434,0.9999327063560486,0.0571683868765831,-0.6221449971199036,-0.2281991392374038,0.9999524354934692,0.0162402968853712,-0.6150349974632263,-0.2472306340932846,0.9999722242355348,0.1119583398103714,-0.5069562792778015,0.0041189147159457,0.9998914003372192,-0.1517711877822876,-0.4765901267528534,-0.1779247224330902,0.999966323375702,0.1167545169591903,-0.2708911597728729,0.065870352089405,0.7819430232048035,-0.2185429781675338,-0.2094932496547699,-0.1809616088867187,0.9962915778160096,0.1923696398735046,-0.0559245906770229,-0.0372383706271648,0.924612045288086,-0.1673273593187332,0.0182686820626258,-0.2523166239261627,0.9894440174102784,0.2159615010023117,0.0281238071620464,-0.0595950968563556,0.8861608505249023,-0.1495629251003265,0.0982214584946632,-0.2834617793560028,0.977308988571167,0.2075519114732742,0.0431882366538047,-0.096888892352581,0.8945891261100769,-0.1159690991044044,0.0923951342701911,-0.3016726672649383,0.9774409532546996,0.1888798773288726,-0.0329901799559593,-0.0535969696938991,0.876887857913971,-0.1450524628162384,0.0348617546260356,-0.2605948150157928,0.969475030899048,0.0919205993413925,0.0015807239105924,0.070308968424797,0.999685287475586,-0.0919740498065948,-0.0022367844358086,-0.0689976960420608,0.9997155070304872,0.0472508333623409,0.4180914461612701,0.1431742012500763,0.932369589805603,-0.0892626866698265,0.3993112444877624,0.0113105345517396,0.98594468832016,0.0113601274788379,0.7223230004310608,0.3315492570400238,0.9658746719360352,-0.1206383034586906,0.7183367609977722,0.1911187022924423,0.9861948490142822,0.0179224088788032,0.7619366645812988,0.343586653470993,0.94450581073761,-0.1227145045995712,0.7605935335159302,0.2017702758312225,0.8719797134399414,0.1233067736029625,0.817467212677002,0.2724393308162689,0.9740778803825378,-0.0607392974197864,0.8329014182090759,0.0935615375638008,0.9814436435699464
0.0526526607573032,-0.6377451419830322,-0.2874558568000793,0.9999735355377196,0.0482334829866886,-0.6785051226615906,-0.2666286826133728,0.999935507774353,0.0484331473708152,-0.678827702999115,-0.26584193110466,0.9999216198921204,0.0482356436550617,-0.6795521974563599,-0.2659285366535187,0.9999088644981384,0.0181614235043525,-0.6716509461402893,-0.2814743518829345,0.999941110610962,0.0186567287892103,-0.6726327538490295,-0.2819429337978363,0.9999424815177916,0.0183805972337722,-0.6739821434020996,-0.2812804281711578,0.999936819076538,0.0442065000534057,-0.67923903465271,-0.1337281912565231,0.9996693730354308,-0.0890616104006767,-0.6554065346717834,-0.2144149839878082,0.9999337792396544,0.0569452680647373,-0.6182042956352234,-0.2386156320571899,0.9999525547027588,0.0162330958992242,-0.6101043224334717,-0.2598589062690735,0.9999727010726928,0.1093632280826568,-0.5077030062675476,-0.0057089733891189,0.9998979568481444,-0.1541900932788849,-0.4677871763706207,-0.1941930204629898,0.999965250492096,0.1223151683807373,-0.2763031721115112,0.061033722013235,0.7909599542617798,-0.21864815056324,-0.2002377808094024,-0.1955802887678146,0.9962714314460754,0.2055662721395492,-0.071854144334793,-0.0401193834841251,0.9293127059936525,-0.1717637926340103,0.0183666180819273,-0.2627523243427276,0.9895405769348145,0.2297175079584121,0.0085670119151473,-0.0625570341944694,0.8927558064460754,-0.1557841598987579,0.0970093309879303,-0.293415755033493,0.977531909942627,0.2202914208173751,0.0218351371586322,-0.1004342213273048,0.9008604884147644,-0.124537855386734,0.0896163135766983,-0.3113323152065277,0.9777083992958068,0.2021417021751403,-0.0500275455415248,-0.0566853731870651,0.8839326500892639,-0.15048848092556,0.0346696786582469,-0.2708514928817749,0.9695874452590942,0.0922832936048507,0.0010636441875249,0.0703101828694343,0.9996927976608276,-0.0923417508602142,-0.0017347638495266,-0.068985715508461,0.9997195601463318,0.0620003938674926,0.4164719581604004,0.1424687653779983,0.932111918926239,-0.0814949497580528,0.3922961354255676,-0.007243154104799,0.9858459234237672,0.0113959368318319,0.6989620327949524,0.349028617143631,0.9633885025978088,-0.1215617507696151,0.7042388916015625,0.1598879098892212,0.986185908317566,0.0175242777913808,0.7365708947181702,0.3631021082401275,0.941759467124939,-0.1250115185976028,0.7457436919212341,0.1700919419527053,0.8708168864250183,0.1157518029212951,0.8008363246917725,0.3013564050197601,0.9722403287887572,-0.0670613944530487,0.8252667188644409,0.0658507645130157,0.9813359379768372
0.0485095493495464,-0.6264819502830505,-0.2955747246742248,0.9999731183052064,0.0428420156240463,-0.6673875451087952,-0.2746920883655548,0.9999338388442992,0.0430295541882514,-0.6677068471908569,-0.2739085853099823,0.9999194145202636,0.0428386926651001,-0.6684066653251648,-0.2739944458007812,0.9999073147773744,0.0129335997626185,-0.6606478691101074,-0.2900008857250213,0.9999395608901978,0.013484438881278,-0.6616240739822388,-0.2905232608318329,0.999941110610962,0.0131377587094903,-0.6629481911659241,-0.2897643744945526,0.9999351501464844,0.0370728187263011,-0.6683194637298584,-0.1410801857709884,0.9996700286865234,-0.0961030349135398,-0.6453960537910461,-0.2222756594419479,0.9999306201934814,0.0521729104220867,-0.6072068214416504,-0.2464295625686645,0.999953031539917,0.0120494803413748,-0.5991489291191101,-0.2677786350250244,0.9999727010726928,0.1059401482343673,-0.5073317289352417,-0.0122810704633593,0.9999054670333862,-0.1587655246257782,-0.4581384062767029,-0.1959468573331833,0.9999603629112244,0.1339059472084045,-0.2826643288135528,0.0603231787681579,0.8060305118560791,-0.2180059254169464,-0.1904197633266449,-0.1916810870170593,0.9962249398231506,0.2212625443935394,-0.0904090404510498,-0.0402865633368492,0.9348741769790648,-0.1798656433820724,0.0226526819169521,-0.2603609263896942,0.989687979221344,0.2466355860233307,-0.0163108520209789,-0.0626503750681877,0.9005734920501709,-0.1677844077348709,0.0978176668286323,-0.2913438081741333,0.9777911901474,0.2364117056131363,-0.0060198944993317,-0.101393811404705,0.9082252383232116,-0.1395829021930694,0.0898498073220253,-0.3088978230953216,0.9780388474464417,0.2182374447584152,-0.0714626088738441,-0.0570669993758201,0.8923393487930298,-0.1603068560361862,0.0374126769602298,-0.268328845500946,0.9699429273605348,0.0938344299793243,0.0005432153120636,0.0681339502334594,0.999692976474762,-0.0939723029732704,-0.0012397107202559,-0.0667137131094932,0.9996907711029052,0.0992000922560691,0.4148273766040802,0.0718112736940383,0.9349988698959352,-0.0708906799554824,0.3915900588035583,-0.0323866829276084,0.9850239157676696,0.0081171784549951,0.6631500124931335,0.3156686425209045,0.9569541215896606,-0.1195880472660064,0.6839866042137146,0.1569957882165908,0.9846047163009644,0.0069016111083328,0.6968187689781189,0.3359503448009491,0.9295400977134703,-0.121780127286911,0.7233554720878601,0.1690777987241745,0.8606473803520203,0.0657082349061966,0.7807286977767944,0.290108174085617,0.9668670296669006,-0.0659068971872329,0.807597279548645,0.0660307109355926,0.9796046614646912
0.0461834035813808,-0.6149687767028809,-0.3043412864208221,0.999973475933075,0.0389863848686218,-0.6563937664031982,-0.2842048108577728,0.9999335408210754,0.0391778498888015,-0.6567153930664062,-0.2834185361862182,0.9999188780784608,0.0389580726623535,-0.6574288606643677,-0.2834586203098297,0.9999083280563354,0.0100104110315442,-0.6494035720825195,-0.3010111451148987,0.9999402761459352,0.0106086311861872,-0.6503987312316895,-0.3015075623989105,0.9999417066574096,0.0102080507203936,-0.6517109870910645,-0.3006561398506164,0.9999358654022216,0.0272458251565694,-0.6585500240325928,-0.1517010927200317,0.9996809363365172,-0.1009420007467269,-0.6351321339607239,-0.238489493727684,0.999929666519165,0.0481033064424991,-0.5964195132255554,-0.2552386224269867,0.9999547600746156,0.0095528811216354,-0.5881351828575134,-0.2780933082103729,0.9999735951423644,0.0995945557951927,-0.5069698691368103,-0.0236726701259613,0.999913215637207,-0.1645199209451675,-0.4492758214473724,-0.2066134512424469,0.999958038330078,0.1426036357879638,-0.292613536119461,0.0562634915113449,0.8218142986297607,-0.2175980359315872,-0.1837729215621948,-0.1931599676609039,0.9962734580039978,0.2515849769115448,-0.1120591014623642,-0.0403430499136447,0.9403151273727416,-0.1850237846374511,0.0391797460615634,-0.2584033608436584,0.9898673295974731,0.2844788134098053,-0.0447183921933174,-0.06255903840065,0.9083023071289062,-0.1749840229749679,0.1139196828007698,-0.2899070084095001,0.9780676960945128,0.2768211662769317,-0.0344047732651233,-0.1017574593424797,0.9154825210571288,-0.146402820944786,0.1070040464401245,-0.3071653842926025,0.9783968925476074,0.251759260892868,-0.0940150991082191,-0.0574100650846958,0.9007394909858704,-0.1657516956329345,0.0540926866233348,-0.2664304673671722,0.970382571220398,0.0947105288505554,-0.0005392966559156,0.0657659322023391,0.9996926188468932,-0.0949269235134124,-0.0002141698205377,-0.0642191767692565,0.9996691942214966,0.1187411546707153,0.4148767590522766,0.0408283285796642,0.9379186630249025,-0.0672403201460838,0.3884709477424621,-0.0374733470380306,0.9838823676109314,-0.0213186964392662,0.6100159287452698,0.3025317192077636,0.9420841336250304,-0.1176592111587524,0.6647787690162659,0.1491468846797943,0.9824221134185792,-0.0332885943353176,0.6366668939590454,0.327841579914093,0.9075950980186462,-0.1199630200862884,0.702032744884491,0.1625783443450927,0.8515610694885254,-0.0042921332642436,0.7369195818901062,0.2793349027633667,0.9553951621055604,-0.0692427903413772,0.7901788949966431,0.0654275491833686,0.9772547483444214
0.0417867302894592,-0.6174688339233398,-0.3012682497501373,0.9999711513519288,0.0326370298862457,-0.6584529876708984,-0.280231237411499,0.9999255537986756,0.0328317992389202,-0.6587705016136169,-0.2793765664100647,0.9999091029167176,0.0325871519744396,-0.6594730019569397,-0.2794325947761535,0.999901533126831,0.0052801426500082,-0.6516098976135254,-0.2974044978618622,0.999936819076538,0.0059108226560056,-0.6525959372520447,-0.2980081140995025,0.9999380111694336,0.0054445480927824,-0.6539059281349182,-0.2973381280899048,0.9999319911003112,0.0132744386792182,-0.6568210124969482,-0.1502126455307006,0.9996718168258668,-0.1079606488347053,-0.6339055299758911,-0.2284044623374939,0.9999240636825562,0.0409087911248207,-0.597665011882782,-0.2530795335769653,0.9999542832374572,0.004759544506669,-0.5896099805831909,-0.2733860611915588,0.999973475933075,0.091796725988388,-0.506661057472229,-0.0192920919507741,0.999920129776001,-0.180293008685112,-0.4429989159107208,-0.2032933384180069,0.9999555349349976,0.1493478417396545,-0.3064867854118347,0.0566546395421028,0.8352673649787903,-0.226529911160469,-0.1792833805084228,-0.180150032043457,0.9963024258613586,0.2686239182949066,-0.1402782201766967,-0.0402830503880977,0.9448478817939758,-0.2064451426267624,0.0511576049029827,-0.2302825152873993,0.9898852109909058,0.3045721054077148,-0.0772761926054954,-0.0624708123505115,0.9147372245788574,-0.1981490105390548,0.1278320848941803,-0.2559047639369964,0.9780758023262024,0.2937982678413391,-0.0691063404083252,-0.1017102822661399,0.9215843677520752,-0.1730635613203048,0.1211488023400306,-0.2775357961654663,0.978529930114746,0.2687558829784393,-0.1232990622520446,-0.0572868138551712,0.9079331755638124,-0.188514307141304,0.066373586654663,-0.2395359873771667,0.97073894739151,0.0953994691371917,-0.0014185644686222,0.0651799440383911,0.999696671962738,-0.0956573709845542,0.0006638829945586,-0.0635633468627929,0.999665915966034,0.1285365372896194,0.4178624749183655,0.0317607708275318,0.9395629167556764,-0.0574671924114227,0.3804917335510254,-0.0537961050868034,0.9825910925865172,-0.0621954686939716,0.5612095594406128,0.3032777607440948,0.9193071126937866,-0.1308528780937194,0.6226706504821777,0.1403386145830154,0.9790854454040528,-0.0794069841504097,0.580793023109436,0.3288802802562713,0.8789076805114746,-0.1377423405647277,0.6557413339614868,0.1557935029268264,0.8424943685531616,-0.0629973635077476,0.6841626763343811,0.3028930425643921,0.938108503818512,-0.0966114550828933,0.7500966787338257,0.0688738897442817,0.9740203022956848
0.0406692810356617,-0.6048023104667664,-0.2965235114097595,0.9999725818634032,0.0328191854059696,-0.6454752683639526,-0.2755236029624939,0.9999274611473083,0.0330251827836036,-0.6458165645599365,-0.274692952632904,0.9999111890792848,0.0327784083783626,-0.6464745402336121,-0.2747232317924499,0.9999052286148072,0.0051856040954589,-0.6396492719650269,-0.29232257604599,0.9999402761459352,0.0057804617099463,-0.6405845284461975,-0.2928857505321502,0.9999412298202516,0.0053389854729175,-0.6418585181236267,-0.2921633720397949,0.999935507774353,0.0165517684072256,-0.6425619125366211,-0.1450118720531463,0.9996844530105592,-0.1074122488498687,-0.6249703764915466,-0.2267958372831344,0.999927818775177,0.0394591502845287,-0.5846478939056396,-0.2482526898384094,0.9999566674232484,0.0029617196414619,-0.5779030919075012,-0.2694285809993744,0.9999752640724182,0.0926105231046676,-0.5031777620315552,-0.0213631987571716,0.99992698431015,-0.1822320222854614,-0.4322448968887329,-0.1999791860580444,0.9999561309814452,0.1766527146100998,-0.3181535303592682,0.0207273289561271,0.848140299320221,-0.2264484912157058,-0.17059026658535,-0.1801286339759826,0.996447741985321,0.3032984137535095,-0.1561550050973892,-0.1224317997694015,0.9492447972297668,-0.2073771357536316,0.0755940154194831,-0.2297367006540298,0.9901971220970154,0.3430076539516449,-0.0936596095561981,-0.1515785604715347,0.9212573766708374,-0.1988514512777328,0.1575875133275985,-0.2541392147541046,0.9785633683204652,0.3273453116416931,-0.0852969288825988,-0.1912269741296768,0.9277368783950806,-0.1722551882266998,0.1518760174512863,-0.2758462727069855,0.9791097044944764,0.3017852902412414,-0.1388732939958572,-0.1411231756210327,0.9151374697685242,-0.1887696236371994,0.0924479141831398,-0.238920047879219,0.9716609120368958,0.0957122594118118,-0.002593275392428,0.0652501657605171,0.9997135400772096,-0.0959977507591247,0.0018558087758719,-0.0636195838451385,0.9996739029884338,0.1680546998977661,0.4163882136344909,-0.0030335467308759,0.9429134726524352,-0.0217531509697437,0.3769035637378692,-0.0695142894983291,0.9826793670654296,-0.0753452703356742,0.5362505912780762,0.2404973208904266,0.910602569580078,-0.1399194002151489,0.6004491448402405,0.1365786045789718,0.9780009388923644,-0.0973778441548347,0.5536521673202515,0.2632250487804413,0.8621100187301636,-0.1529451757669448,0.6311916708946228,0.1537832468748092,0.8403549194335938,-0.0978747755289077,0.6597896218299866,0.2541978359222412,0.9303324222564696,-0.1233716234564781,0.7311878204345703,0.0798027440905571,0.9732072353363036
0.0408509261906147,-0.6007683873176575,-0.2936265766620636,0.9999725818634032,0.0333368740975856,-0.6418240666389465,-0.2727811634540558,0.99992173910141,0.0335447862744331,-0.6422587633132935,-0.2719421088695526,0.9999041557312012,0.0333055071532726,-0.6428589224815369,-0.2719999849796295,0.999899685382843,0.0057306527160108,-0.636071503162384,-0.2908380329608917,0.9999402165412904,0.0063283620402216,-0.6369516849517822,-0.2913541495800018,0.9999417662620544,0.0058558769524097,-0.6382747888565063,-0.290530115365982,0.999935269355774,0.0124760186299681,-0.6399699449539185,-0.1432303339242935,0.9996796250343324,-0.1067687422037124,-0.6223013997077942,-0.2379334270954132,0.9999282360076904,0.038460835814476,-0.5809834003448486,-0.2457122653722763,0.9999576807022096,0.002946495078504,-0.574338436126709,-0.2694159746170044,0.999976396560669,0.0877247229218483,-0.5027744770050049,-0.0217478703707456,0.9999335408210754,-0.1829585880041122,-0.4235903620719909,-0.2166687101125717,0.9999563097953796,0.2112096548080444,-0.3413469195365906,0.0300864707678556,0.8610721826553345,-0.2091108858585357,-0.1519180983304977,-0.2086710333824157,0.9964752793312072,0.3667460083961487,-0.1927207857370376,-0.0420774556696414,0.9532325267791748,-0.186632826924324,0.1024975776672363,-0.2480536550283432,0.9899792671203612,0.4145682752132416,-0.1314850747585296,-0.0511121712625026,0.9266906976699828,-0.1785319000482559,0.1875829994678497,-0.26497682929039,0.9781999588012696,0.4017557203769684,-0.1283001452684402,-0.0891676098108291,0.932868242263794,-0.1533458828926086,0.1848031282424926,-0.2917243838310241,0.978888988494873,0.3684791028499603,-0.1766548305749893,-0.0582013800740242,0.9212343096733092,-0.1691213995218277,0.1218365281820297,-0.2579364776611328,0.9714457988739014,0.095737874507904,-0.0048515060916543,0.0663941204547882,0.9997336864471436,-0.0960390418767929,0.0040940251201391,-0.0647419989109039,0.9996870160102844,0.1914929747581482,0.4014765918254852,-0.0007047718972899,0.945224940776825,-0.0173976998776197,0.3705526292324066,-0.0660180822014808,0.9825538396835328,-0.0611378289759159,0.4976571798324585,0.2515689730644226,0.8919947743415833,-0.1841977089643478,0.572995126247406,0.1497777700424194,0.9761775135993958,-0.0737751498818397,0.5132715106010437,0.2728018164634704,0.8403921723365784,-0.203271746635437,0.6023178696632385,0.1714459508657455,0.8379811644554138,-0.0480038970708847,0.6105815768241882,0.2724977731704712,0.9161390662193298,-0.1619867831468582,0.7036609053611755,0.1241001039743423,0.971479833126068
0.0413776822388172,-0.604072630405426,-0.2144466936588287,0.9999712109565736,0.0340948589146137,-0.6449765563011169,-0.1933045834302902,0.9999141693115234,0.0342648774385452,-0.6453972458839417,-0.1923190355300903,0.999894917011261,0.0340176522731781,-0.6460133790969849,-0.1923480033874511,0.9998947381973268,0.0085398303344845,-0.639210045337677,-0.2136921882629394,0.9999391436576844,0.009120606817305,-0.6401166915893555,-0.2141362130641937,0.9999408721923828,0.0085921492427587,-0.641432523727417,-0.213075116276741,0.9999336004257202,0.0131074236705899,-0.6426091194152832,-0.074085846543312,0.9996680021286012,-0.1049861907958984,-0.6252623796463013,-0.1755568832159042,0.9999255537986756,0.0385884307324886,-0.5840184092521667,-0.170580580830574,0.999957799911499,0.003059976035729,-0.5774651765823364,-0.1973572075366974,0.9999766945838928,0.088284283876419,-0.5017884373664856,0.0259469766169786,0.999939501285553,-0.1818231046199798,-0.4274974763393402,-0.1694545894861221,0.9999581575393676,0.2320747226476669,-0.3362034857273102,0.080387182533741,0.8727537393569946,-0.1714986711740493,-0.149232730269432,-0.1524825692176818,0.9954816699028016,0.3941836357116699,-0.1756410002708435,0.0274213291704654,0.9559856057167052,-0.1638343781232834,0.1038161888718605,-0.19495689868927,0.9883458018302916,0.4405164718627929,-0.1136933639645576,0.0248616710305213,0.9299163222312928,-0.1596615761518478,0.1860251128673553,-0.2110632061958313,0.9761625528335572,0.4317480325698852,-0.1081411093473434,-0.0136608900502324,0.936115562915802,-0.137435182929039,0.1885167360305786,-0.235509842634201,0.9771583676338196,0.3969981372356415,-0.158613696694374,0.012072910554707,0.925550103187561,-0.1495128124952316,0.1247059553861618,-0.204063132405281,0.9693718552589417,0.0961010977625846,-0.0049236649647355,0.0670948252081871,0.999755859375,-0.0963833779096603,0.0041787102818489,-0.0653534606099128,0.999712347984314,0.2194932550191879,0.3949684202671051,-0.0096123050898313,0.9458284974098206,-0.007733860053122,0.3008060455322265,-0.1676186323165893,0.9824639558792114,-0.0436481907963752,0.4014966189861297,0.2585356831550598,0.8507499098777771,-0.2073790580034256,0.4536199569702148,0.0639932826161384,0.971189022064209,-0.0707982555031776,0.4053898453712463,0.2739956974983215,0.7972217202186584,-0.2301658242940902,0.4763482809066772,0.0882273390889167,0.8324558734893799,-0.0370716676115989,0.4906367361545563,0.3139876127243042,0.8808252811431885,-0.204603761434555,0.5727322697639465,0.0683601647615432,0.9684690237045288
0.0736472979187965,-0.6053665280342102,-0.1903233975172042,0.9999687671661376,0.0662584751844406,-0.6461910605430603,-0.1708973050117492,0.9999056458473206,0.0663449093699455,-0.6465774774551392,-0.1698160618543625,0.9998817443847656,0.0660811960697174,-0.6471572518348694,-0.1698758602142334,0.9998881816864014,0.0453281365334987,-0.6403763890266418,-0.1919829100370407,0.999937891960144,0.0457889884710311,-0.6413220763206482,-0.1925568580627441,0.9999393224716188,0.0453719422221183,-0.6426070332527161,-0.1916020363569259,0.999932050704956,0.0295858979225158,-0.6429532170295715,-0.0591674521565437,0.9996492862701416,-0.0653627067804336,-0.6266329884529114,-0.1631986796855926,0.9999215602874756,0.0635371133685112,-0.5846590995788574,-0.1491613388061523,0.9999581575393676,0.0350927338004112,-0.5784164071083069,-0.1765722185373306,0.99997740983963,0.10345109552145,-0.4987873435020447,0.0346543118357658,0.9999445676803588,-0.1463506817817688,-0.4307386875152588,-0.1655126363039016,0.9999594688415528,0.2765423059463501,-0.3357134461402893,0.0781702697277069,0.8841332197189331,-0.1213622912764549,-0.1548627018928527,-0.1562449485063552,0.9941736459732056,0.4318555891513824,-0.1674975007772445,0.0094086481258273,0.9583636522293092,-0.0720489174127578,0.0976667255163192,-0.2026627957820892,0.9867730140686036,0.4729736745357513,-0.10272778570652,0.0012114122509956,0.9323877096176147,-0.0603614971041679,0.1788962185382843,-0.2209876477718353,0.9742102026939392,0.4647516906261444,-0.0967484787106514,-0.035973384976387,0.93860524892807,-0.0282645635306835,0.1769494414329528,-0.2425425499677658,0.975368320941925,0.4335781335830688,-0.149886205792427,-0.0061273807659745,0.9288501143455504,-0.0540143921971321,0.1152156144380569,-0.2107754796743393,0.9667588472366332,0.0961078181862831,-0.0037446492351591,0.0666965618729591,0.9997782707214355,-0.0963943898677825,0.0031203995458781,-0.0649501159787178,0.999739110469818,0.2347816675901413,0.3708145916461944,-0.03516586124897,0.946877419948578,-2.2129534045234323e-05,0.1733021438121795,-0.2725471258163452,0.9825876951217652,-0.0199734196066856,0.3223539590835571,0.2258305847644806,0.8143637180328369,-0.1880229115486145,0.3244223594665527,-0.0150312045589089,0.9604440927505492,-0.0496341586112976,0.3205021619796753,0.2515332698822021,0.7585102319717407,-0.2040076106786728,0.3461683690547943,0.0125038754194974,0.8273941874504089,-0.0438829660415649,0.396915853023529,0.3064990937709808,0.8459476828575134,-0.1737750619649887,0.4265501499176025,0.0119505021721124,0.961541712284088
0.108647882938385,-0.5642966032028198,-0.3074214160442352,0.9999564290046692,0.0989664494991302,-0.605847179889679,-0.291372001171112,0.9998769164085388,0.0991093814373016,-0.6063449382781982,-0.2902680337429046,0.9998423457145692,0.0989143624901771,-0.6069295406341553,-0.2902816534042358,0.9998599290847778,0.0791215449571609,-0.5993801355361938,-0.3131325244903564,0.9999237060546876,0.0795919522643089,-0.6003360152244568,-0.3138294816017151,0.9999235272407532,0.0791215300559997,-0.6016442775726318,-0.3128224313259125,0.9999151825904846,0.0593738295137882,-0.6079211831092834,-0.1844460517168045,0.9995967149734496,-0.0302037335932254,-0.5898669958114624,-0.2893646359443664,0.9998970627784728,0.0974180847406387,-0.5455213785171509,-0.2668944597244262,0.999951720237732,0.0707767680287361,-0.5387215614318848,-0.295443058013916,0.9999734163284302,0.139101967215538,-0.4701634645462036,-0.0893718227744102,0.9999484419822692,-0.1171732544898986,-0.4029143452644348,-0.2905217111110687,0.999959409236908,0.2992028594017029,-0.3021197617053985,-0.0697067156434059,0.8941802382469177,-0.0477887988090515,-0.1354397684335708,-0.302679032087326,0.9933907985687256,0.4711988568305969,-0.1258836984634399,-0.1251249760389328,0.9604098796844482,0.0215282328426837,0.0965615436434745,-0.3427458107471466,0.9854087829589844,0.5236032605171204,-0.06717050075531,-0.1229692697525024,0.9346359372138976,0.0366519354283809,0.177905336022377,-0.3675442636013031,0.9723249673843384,0.513518214225769,-0.0518342815339565,-0.163011372089386,0.940929353237152,0.0711364969611167,0.1734211146831512,-0.381277859210968,0.9736493825912476,0.4746887385845184,-0.1029998436570167,-0.1400953829288482,0.9322720766067504,0.0415603220462799,0.1142385825514793,-0.3480310440063476,0.9645673036575316,0.0974614769220352,-0.0045478958636522,0.0648185312747955,0.9997970461845398,-0.0978488475084304,0.0039048579055815,-0.0630149096250534,0.9997608065605164,0.2401771694421768,0.3402678370475769,-0.0476996451616287,0.9291372299194336,-0.0066048349253833,0.2479582875967025,-0.1956666558980941,0.9783156514167786,-0.0022428059019148,0.2235839068889618,0.2439679354429245,0.7389616370201111,-0.1784878820180893,0.2677053809165954,0.0837695822119712,0.9104711413383484,-0.0285047497600317,0.2143692821264267,0.2885820567607879,0.6937277317047119,-0.1922286003828048,0.271568089723587,0.1288100481033325,0.786426842212677,-0.0357970148324966,0.2982442080974579,0.3779142796993255,0.7718542218208313,-0.167876660823822,0.3586888015270233,0.1879555135965347,0.9213752150535583
0.1458907425403595,-0.5303551554679871,-0.3722663521766662,0.9999563694000244,0.1326633691787719,-0.5730385184288025,-0.3555879890918731,0.9998760223388672,0.1329097598791122,-0.5733504295349121,-0.3545350730419159,0.999835193157196,0.1327124685049057,-0.5739709138870239,-0.3543228209018707,0.999858558177948,0.1147021204233169,-0.5660222172737122,-0.3790050745010376,0.99992698431015,0.1152499467134475,-0.5671036243438721,-0.3797459900379181,0.9999266266822816,0.1149473264813423,-0.5683339834213257,-0.3788892328739166,0.999919891357422,0.0827495008707046,-0.5728667974472046,-0.2480039298534393,0.9995729327201844,0.0042388681322336,-0.5556883811950684,-0.3644691407680511,0.9998998641967772,0.1306741088628769,-0.5095241665840149,-0.3332055509090423,0.9999527335166932,0.1074007302522659,-0.503242015838623,-0.3645216822624206,0.9999750256538392,0.1540994197130203,-0.4308990836143493,-0.1522002667188644,0.9999482035636902,-0.0831449702382087,-0.3700049221515655,-0.3752666711807251,0.9999613165855408,0.3023979663848877,-0.2416858673095703,-0.1489397436380386,0.9029158353805542,-0.0187815837562084,-0.1067424491047859,-0.3990647792816162,0.9926177263259888,0.4679159224033355,-0.0507363267242908,-0.221791073679924,0.9604314565658568,0.0829247459769249,0.1198124587535858,-0.4319549798965454,0.9846165776252748,0.5173087120056152,-0.0005789243732579,-0.2291689068078994,0.9337418675422668,0.0966114774346351,0.1941983848810196,-0.4629034698009491,0.9715040326118468,0.5048321485519409,0.0177093930542469,-0.2625187337398529,0.9403862357139589,0.141689196228981,0.1839461326599121,-0.4709624350070953,0.9727582931518556,0.469992458820343,-0.0272310972213745,-0.23548424243927,0.9321393370628356,0.1085688695311546,0.1351834684610366,-0.4344339370727539,0.962683379650116,0.0974540412425994,0.0003006456827279,0.0622018575668334,0.9998111128807068,-0.0978524312376976,-0.0008257189183495,-0.0603675879538059,0.9997830390930176,0.2210695892572403,0.3329003751277923,-0.0512188412249088,0.9242905378341676,-0.0174100194126367,0.0491173006594181,-0.3420711159706116,0.9772573113441468,-0.0135064115747809,0.249705970287323,0.2441834807395935,0.6859261989593506,-0.1567179411649704,0.2407103031873703,-0.0661128833889961,0.9034892916679382,-0.0372329205274581,0.2464299201965332,0.2837538123130798,0.647383451461792,-0.1675932258367538,0.2672497630119324,-0.0350251048803329,0.7851354479789734,-0.057497214525938,0.3149699568748474,0.3475208282470703,0.7224255800247192,-0.1501402407884597,0.3405532240867615,-0.0523502416908741,0.9157596826553344
0.1795642077922821,-0.486727625131607,-0.3782941699028015,0.9999561309814452,0.1679775863885879,-0.5321972966194153,-0.3601342141628265,0.9998766183853148,0.168154701590538,-0.5324997305870056,-0.3590956330299377,0.9998312592506408,0.1681392192840576,-0.5331173539161682,-0.3589469492435455,0.9998602271080016,0.1499893069267273,-0.5254148244857788,-0.3824941515922546,0.999929130077362,0.1507601141929626,-0.5265000462532043,-0.3831466436386108,0.9999279975891112,0.1505337953567505,-0.5276517868041992,-0.3825895190238952,0.999922811985016,0.1188772618770599,-0.5396146178245544,-0.2505019903182983,0.9995649456977844,0.0421030931174755,-0.524175226688385,-0.3645602762699127,0.999896228313446,0.1635787338018417,-0.4685573875904083,-0.3398733735084533,0.9999541640281676,0.1409328281879425,-0.4622732698917389,-0.3703725636005401,0.9999763369560242,0.1779378205537796,-0.3965333700180053,-0.1649872064590454,0.999946653842926,-0.0546037480235099,-0.339927464723587,-0.3733508586883545,0.9999551773071288,0.3176473677158355,-0.1805565506219864,-0.175162672996521,0.9106575846672058,0.0073480936698615,-0.0748216807842254,-0.4147302210330963,0.9898709058761596,0.4810013771057129,0.0329888351261615,-0.2382507622241974,0.9607420563697816,0.1080125197768211,0.1665151268243789,-0.4476653039455414,0.9826602935791016,0.5338470339775085,0.0786928385496139,-0.2490135431289672,0.9340745210647584,0.1197410896420478,0.2364650070667266,-0.4828122854232788,0.9690126776695251,0.5184406638145447,0.10164126008749,-0.2839621007442474,0.940785586833954,0.1696903258562088,0.2247533053159713,-0.4835700988769531,0.9699181914329528,0.4829679131507873,0.0582693219184875,-0.2518751919269562,0.9324708580970764,0.1369862705469131,0.1823970824480056,-0.4491933584213257,0.956345558166504,0.0986195802688598,0.0035483583342283,0.0537232346832752,0.9998099207878112,-0.0991764217615127,-0.0040848567150533,-0.0517489090561866,0.9997915625572203,0.2327909767627716,0.2732249796390533,-0.1752552837133407,0.9203591346740724,-0.0709303617477417,-0.0485846884548664,-0.3829735517501831,0.973343312740326,-0.0048291655257344,0.2342602312564849,0.1304348260164261,0.6482081413269043,-0.1290774494409561,0.2437906712293625,-0.1313716918230056,0.9032347202301024,-0.0261385384947061,0.2350019812583923,0.1634011715650558,0.6147015690803528,-0.1304208040237426,0.2803200483322143,-0.1070782020688057,0.7857932448387146,-0.0519225224852561,0.2994377315044403,0.164919912815094,0.6874271631240845,-0.1180882975459098,0.3481901288032532,-0.1869577765464782,0.9125563502311708
0.2239851355552673,-0.4353271126747131,-0.3877284526824951,0.9999542236328124,0.215482160449028,-0.482026070356369,-0.3695672154426574,0.9998757243156432,0.2156255692243576,-0.4824002385139465,-0.3685544729232788,0.9998266696929932,0.215757817029953,-0.482971578836441,-0.3685500025749206,0.9998624324798584,0.1967210918664932,-0.4757581055164337,-0.3912035822868347,0.999927580356598,0.1975987702608108,-0.4767061769962311,-0.3918438851833343,0.9999241828918456,0.1974979192018509,-0.4779424965381622,-0.3912691473960876,0.9999204277992249,0.1715179234743118,-0.4955447614192962,-0.2579577565193176,0.9995661973953248,0.0906124114990234,-0.4836929738521576,-0.3695712685585022,0.9998698830604552,0.2088220864534378,-0.4199605286121368,-0.3486106395721435,0.9999545812606812,0.1851100474596023,-0.4145816266536712,-0.3782540559768677,0.9999760985374452,0.2179074734449386,-0.3611713647842407,-0.1657793372869491,0.9999452829360962,-0.0122317597270011,-0.313265711069107,-0.3738347589969635,0.999927282333374,0.3371040523052215,-0.1333428472280502,-0.1881253272294998,0.91727477312088,0.0604838952422142,-0.0478118658065795,-0.4231702089309692,0.981988489627838,0.4922039806842804,0.087312176823616,-0.2431487441062927,0.9607305526733398,0.144363984465599,0.1990353018045425,-0.4539317786693573,0.9774007201194764,0.5453910231590271,0.1343908160924911,-0.2541335821151733,0.9342668652534484,0.149622157216072,0.2647773027420044,-0.4948866367340088,0.9625614881515504,0.5303589701652527,0.1585143506526947,-0.2921945750713348,0.9410725831985474,0.1994578689336776,0.2566817104816437,-0.4944474101066589,0.9628270268440248,0.4941825866699219,0.1132211908698082,-0.2577802240848541,0.9325618743896484,0.1720558106899261,0.2171194553375244,-0.4568434357643127,0.9429751634597778,0.0994488000869751,0.0065733171068131,0.0495096854865551,0.9997986555099488,-0.1000532358884811,-0.0071191904135048,-0.0474186018109321,0.9997804164886476,0.2713793516159057,0.1877810060977935,-0.2076907306909561,0.9214076995849608,-0.0668291747570037,-0.1103417724370956,-0.4172467887401581,0.972080409526825,0.0036419364623725,0.2130014300346374,0.0354159101843833,0.653303325176239,-0.104267694056034,0.222107246518135,-0.1643364131450653,0.908385157585144,-0.0179407615214586,0.2208762317895889,0.0601779147982597,0.6198499798774719,-0.1060848608613014,0.2634709775447845,-0.1418138891458511,0.7972343564033508,-0.051350399851799,0.2928483486175537,0.0276026707142591,0.6911829113960266,-0.0963391438126564,0.3284561932086944,-0.2357296049594879,0.9147167205810548
0.2331592440605163,-0.330684632062912,-0.4663417041301727,0.9999570846557616,0.2286654710769653,-0.3797338604927063,-0.4503340721130371,0.99988055229187,0.2288623601198196,-0.3802642226219177,-0.4491702318191528,0.9998322129249572,0.2290868014097213,-0.3807952105998993,-0.4492453932762146,0.9998659491539,0.2105418294668197,-0.3772033452987671,-0.4705788791179657,0.9999299645423888,0.2117348164319992,-0.3779879212379455,-0.4711027443408966,0.9999265670776368,0.2118425518274307,-0.3792935013771057,-0.4705683887004852,0.9999232292175292,0.1901573985815048,-0.4016306102275848,-0.3373330235481262,0.9995561838150024,0.1132768467068672,-0.4067970514297485,-0.4436404407024383,0.9998734593391418,0.2174359858036041,-0.3193172812461853,-0.4261815845966339,0.9999569654464722,0.1937318295240402,-0.3186516165733337,-0.4553901851177215,0.999977171421051,0.2317051142454147,-0.289324015378952,-0.23271444439888,0.999947428703308,-0.0085090082138776,-0.2642520070075989,-0.4319648444652557,0.9999284744262696,0.3207825720310211,-0.0501339510083198,-0.2546327114105224,0.9240995645523072,0.048336774110794,-0.0031949253752827,-0.4772963523864746,0.981795847415924,0.469437688589096,0.1701151430606842,-0.3006564676761627,0.9627792835235596,0.1310830116271972,0.2541694343090057,-0.5057466626167297,0.977968454360962,0.5213126540184021,0.2164054363965988,-0.3160048723220825,0.9376976490020752,0.1384018361568451,0.3242686688899994,-0.5544337630271912,0.963468372821808,0.5045156478881836,0.2368936240673065,-0.3558994829654693,0.9442253708839417,0.1972671002149582,0.3129931092262268,-0.54892498254776,0.9634926915168762,0.4698412120342254,0.1937067061662674,-0.316084086894989,0.9358478784561156,0.1629770845174789,0.2724048793315887,-0.5087512135505676,0.9424594640731812,0.1011034399271011,0.0063501065596938,0.0436752699315547,0.9997617602348328,-0.1018164530396461,-0.0068914266303181,-0.0412047058343887,0.9997776746749878,0.1854374408721923,0.0353070870041847,-0.1451184153556823,0.9124791026115416,-0.068747766315937,-0.0409689508378505,-0.4093118607997894,0.9725897908210754,0.0059546316042542,0.1735724508762359,0.1110214963555336,0.6582714915275574,-0.1339583545923233,0.1823743283748626,-0.1120008826255798,0.9137109518051147,-0.0071594794280827,0.1979752480983734,0.1354666054248809,0.6151200532913208,-0.1410806477069854,0.210801750421524,-0.085207499563694,0.8040633201599121,-0.0506180487573146,0.2710137069225311,0.1242282167077064,0.6922670602798462,-0.1865821182727813,0.2863242626190185,-0.1625130176544189,0.9169631600379944
0.2587654888629913,-0.2476444244384765,-0.562465488910675,0.9999610185623168,0.2560570240020752,-0.2970699369907379,-0.5511388182640076,0.9998911023139954,0.2563209533691406,-0.2975035607814789,-0.5499088764190674,0.9998469352722168,0.2566660642623901,-0.2984240055084228,-0.5496716499328613,0.9998775124549866,0.2396174073219299,-0.2956366240978241,-0.5712331533432007,0.9999364018440248,0.2409865856170654,-0.2960977852344513,-0.571458101272583,0.9999333024024964,0.2411998510360717,-0.2973232567310333,-0.571439802646637,0.9999303221702576,0.2154082655906677,-0.3264881074428558,-0.4440768659114837,0.9995874762535096,0.1460859924554824,-0.3332366943359375,-0.5547313094139099,0.9998850226402284,0.239223226904869,-0.2399231642484665,-0.5236191153526306,0.9999603033065796,0.2169671058654785,-0.2406736612319946,-0.5548107028007507,0.9999791979789734,0.2500994801521301,-0.2265751659870147,-0.3323194980621338,0.9999523162841796,0.0020318264141678,-0.2129910290241241,-0.5275797843933105,0.999935269355774,0.3254845440387726,0.0215382203459739,-0.3306282162666321,0.9309219121932985,0.0411002710461616,0.0481448248028755,-0.5510907769203186,0.9805540442466736,0.4610800743103027,0.2665573954582214,-0.3913986086845398,0.9641951322555542,0.1389180272817611,0.3181567192077636,-0.5909543037414551,0.9759143590927124,0.5137860178947449,0.3071299493312835,-0.4188972115516662,0.9391365051269532,0.1587127596139907,0.3837292492389679,-0.6499865055084229,0.9600471258163452,0.4938204288482666,0.3253692388534546,-0.4545693099498749,0.94578218460083,0.2223272025585174,0.3714042603969574,-0.6482221484184265,0.9597111344337464,0.4593360722064972,0.290040522813797,-0.4067318141460418,0.9366884231567384,0.1747852563858032,0.3351346850395202,-0.5957363843917847,0.93192857503891,0.1011335924267768,0.0063268733210861,0.0440980568528175,0.9997782707214355,-0.1018309965729713,-0.0069485446438193,-0.0415135882794857,0.9997994899749756,0.1423745304346084,0.1429035812616348,0.2413099557161331,0.8689481019973755,-0.072028562426567,0.0341299697756767,-0.3455672562122345,0.9731311798095704,0.0125493966042995,0.2363951504230499,0.6409888863563538,0.6210265159606934,-0.1779907047748565,0.2352043688297271,-0.0733857378363609,0.9181184768676758,0.0073993988335132,0.2536877989768982,0.6823528409004211,0.5714998841285706,-0.1920726150274276,0.2616707384586334,-0.0485257096588611,0.7939047813415527,-0.0211897492408752,0.3366359174251556,0.6742624640464783,0.6615952253341675,-0.2096690982580185,0.351099818944931,-0.1232119128108024,0.9207693934440612
0.2628659605979919,-0.1885046660900116,-0.6482611298561096,0.999946653842926,0.2655841708183288,-0.237614020705223,-0.6383260488510132,0.9998657703399658,0.2659765779972076,-0.2380292117595672,-0.6371509432792664,0.9997994303703308,0.2662300169467926,-0.238636702299118,-0.6371025443077087,0.9998614192008972,0.2461582273244857,-0.2361251562833786,-0.65613853931427,0.9999265670776368,0.2473460584878921,-0.2364000231027603,-0.656710147857666,0.9999175667762756,0.2475464344024658,-0.2376210987567901,-0.6563518643379211,0.9999209642410278,0.2354604005813598,-0.2599842846393585,-0.5278614163398743,0.9994751811027528,0.147416889667511,-0.2610645890235901,-0.6157864332199097,0.9998214840888976,0.2477034330368042,-0.176969438791275,-0.6060112714767456,0.9999370574951172,0.2198628038167953,-0.1761672496795654,-0.6313602924346924,0.9999622106552124,0.265294462442398,-0.1738514751195907,-0.4053152799606323,0.9999522566795348,0.0036017426755279,-0.1435083597898483,-0.5629837512969971,0.9999207258224488,0.3291183412075043,0.0748935490846633,-0.3929451704025268,0.9363709092140198,0.0228117071092128,0.118072360754013,-0.5828326940536499,0.9796261191368104,0.4502623677253723,0.3321268856525421,-0.451168417930603,0.9650059342384338,0.1134568899869918,0.3768996298313141,-0.6400668621063232,0.9748143553733826,0.5010836720466614,0.3726499080657959,-0.479680448770523,0.9395943284034728,0.13058802485466,0.4391820430755615,-0.6985278725624084,0.9578456878662108,0.4847345948219299,0.3877868056297302,-0.5178942084312439,0.946581244468689,0.1939122080802917,0.419367253780365,-0.7017888426780701,0.9570165872573853,0.4492042958736419,0.3522336184978485,-0.4678393602371216,0.9375625848770142,0.1475903689861297,0.388757973909378,-0.6479935646057129,0.926375687122345,0.1013067960739135,0.0060889185406267,0.0406409576535224,0.9997754096984864,-0.1019904315471649,-0.0068242787383496,-0.0380370877683162,0.999792456626892,0.1242579892277717,0.2571794092655182,0.1751398146152496,0.8458893895149231,-0.1228497102856636,0.2167529016733169,0.1308025568723678,0.9504384398460388,0.0057179415598511,0.2680762708187103,0.5429069399833679,0.5994009375572205,-0.2764730751514435,0.2441998571157455,0.5076153874397278,0.9092841744422911,0.0061638019979,0.2834295630455017,0.5817407369613647,0.5419347286224365,-0.2920450270175934,0.2920667231082916,0.5418077111244202,0.7659474015235901,-0.0390687435865402,0.3519808948040008,0.5702303647994995,0.6538425087928772,-0.3075689971446991,0.4080623984336853,0.4974768757820129,0.9091756939888
0.2755340933799743,-0.1571614295244217,-0.6502329707145691,0.999941885471344,0.2845427691936493,-0.2027032375335693,-0.6427822113037109,0.9998569488525392,0.2849569618701935,-0.2031118124723434,-0.6417310237884521,0.999781608581543,0.2852509617805481,-0.2037054598331451,-0.6415348052978516,0.9998576045036316,0.2635417282581329,-0.202601820230484,-0.6609350442886353,0.9999236464500428,0.2646529376506805,-0.2028923779726028,-0.6615850925445557,0.9999117255210876,0.2649293541908264,-0.2041317671537399,-0.6611038446426392,0.9999186992645264,0.2653485536575317,-0.2326162904500961,-0.5346713662147522,0.9994333982467652,0.1707109361886978,-0.2412984669208526,-0.6237689256668091,0.999805510044098,0.2629697024822235,-0.1503138989210128,-0.6071078181266785,0.9999266266822816,0.2333017587661743,-0.1522012501955032,-0.6325546503067017,0.9999555945396424,0.2930956482887268,-0.1584024429321289,-0.4082518517971039,0.9999539256095886,0.0207027811557054,-0.1477302312850952,-0.57015061378479,0.999918520450592,0.3427697122097015,0.0958993732929229,-0.3971031308174133,0.941333830356598,0.0183219984173774,0.1119418665766716,-0.590755820274353,0.9784101843833924,0.4447625875473022,0.3532526791095733,-0.461810827255249,0.9660789370536804,0.0948028713464737,0.3576651215553283,-0.6524186730384827,0.9732654690742492,0.4937551319599151,0.3949754536151886,-0.4873919486999511,0.9406937956809998,0.108586311340332,0.4163423776626587,-0.7138936519622803,0.9552803635597228,0.479423850774765,0.4087737798690796,-0.5280125737190247,0.947843074798584,0.1693640202283859,0.4003355801105499,-0.7163662314414978,0.9542226195335388,0.4435929656028747,0.3737008571624756,-0.4792071878910064,0.9391337633132936,0.1270714849233627,0.3710537850856781,-0.6599745750427246,0.9216151237487792,0.101415991783142,0.0084930183365941,0.0417520441114902,0.9997718334197998,-0.1020770668983459,-0.0095025403425097,-0.0392333045601844,0.999801516532898,0.1079660579562187,0.3194848299026489,0.1545199304819107,0.8065070509910583,-0.1362074315547943,0.2116334438323974,-0.0067474916577339,0.9447101950645448,-0.0216564368456602,0.2776004374027252,0.5337270498275757,0.5629314184188843,-0.2835692465305328,0.2781512439250946,0.3238535821437835,0.9084986448287964,-0.0237235203385353,0.2877573370933532,0.573173999786377,0.5083576440811157,-0.3000069558620453,0.3091368675231933,0.355773776769638,0.758293092250824,-0.0644019693136215,0.3656293153762817,0.5780545473098755,0.626360297203064,-0.320499986410141,0.4163179695606231,0.314696192741394,0.9066425561904908
0.292157232761383,-0.1684967577457428,-0.6543816328048706,0.9999367594718932,0.3040066659450531,-0.2143308967351913,-0.6461904048919678,0.9998396635055542,0.3045733869075775,-0.2145823091268539,-0.6453445553779602,0.9997602701187134,0.3049081265926361,-0.2152607291936874,-0.6450835466384888,0.9998486638069152,0.2815150916576385,-0.2154681533575058,-0.6643849611282349,0.9999171495437622,0.2824941277503967,-0.2157074213027954,-0.6650939583778381,0.9999049305915833,0.2828698754310608,-0.2170227766036987,-0.6644229292869568,0.9999138712882996,0.2897982597351074,-0.2420612275600433,-0.5307655334472656,0.999395787715912,0.1893030256032943,-0.2569766938686371,-0.6212584376335144,0.9997875094413756,0.2812429964542389,-0.1588362157344818,-0.6083389520645142,0.9999080300331116,0.2501013875007629,-0.1632627695798874,-0.6335669755935669,0.9999472498893738,0.3146162331104278,-0.1565847396850586,-0.3986962735652923,0.9999508261680604,0.0412978753447532,-0.1605791002511978,-0.566848635673523,0.9999074339866638,0.3648974001407623,0.087423637509346,-0.3839706778526306,0.9454755187034608,0.0274690091609954,0.0878630951046943,-0.5840991139411926,0.9773251414299012,0.4507397711277008,0.3443041443824768,-0.452717512845993,0.9668877124786376,0.0987478196620941,0.3321490585803985,-0.6366580724716187,0.9701102375984192,0.4937285780906677,0.3905628025531769,-0.4757686257362366,0.9406665563583374,0.1094180941581726,0.394395112991333,-0.6923878192901611,0.9490691423416138,0.4765816628932953,0.4040540754795074,-0.5125376582145691,0.9483409523963928,0.1677965223789215,0.3843841552734375,-0.6932374238967896,0.9483619332313538,0.4467931389808655,0.3656219244003296,-0.4685136675834656,0.9396458268165588,0.1284978985786438,0.3483392596244812,-0.641548752784729,0.911862015724182,0.1010315343737602,0.0168803539127111,0.0448633767664432,0.9996827840805054,-0.1015306860208511,-0.0180431306362152,-0.0424009449779987,0.9997982382774352,0.0869146808981895,0.3349204957485199,0.1552817821502685,0.7735122442245483,-0.1244957819581031,0.2063277661800384,-0.0807088911533355,0.9455258250236512,-0.0804485529661178,0.2775783538818359,0.5117403268814087,0.5354878902435303,-0.3174833357334137,0.2712489068508148,0.2189185172319412,0.9135899543762208,-0.0906316116452217,0.2858750224113464,0.5477003455162048,0.4822140634059906,-0.3419920206069946,0.2951268255710602,0.2488442659378051,0.7636258006095886,-0.118994116783142,0.3663223087787628,0.5518927574157715,0.6040235161781311,-0.3566224277019501,0.4011052548885345,0.1992694735527038,0.911093294620514
0.3262772858142853,-0.1758233904838562,-0.6389206051826477,0.9999272227287292,0.3326700627803802,-0.2201407849788665,-0.6291439533233643,0.999813199043274,0.3333009779453277,-0.2202680706977844,-0.6283203959465027,0.9997300505638124,0.3336639702320099,-0.2209363132715225,-0.6280759572982788,0.9998372197151184,0.3114993274211883,-0.2212094217538833,-0.649493396282196,0.9999067187309264,0.3123747110366821,-0.2213082611560821,-0.6502238512039185,0.999893307685852,0.3128717541694641,-0.2226383835077285,-0.6495437622070312,0.999904990196228,0.3060003221035003,-0.2348825335502624,-0.5150268077850342,0.9993691444396972,0.2110014855861663,-0.2480836808681488,-0.6134506464004517,0.9997411966323853,0.3131160140037536,-0.1599135994911193,-0.5941091775894165,0.9998836517333984,0.2836131751537323,-0.1638793647289276,-0.6213963031768799,0.9999290704727172,0.3285062611103058,-0.1387382000684738,-0.3884967863559723,0.9999341368675232,0.0559678338468074,-0.1449446827173233,-0.564368724822998,0.9997920989990234,0.3722676932811737,0.0988364070653915,-0.3595546185970306,0.9485592842102052,0.0301485210657119,0.0936741232872009,-0.5742387771606445,0.9763075709342957,0.4485922455787658,0.3580640256404876,-0.422737717628479,0.9673553109169006,0.0973100662231445,0.3464618027210235,-0.6117115020751953,0.9662686586380004,0.4907457828521728,0.4048264920711517,-0.4462492763996124,0.940290629863739,0.1065903007984161,0.4108434915542602,-0.6655809283256531,0.9415419697761536,0.47381392121315,0.4179015159606933,-0.4805891811847687,0.9486638307571412,0.1645727753639221,0.4049241840839386,-0.6669936180114746,0.94138365983963,0.4442633986473083,0.3792209029197693,-0.4374319612979889,0.9399882555007936,0.1263053119182586,0.3645709455013275,-0.6166113615036011,0.9015107154846193,0.1008558273315429,0.0220092236995697,0.0477065704762935,0.9993589520454408,-0.1012393161654472,-0.023301426321268,-0.0453369952738285,0.9996654391288756,0.0777472853660583,0.3334218561649322,0.1343673467636108,0.7529982924461365,-0.1407585144042968,0.2028820663690567,-0.0356087051331996,0.9444093704223632,-0.1220877319574356,0.2665037512779236,0.4620225727558136,0.5244952440261841,-0.3622355759143829,0.2551305592060089,0.274867981672287,0.9162895679473876,-0.1375783234834671,0.2728522717952728,0.4960996210575104,0.4652186930179596,-0.3889569044113159,0.2772959768772125,0.3051794767379761,0.7615327835083008,-0.1805284470319748,0.3585621416568756,0.5011550784111023,0.59660804271698,-0.4095752537250519,0.3909537196159363,0.2668884098529815,0.91165429353714
0.3371419310569763,-0.1333898454904556,-0.6547814607620239,0.9998258352279664,0.3452413082122803,-0.1817660331726074,-0.6469858884811401,0.99958735704422,0.3458590805530548,-0.1817181408405304,-0.6461399793624878,0.9994055032730104,0.3462944030761719,-0.1825240850448608,-0.646067202091217,0.9997156262397766,0.3238356113433838,-0.1822720617055893,-0.668414831161499,0.9998221397399902,0.3245860636234283,-0.1820365786552429,-0.6691552996635437,0.9997790455818176,0.3251007497310638,-0.1833623349666595,-0.6684421896934509,0.9998188018798828,0.3150906562805176,-0.208848774433136,-0.5335882306098938,0.9989194273948668,0.2150556594133377,-0.2179706990718841,-0.635648250579834,0.9991477131843568,0.3218917846679687,-0.1214232966303825,-0.6090431213378906,0.99973326921463,0.2908544838428497,-0.1247993633151054,-0.6376791000366211,0.9997998476028442,0.339916467666626,-0.132401242852211,-0.3991002142429352,0.9999008774757384,0.0473909117281436,-0.1221379414200782,-0.5798080563545227,0.999502658843994,0.3880152106285095,0.1055095121264457,-0.348177433013916,0.9488417506217957,0.0268522016704082,0.1186394989490509,-0.5852978229522705,0.9733933806419371,0.4478784501552582,0.3631915748119354,-0.3975732624530792,0.9647720456123352,0.0958255678415298,0.3747307658195495,-0.6171752214431763,0.9593513011932372,0.479480504989624,0.4055279493331909,-0.4209021329879761,0.9337674975395204,0.0896593779325485,0.4376578629016876,-0.6721079349517822,0.9283063411712646,0.4538561701774597,0.4151903390884399,-0.4565767347812652,0.9442113637924194,0.1493646055459976,0.4296900629997253,-0.6756861209869385,0.9286404252052308,0.4395117163658142,0.3819491267204284,-0.4120329022407532,0.9347292184829712,0.1214272305369377,0.3923351466655731,-0.6234362721443176,0.8834506273269653,0.1020684167742729,0.0224266722798347,0.048651747405529,0.998730719089508,-0.1021764352917671,-0.02383922226727,-0.0462614893913269,0.9993048906326294,0.0480796545743942,0.3293478488922119,0.2127656489610672,0.7284259796142578,-0.1857233047485351,0.2029601484537124,0.1847940385341644,0.929039716720581,-0.1259241700172424,0.2242632955312729,0.5076595544815063,0.5094894766807556,-0.4010687172412872,0.2700202465057373,0.5015897750854492,0.9127869606018066,-0.1386851519346237,0.2282599657773971,0.5412608981132507,0.4486290514469147,-0.4271144866943359,0.2935479283332824,0.5317022800445557,0.7512634992599487,-0.1888937205076217,0.3134214878082275,0.5574631094932556,0.592596173286438,-0.4458468556404114,0.3935607671737671,0.5015544295310974,0.9076117277145386
0.3361512422561645,-0.1259554475545883,-0.685940682888031,0.9997434616088868,0.3475430309772491,-0.1723106503486633,-0.6765890121459961,0.9993993043899536,0.3481785356998443,-0.1722055375576019,-0.675783097743988,0.9991350173950196,0.3487007021903991,-0.1730327010154724,-0.6757747530937195,0.9995996952056884,0.3240208923816681,-0.1763912439346313,-0.6956182718276978,0.9997485280036926,0.3247572183609009,-0.1760661303997039,-0.696393609046936,0.9996891617774964,0.3253681659698486,-0.1773800551891327,-0.6955394148826599,0.999750018119812,0.3286838829517364,-0.1910620331764221,-0.5542575716972351,0.9984277486801147,0.2185657620429992,-0.2157274931669235,-0.6436083316802979,0.9987071752548218,0.3251617848873138,-0.1103780642151832,-0.6369737386703491,0.999593198299408,0.2910096943378448,-0.1186875775456428,-0.661988377571106,0.9996892213821412,0.3554254472255707,-0.1063161045312881,-0.4032571911811828,0.9998726844787598,0.0556986443698406,-0.1253741532564163,-0.5831770896911621,0.9992833733558656,0.3917780518531799,0.1322856694459915,-0.3438363969326019,0.9494962692260742,0.0249342769384384,0.1147863417863845,-0.5807700157165527,0.9731205701828004,0.44192835688591,0.3854512572288513,-0.3988125920295715,0.9633992314338684,0.0880718305706977,0.3751939535140991,-0.621975839138031,0.9571404457092284,0.4660419523715973,0.4276707172393799,-0.423757255077362,0.9296231269836426,0.0739935263991355,0.4398985505104065,-0.6777217984199524,0.9223524928092957,0.4394690096378326,0.4350738823413849,-0.4596768915653229,0.9414370656013488,0.1345820277929306,0.4337778389453888,-0.6813819408416748,0.9229235649108888,0.4311608672142029,0.4023970365524292,-0.4131224453449249,0.931601345539093,0.1119081825017929,0.3936656415462494,-0.6276437044143677,0.8746938109397888,0.1020550280809402,0.0299312155693769,0.0493244491517543,0.9984672665596008,-0.1021315231919288,-0.031474370509386,-0.0468943230807781,0.9991012811660768,-0.0425472743809223,0.3251360058784485,0.2127423584461212,0.7116773128509521,-0.2305708676576614,0.2096767574548721,0.1680548638105392,0.9198949337005616,-0.2116514891386032,0.2427319586277008,0.5179089307785034,0.4992593228816986,-0.4272070825099945,0.2770829498767853,0.486318439245224,0.9083040356636048,-0.2262853533029556,0.2491437494754791,0.5511139035224915,0.4375669062137604,-0.4529669284820556,0.3013114631175995,0.5165658593177795,0.7407875657081604,-0.2779179215431213,0.3322655260562897,0.5508538484573364,0.5923188328742981,-0.4739578068256378,0.4057406187057495,0.4752705693244934,0.903386890888214
0.3598510324954986,-0.1189800351858139,-0.6724442839622498,0.999729573726654,0.3700500130653381,-0.1636341661214828,-0.6614132523536682,0.9993446469306946,0.3706337213516235,-0.1634933352470398,-0.6606166362762451,0.999062716960907,0.3712699115276336,-0.1643174737691879,-0.6606173515319824,0.9995704293251038,0.3473279178142547,-0.1692322939634323,-0.6808335781097412,0.9997274875640868,0.3480291366577148,-0.1688296496868133,-0.6815284490585327,0.9996635317802428,0.3487750291824341,-0.1700526922941208,-0.6807040572166443,0.9997272491455078,0.3466683328151703,-0.1748153418302536,-0.5368949174880981,0.9983149170875548,0.2398268580436706,-0.2055465877056121,-0.6273987293243408,0.998492956161499,0.3473671078681946,-0.0999858006834983,-0.6233255863189697,0.9995526671409608,0.3140865862369537,-0.1102589517831802,-0.648884117603302,0.9996488690376282,0.3682291507720947,-0.0920431241393089,-0.3860513865947723,0.9998550415039062,0.0710332095623016,-0.1117697060108184,-0.572656512260437,0.99905925989151,0.4107756316661834,0.1420699954032898,-0.3278762102127075,0.952426552772522,0.0342998504638671,0.1392759084701538,-0.5649469494819641,0.9738643169403076,0.441612184047699,0.373042345046997,-0.3908115923404693,0.9650883078575134,0.0842299163341522,0.3990058898925781,-0.6014719009399414,0.9582048058509828,0.4591314494609833,0.4088085293769836,-0.4201253652572632,0.9314510822296144,0.0734636932611465,0.4607023596763611,-0.6561421751976013,0.9225109815597534,0.4304608404636383,0.410478800535202,-0.4552288651466369,0.9432798624038696,0.1340246051549911,0.454032152891159,-0.6593778133392334,0.9232579469680786,0.4286563396453857,0.3863297700881958,-0.4007881879806518,0.9335291385650636,0.109144702553749,0.4166632890701294,-0.6069409847259521,0.8743683695793152,0.1020580902695655,0.0324364900588989,0.0526740700006485,0.9981926679611206,-0.1021094396710395,-0.0339595004916191,-0.0502255596220493,0.998910427093506,-0.0376803465187549,0.3246287405490875,0.2457150518894195,0.7049921751022339,-0.2320234179496765,0.2174154222011566,0.1725348234176635,0.9176495671272278,-0.2072944194078445,0.2458776086568832,0.5592913627624512,0.4936710298061371,-0.4484588801860809,0.280822217464447,0.4754349589347839,0.9107584357261658,-0.2233500182628631,0.2535967230796814,0.5939147472381592,0.4292431175708771,-0.4768595099449157,0.303619921207428,0.5049383044242859,0.742821991443634,-0.2772709727287292,0.340200811624527,0.6030874848365784,0.5950589179992676,-0.5018451809883118,0.4245857000350952,0.4636562764644623,0.9057074189186096
0.3712599575519562,-0.1193236336112022,-0.6656347513198853,0.999727725982666,0.3792692422866821,-0.1625513434410095,-0.6548913717269897,0.9993197917938232,0.3797868192195892,-0.1623757183551788,-0.6541236042976379,0.9990352392196656,0.3804472088813782,-0.1631392687559127,-0.6540990471839905,0.999559998512268,0.3562445640563965,-0.1687387973070144,-0.6737375259399414,0.9997178316116332,0.3569257259368896,-0.168365478515625,-0.6744360327720642,0.9996508955955504,0.3577509522438049,-0.1695141792297363,-0.6736661791801453,0.999716341495514,0.3553869128227234,-0.1627552360296249,-0.531380295753479,0.9983149170875548,0.2478543370962143,-0.1966140568256378,-0.6192575097084045,0.9983736872673036,0.3596875667572021,-0.0953691080212593,-0.6167920231819153,0.9995405673980712,0.3263112604618072,-0.1066130399703979,-0.6417086720466614,0.9996335506439208,0.380323588848114,-0.0726943835616111,-0.382317841053009,0.9998415112495422,0.088660329580307,-0.1031688228249549,-0.5672865509986877,0.9990001320838928,0.4221710860729217,0.1617996245622635,-0.3233541250228882,0.9552187323570251,0.0529001280665397,0.1408154219388961,-0.5556963682174683,0.9748916029930116,0.4405514597892761,0.3913124799728393,-0.3809899985790252,0.9668072462081908,0.0840477496385574,0.3995341062545776,-0.5916256308555603,0.9601839780807496,0.4545319676399231,0.4249263405799866,-0.4083794057369232,0.9336873292922974,0.0733699351549148,0.4581111669540405,-0.6458536386489868,0.9248541593551636,0.4236721992492676,0.4234613478183746,-0.442999005317688,0.9453523755073548,0.1336521953344345,0.4534746706485748,-0.6493849158287048,0.92570561170578,0.4253039062023163,0.403189480304718,-0.3926022350788116,0.9356849789619446,0.1083153411746025,0.4175387620925903,-0.5971084237098694,0.877529501914978,0.1014958173036575,0.0335706584155559,0.0550677776336669,0.997933566570282,-0.1013194024562835,-0.0350468009710311,-0.0526786297559738,0.9987964630126952,-0.0212691742926836,0.3100150823593139,0.2468261569738388,0.6948275566101074,-0.2242738604545593,0.2220042645931244,0.1769421696662902,0.9150285720825196,-0.1940490305423736,0.2419895678758621,0.5601747035980225,0.487590491771698,-0.445387452840805,0.285726398229599,0.4719126522541046,0.9119139313697816,-0.2111343145370483,0.2506603896617889,0.5946362614631653,0.422648936510086,-0.4748197793960571,0.307360827922821,0.5003098249435425,0.7427818179130554,-0.2651515305042267,0.3406209349632263,0.6033044457435608,0.5959221124649048,-0.5035041570663452,0.4371660053730011,0.4594510197639465,0.9067516922950744
0.382983386516571,-0.1250345855951309,-0.6492720246315002,0.9997285604476928,0.3934561610221863,-0.168371632695198,-0.6378471851348877,0.999302327632904,0.393932968378067,-0.1682080328464508,-0.6370589733123779,0.9990224242210388,0.3946214318275451,-0.1689376831054687,-0.6369942426681519,0.9995543956756592,0.3685112595558166,-0.1757816672325134,-0.6559388041496277,0.9997068643569946,0.3691673576831817,-0.1754564046859741,-0.6566206216812134,0.9996373653411864,0.3700785934925079,-0.1765838265419006,-0.6558613777160645,0.999701976776123,0.3759029805660248,-0.1650416404008865,-0.514957845211029,0.9983468055725098,0.2615058720111847,-0.205097422003746,-0.6043738722801208,0.9982503056526184,0.3733825981616974,-0.0986609011888504,-0.6007508039474487,0.999541699886322,0.3380201756954193,-0.1118062362074852,-0.6248687505722046,0.9996235966682434,0.3964800536632538,-0.0629355311393737,-0.3726848363876343,0.9998369216918944,0.1033333465456962,-0.1112803295254707,-0.558384358882904,0.9989444017410278,0.4270864427089691,0.1722238361835479,-0.2983078956604004,0.9582143425941468,0.0594034045934677,0.1309385150671005,-0.5216031074523926,0.9758920669555664,0.440127819776535,0.4074455499649048,-0.3458362817764282,0.9689810872077942,0.0836831405758857,0.3935163021087646,-0.5468721389770508,0.9622215032577516,0.4552223086357116,0.4420739412307739,-0.3728137612342834,0.9374051690101624,0.0731770247220993,0.4533427059650421,-0.6030827164649963,0.9276463985443116,0.4258224070072174,0.4414028823375702,-0.405549019575119,0.9485504627227784,0.133348673582077,0.4502311646938324,-0.6042191982269287,0.9285897612571716,0.4256819188594818,0.4200910925865173,-0.3569626808166504,0.9392847418785096,0.1078641563653945,0.4123330116271972,-0.5508885979652405,0.8813371658325195,0.1004991754889488,0.0368611998856067,0.0574290379881858,0.9977512955665588,-0.1000918000936508,-0.0381954051554203,-0.0550934858620166,0.998682141304016,-0.0161114372313022,0.3097999095916748,0.2157725542783737,0.687988817691803,-0.2112581729888916,0.2260138988494873,0.1327776163816452,0.913909912109375,-0.1855302155017852,0.2413764894008636,0.5313608050346375,0.4788534045219421,-0.4364676475524902,0.287629634141922,0.4247355163097381,0.9140140414237976,-0.2032269090414047,0.2494798749685287,0.5657699704170227,0.417192131280899,-0.4674167931079864,0.3105259835720062,0.45268115401268,0.7471504807472229,-0.2602856159210205,0.3409951329231262,0.5790900588035583,0.5912075638771057,-0.4980371594429016,0.4409942328929901,0.4161820411682129,0.9083253145217896
0.3902363181114197,-0.120500847697258,-0.6406313180923462,0.9997382164001464,0.398478239774704,-0.1640646755695343,-0.6295362710952759,0.9993129968643188,0.3989648520946502,-0.1638685464859008,-0.628777027130127,0.9990436434745787,0.3996579945087433,-0.1645497828722,-0.6287133097648621,0.9995644688606262,0.373723417520523,-0.1711239367723465,-0.6478339433670044,0.9997101426124572,0.3743355274200439,-0.1707689017057418,-0.648541271686554,0.9996410012245178,0.3752842843532562,-0.1718724966049194,-0.6477664709091187,0.9997026324272156,0.3776648044586181,-0.1588923335075378,-0.5074234008789062,0.998433232307434,0.2645339667797088,-0.1976141482591629,-0.5961214303970337,0.9982532262802124,0.3802036941051483,-0.0925741419196128,-0.592256486415863,0.9995601177215576,0.3454075455665588,-0.1055030077695846,-0.6166576147079468,0.99963116645813,0.4003813862800598,-0.056989450007677,-0.3676724433898926,0.9998329877853394,0.1082420274615287,-0.1034499406814575,-0.5504921078681946,0.9989590048789978,0.4269139468669891,0.1822513043880462,-0.2761089503765106,0.960609495639801,0.0629507899284362,0.1381213963031768,-0.5072996616363525,0.9769551157951356,0.4397464096546173,0.4196637868881225,-0.3001266419887543,0.9708057641983032,0.086368627846241,0.4046511352062225,-0.5238058567047119,0.96450537443161,0.4555347859859466,0.4507417380809784,-0.3224606215953827,0.9404197335243224,0.0749987661838531,0.4627162516117096,-0.5817245841026306,0.9311052560806274,0.4256166815757751,0.4507797956466675,-0.3551851511001587,0.9511696696281432,0.1345264166593551,0.458953857421875,-0.5822742581367493,0.9321265816688538,0.4246401786804199,0.4327475130558014,-0.3111260831356048,0.9422253966331482,0.1105703860521316,0.4230452179908752,-0.5279332399368286,0.886536717414856,0.0982783213257789,0.0363427624106407,0.0610910207033157,0.9975787997245787,-0.0976137667894363,-0.0376309901475906,-0.0588288567960262,0.9986487030982972,-0.0372453294694423,0.2968234419822693,0.2391746044158935,0.6773953437805176,-0.2095194160938263,0.236982986330986,0.1422463506460189,0.9147066473960876,-0.2005436867475509,0.2443865537643432,0.5640817284584045,0.4691970646381378,-0.4390724003314972,0.2888137102127075,0.4374874830245971,0.9164815545082092,-0.2180582284927368,0.2532048225402832,0.5996559858322144,0.4119042158126831,-0.4705552756786346,0.312423825263977,0.4665225148200989,0.754501223564148,-0.2656246721744537,0.3438926935195923,0.6231114268302917,0.5856042504310608,-0.5012889504432678,0.4426466822624206,0.438193529844284,0.9103125929832458
0.3831302225589752,-0.0994649305939674,-0.6482011079788208,0.9997514486312866,0.3923892974853515,-0.1441061794757843,-0.636739194393158,0.9993412494659424,0.392876386642456,-0.1439011245965957,-0.635980486869812,0.9990822076797484,0.3935583233833313,-0.1445629298686981,-0.6359592080116272,0.9995840787887572,0.3672425448894501,-0.1517547816038131,-0.6552636027336121,0.9997214078903198,0.3678424954414367,-0.1513765603303909,-0.6559906005859375,0.9996532201766968,0.3687987327575683,-0.152420237660408,-0.655174970626831,0.9997127056121826,0.3719657659530639,-0.1430770307779312,-0.5114846229553223,0.9985311031341552,0.257144570350647,-0.1843083202838897,-0.5982449054718018,0.9983014464378356,0.3725689947605133,-0.0724634528160095,-0.5980051755905151,0.9995802044868468,0.3373713195323944,-0.0863941460847854,-0.6226330399513245,0.9996434450149536,0.3938052058219909,-0.0502311438322067,-0.3625462055206299,0.9998210668563844,0.1006677448749542,-0.0897391438484191,-0.5481827855110168,0.9989420175552368,0.4202285408973694,0.1897192299365997,-0.2638605833053589,0.9614195227622986,0.0567506626248359,0.1507919579744339,-0.50754314661026,0.9778294563293456,0.4338846802711487,0.422407865524292,-0.2763076424598694,0.971199095249176,0.0853174924850463,0.4217421114444732,-0.5284931659698486,0.9662931561470032,0.4532829523086548,0.4500492513179779,-0.2959855794906616,0.9404294490814208,0.0750685706734657,0.4790792465209961,-0.5853546857833862,0.9333845376968384,0.4230670928955078,0.4497649073600769,-0.3301867842674255,0.9514267444610596,0.1357791572809219,0.4729335308074951,-0.5864396095275879,0.934490203857422,0.4193539619445801,0.4350175559520721,-0.2878219485282898,0.9424502849578856,0.1101916059851646,0.4391997456550598,-0.5328347086906433,0.8895998597145081,0.0971991494297981,0.0356513746082782,0.0631427615880966,0.9974231123924256,-0.0964011773467063,-0.0369190722703933,-0.0609108656644821,0.998611867427826,-0.023641437292099,0.2953099310398102,0.2344237864017486,0.6679627299308777,-0.2037753760814666,0.2510862052440643,0.1462708562612533,0.9148594737052916,-0.1893013417720794,0.2466681152582168,0.5619741678237915,0.4604197740554809,-0.4374815821647644,0.299251526594162,0.4462243616580963,0.9192525744438172,-0.2067292928695678,0.2553654611110687,0.5977998971939087,0.4068179428577423,-0.4699919819831848,0.31893190741539,0.476081520318985,0.7618906497955322,-0.25395667552948,0.345355749130249,0.6254835724830627,0.5804827809333801,-0.5054041147232056,0.4484373033046722,0.4549590349197387,0.9126703143119812
0.376765489578247,-0.0952361747622489,-0.6555438041687012,0.9997575879096984,0.3879794180393219,-0.1384834349155426,-0.6435527801513672,0.9993512630462646,0.3884643912315368,-0.1383055597543716,-0.6428021788597107,0.99909508228302,0.3891461789608001,-0.1389476805925369,-0.6428231596946716,0.999591588973999,0.3626662790775299,-0.1474100351333618,-0.6608455181121826,0.9997249245643616,0.3632423281669616,-0.1470203846693039,-0.6615645289421082,0.9996551871299744,0.3642029166221618,-0.1480628401041031,-0.6607592105865479,0.9997141361236572,0.3694944083690643,-0.1361878812313079,-0.516608715057373,0.9985910654067992,0.2535529136657715,-0.1829576641321182,-0.5976303815841675,0.998305082321167,0.3658575415611267,-0.0684349536895752,-0.6048470139503479,0.9995874166488647,0.3305014967918396,-0.083967886865139,-0.627875566482544,0.9996435642242432,0.3888162672519684,-0.0458778105676174,-0.3595532476902008,0.9998035430908204,0.0941736102104187,-0.0904040932655334,-0.5453914999961853,0.9989007711410522,0.4185605943202972,0.1967873722314834,-0.2575235664844513,0.9621212482452391,0.0543526113033294,0.1527857333421707,-0.5071678757667542,0.9780119061470032,0.4307557642459869,0.4318253099918365,-0.2709680795669555,0.9712461233139038,0.0850487649440765,0.4261931180953979,-0.5302436947822571,0.967320203781128,0.4523913860321045,0.458981305360794,-0.2902939021587372,0.9398240447044371,0.0749301016330719,0.4843646883964538,-0.5875051021575928,0.9341815710067748,0.4217867255210876,0.4592016935348511,-0.3245033323764801,0.9511289000511168,0.1356536000967025,0.477064311504364,-0.5884778499603271,0.9353464245796204,0.4165612459182739,0.4446355104446411,-0.2823438346385956,0.9421256184577942,0.1096650138497352,0.4435231387615204,-0.5347890853881836,0.8902317881584167,0.096519261598587,0.0354876443743705,0.0641155391931533,0.997209906578064,-0.0956449955701828,-0.0367241241037845,-0.0619147233664989,0.9985507130622864,-0.0197609774768352,0.2942177951335907,0.2394791692495346,0.6561927199363708,-0.206996738910675,0.2515156865119934,0.1479845643043518,0.9142935872077942,-0.1814545542001724,0.2482132166624069,0.570152759552002,0.4502615630626678,-0.4416341781616211,0.3059504926204681,0.4449732303619385,0.9217422008514404,-0.1984632015228271,0.2571185231208801,0.6060386300086975,0.4014016091823578,-0.474237710237503,0.3243961930274963,0.4743315279483795,0.7689324617385864,-0.2452277094125747,0.3468333780765533,0.6340086460113525,0.5734222531318665,-0.512182354927063,0.4512481987476349,0.4498986601829529,0.9146604537963868
0.3716520369052887,-0.0882038548588752,-0.6624269485473633,0.999755322933197,0.3820790350437164,-0.1331026554107666,-0.6515412330627441,0.9993423819541932,0.3825468420982361,-0.1329066902399063,-0.6508069038391113,0.9990786910057068,0.3832193315029144,-0.1335297226905822,-0.6508898735046387,0.999589741230011,0.3573254942893982,-0.1407084912061691,-0.6698533296585083,0.9997209906578064,0.3579268157482147,-0.140261024236679,-0.6705642342567444,0.9996474385261536,0.3588632643222809,-0.1413368582725525,-0.6698160171508789,0.999710500240326,0.3613753020763397,-0.1350594162940979,-0.5260809659957886,0.9986237287521362,0.2478319704532623,-0.1761488616466522,-0.6097033619880676,0.998282790184021,0.360034316778183,-0.0625464022159576,-0.611816942691803,0.9995899200439452,0.3253137171268463,-0.0764311403036117,-0.6360147595405579,0.9996402263641356,0.3847734034061432,-0.0448396578431129,-0.3639914691448211,0.9997875690460204,0.0893981605768203,-0.0884612575173378,-0.5509118437767029,0.9988991618156432,0.4155515432357788,0.1973251551389694,-0.2587764859199524,0.9624898433685304,0.0480707474052906,0.1530047059059143,-0.5179795622825623,0.9784587025642396,0.4222092926502228,0.4308475255966186,-0.2690063714981079,0.9712885022163392,0.0771705955266952,0.4262869358062744,-0.546233057975769,0.9688385128974916,0.4460611939430237,0.456870436668396,-0.2890028655529022,0.9392489790916444,0.0680931881070137,0.4829550981521606,-0.6085821986198425,0.936210870742798,0.4149901866912842,0.4556533694267273,-0.3235745728015899,0.9509741067886353,0.1319680958986282,0.4771182835102081,-0.6109503507614136,0.937447726726532,0.4080950617790222,0.4428431391716003,-0.2804571986198425,0.9418524503707886,0.1030375361442565,0.4439454078674316,-0.5522227883338928,0.8929082751274109,0.0959555953741073,0.0352340303361415,0.0640257969498634,0.9969626069068908,-0.0950334817171096,-0.0364654958248138,-0.0618309378623962,0.998512327671051,-0.0281951539218425,0.2783560752868652,0.277560144662857,0.6376169919967651,-0.2190554291009903,0.2447774410247802,0.189033105969429,0.9087055325508118,-0.1890174597501754,0.248602956533432,0.6098397374153137,0.4373388588428497,-0.4502048790454864,0.3103478550910949,0.4764633178710937,0.9197229146957396,-0.2064324617385864,0.2604681253433227,0.6453697085380554,0.3908409476280212,-0.4817804396152496,0.3310967981815338,0.5046003460884094,0.7681761384010315,-0.2485663592815399,0.3513520061969757,0.6599316000938416,0.5653066039085388,-0.5131914615631104,0.4526876509189605,0.4706877768039703,0.9125427007675172
