x_0,y_0,z_0,visibility_0,x_1,y_1,z_1,visibility_1,x_2,y_2,z_2,visibility_2,x_3,y_3,z_3,visibility_3,x_4,y_4,z_4,visibility_4,x_5,y_5,z_5,visibility_5,x_6,y_6,z_6,visibility_6,x_7,y_7,z_7,visibility_7,x_8,y_8,z_8,visibility_8,x_9,y_9,z_9,visibility_9,x_10,y_10,z_10,visibility_10,x_11,y_11,z_11,visibility_11,x_12,y_12,z_12,visibility_12,x_13,y_13,z_13,visibility_13,x_14,y_14,z_14,visibility_14,x_15,y_15,z_15,visibility_15,x_16,y_16,z_16,visibility_16,x_17,y_17,z_17,visibility_17,x_18,y_18,z_18,visibility_18,x_19,y_19,z_19,visibility_19,x_20,y_20,z_20,visibility_20,x_21,y_21,z_21,visibility_21,x_22,y_22,z_22,visibility_22,x_23,y_23,z_23,visibility_23,x_24,y_24,z_24,visibility_24,x_25,y_25,z_25,visibility_25,x_26,y_26,z_26,visibility_26,x_27,y_27,z_27,visibility_27,x_28,y_28,z_28,visibility_28,x_29,y_29,z_29,visibility_29,x_30,y_30,z_30,visibility_30,x_31,y_31,z_31,visibility_31,x_32,y_32,z_32,visibility_32
0.000433300534496,-0.5119619965553284,-0.4423570036888122,0.9999390840530396,0.0102082779631018,-0.5528484582901001,-0.4432759582996368,0.9998618364334106,0.0098133105784654,-0.5528268814086914,-0.4449641108512878,0.9998627305030824,0.0102923484519124,-0.5529130697250366,-0.443225234746933,0.9998741745948792,-0.0222489926964044,-0.5535396933555603,-0.4490139186382293,0.999847948551178,-0.0200597625225782,-0.5545242428779602,-0.4491718411445617,0.9998342990875244,-0.020703075453639,-0.5535467863082886,-0.4453468322753906,0.9998400807380676,0.0532009229063987,-0.5766654014587402,-0.3486912250518799,0.9997722506523132,-0.0808026194572448,-0.5754387378692627,-0.3595017194747925,0.9997527599334716,0.0127202896401286,-0.4990350008010864,-0.4066912829875946,0.9999449253082277,-0.0260395240038633,-0.4974125921726227,-0.4091400504112243,0.9999334812164308,0.1516069024801254,-0.4485361576080322,-0.267203539609909,0.9999661445617676,-0.178067535161972,-0.4301915764808655,-0.262150228023529,0.9999297261238098,0.206831693649292,-0.21123968064785,-0.2077886313199997,0.9817137718200684,-0.2119150608778,-0.1770419925451278,-0.2213718444108963,0.9602455496788024,0.1982245594263076,0.0300009697675704,-0.2350528985261917,0.9569602608680724,-0.207316517829895,0.07219760119915,-0.2629626989364624,0.9447054266929626,0.1972631514072418,0.1013639718294143,-0.2533132433891296,0.9224781394004822,-0.2189717292785644,0.1440997421741485,-0.2900278270244598,0.9124319553375244,0.1704066842794418,0.0952669754624366,-0.2929042279720306,0.9276229739189148,-0.1871748715639114,0.1465962082147598,-0.3150611817836761,0.9191120862960817,0.1802850663661956,0.0421931371092796,-0.250683456659317,0.9223570227622986,-0.1901471316814422,0.0904299765825271,-0.2733244299888611,0.9120010733604432,0.1075120493769645,-0.0063957599923014,-0.0091227572411298,0.999768853187561,-0.1079796180129051,0.0058612232096493,0.0094280187040567,0.9997246265411376,0.1182800009846687,0.3557488322257995,0.0762071311473846,0.9874876737594604,-0.0811764970421791,0.3662826120853424,0.0618687346577644,0.987278401851654,0.1218928173184394,0.6348068118095398,0.3231580257415771,0.9690754413604736,-0.0438697673380374,0.6639394164085388,0.3250048458576202,0.9698681831359864,0.123737595975399,0.6767963767051697,0.3415972888469696,0.7874420285224915,-0.03905925527215,0.7029601335525513,0.34668630361557,0.7962543964385986,0.1455911546945572,0.7594212293624878,0.2475899457931518,0.9597764611244202,-0.0722664967179298,0.8002670407295227,0.2561056315898895,0.9532740712165833
0.0009452083613723,-0.512565016746521,-0.442279189825058,0.9999397993087769,0.0109356651082634,-0.5533397793769836,-0.4431835114955902,0.9998628497123718,0.0105386972427368,-0.5533195734024048,-0.4448716640472412,0.9998638033866882,0.0110150901600718,-0.5534062385559082,-0.443132072687149,0.999875009059906,-0.0214918591082096,-0.5541160702705383,-0.4489116966724396,0.9998493790626526,-0.0193036925047636,-0.5550991296768188,-0.4490689933300018,0.9998361468315125,-0.0199477169662714,-0.5541226863861084,-0.4452446103096008,0.9998418688774108,0.0537827685475349,-0.5767185091972351,-0.3486616313457489,0.9997739195823668,-0.0800561532378196,-0.5757450461387634,-0.3594525456428528,0.9997555017471312,0.0130858598276972,-0.4994093179702759,-0.4066481292247772,0.9999452829360962,-0.0256425887346267,-0.4978857338428497,-0.4090896844863891,0.9999340772628784,0.1518904715776443,-0.4484329521656036,-0.2672591507434845,0.9999660849571228,-0.1777554452419281,-0.4304613769054413,-0.2621685266494751,0.9999303817749025,0.2070959657430648,-0.211154967546463,-0.2082725912332534,0.9819523096084596,-0.2118641287088394,-0.1773836463689804,-0.2213613092899322,0.9603159427642822,0.1985566169023513,0.0300340689718723,-0.2356199026107788,0.957323670387268,-0.207068532705307,0.072140522301197,-0.2628954350948334,0.9450488090515136,0.1976977288722992,0.1013780906796455,-0.2540119290351867,0.9229034781455994,-0.2186095416545868,0.1440890580415725,-0.2899948954582214,0.9128422737121582,0.1709068715572357,0.0952708199620246,-0.2936919033527374,0.9279879331588744,-0.1863161623477935,0.1465884447097778,-0.315030425786972,0.9194765090942384,0.1806529462337494,0.0422186031937599,-0.2512821853160858,0.9227704405784608,-0.1897381842136383,0.0904018729925155,-0.2732495069503784,0.9124473929405212,0.1075014397501945,-0.0064019840210676,-0.0091852899640798,0.999768614768982,-0.107970118522644,0.0058675496838986,0.0094899795949459,0.999724268913269,0.1182137429714202,0.3557775914669037,0.0765652060508728,0.9875016808509828,-0.0811946541070938,0.3660137951374054,0.0623762346804142,0.9873329997062684,0.1221723183989524,0.6348189115524292,0.3236013948917389,0.9690435528755188,-0.0440360978245735,0.6638972759246826,0.3261207938194275,0.9699687957763672,0.1240173354744911,0.6768123507499695,0.3420069217681885,0.7873468995094299,-0.0392638370394706,0.7029628157615662,0.3477920889854431,0.7971940636634827,0.1455011665821075,0.7594046592712402,0.2477297782897949,0.9596439003944396,-0.0727336481213569,0.7999535799026489,0.2567983567714691,0.9534026384353638
0.0009873464005067,-0.5132613182067871,-0.4422301650047302,0.999939262866974,0.0110585866495966,-0.5538947582244873,-0.4431077539920807,0.9998612403869628,0.0106623722240328,-0.5538738965988159,-0.4447973966598511,0.999862253665924,0.0111386636272072,-0.5539611577987671,-0.4430572390556335,0.9998735189437866,-0.0213722512125968,-0.5547311305999756,-0.4488467276096344,0.9998478889465332,-0.0191845465451478,-0.5557116866111755,-0.4490033984184265,0.9998347759246826,-0.0198296140879392,-0.5547344088554382,-0.4451793134212494,0.9998406767845154,0.0537976436316967,-0.5767630338668823,-0.3485768437385559,0.9997707605361938,-0.0800327509641647,-0.5759437680244446,-0.3594133853912353,0.9997533559799194,0.0130848810076713,-0.4998310506343841,-0.4066117703914642,0.9999444484710692,-0.025641094893217,-0.498371958732605,-0.4090644717216491,0.9999331831932068,0.1517748832702636,-0.448221892118454,-0.2672464847564697,0.9999655485153198,-0.1777726262807846,-0.430625319480896,-0.2621887922286987,0.999929904937744,0.2070018798112869,-0.210812821984291,-0.2085556238889694,0.98209547996521,-0.2119255512952804,-0.1775796860456466,-0.2213982492685318,0.9601542353630066,0.1983172297477722,0.030230900272727,-0.2365001887083053,0.9574570655822754,-0.2072439193725586,0.0720283687114715,-0.2628951370716095,0.9450557827949524,0.1975367218255996,0.1014867797493934,-0.2552379071712494,0.9229820370674132,-0.2187751084566116,0.1440202891826629,-0.2900254428386688,0.9127671718597412,0.1707745939493179,0.0953150242567062,-0.2949139177799225,0.92803555727005,-0.1863586157560348,0.1465215981006622,-0.3150862753391266,0.919401228427887,0.1804322153329849,0.0423639677464962,-0.2522109746932983,0.92281574010849,-0.1898581981658935,0.0903146043419838,-0.2732504308223724,0.9123974442481996,0.1074679344892501,-0.0064019504934549,-0.0092318663373589,0.999766170978546,-0.1079390719532966,0.0058671403676271,0.0095367860049009,0.9997205138206482,0.1181634292006492,0.3557861447334289,0.0768986195325851,0.9874078631401062,-0.0811863541603088,0.3653915822505951,0.0626407489180564,0.9871671795845032,0.1222817525267601,0.634634792804718,0.323895514011383,0.96864116191864,-0.0438513718545436,0.6609756946563721,0.3284637033939361,0.9693546295166016,0.1241380348801612,0.6765931248664856,0.3422771692276001,0.785444438457489,-0.0391557142138481,0.6998097896575928,0.3504326045513153,0.7953163385391235,0.1454038470983505,0.7587974667549133,0.2478885650634765,0.9590806365013124,-0.0730271339416503,0.796005368232727,0.2601885497570038,0.9526659846305848
0.0011952022323384,-0.5140218734741211,-0.4422192871570587,0.999939262866974,0.0113831115886569,-0.554500937461853,-0.44308802485466,0.9998608827590942,0.0109880613163113,-0.5544809103012085,-0.4447777569293976,0.9998619556427002,0.0114639094099402,-0.5545679330825806,-0.4430376589298248,0.999873161315918,-0.0210534632205963,-0.5554289817810059,-0.4488341808319092,0.999847948551178,-0.0188667140901088,-0.55640709400177,-0.4489905834197998,0.9998351335525512,-0.0195125769823789,-0.5554297566413879,-0.4451665580272674,0.999841034412384,0.053884707391262,-0.5768006443977356,-0.348501443862915,0.9997698664665222,-0.0799368694424629,-0.576149582862854,-0.3594275414943695,0.9997536540031432,0.0131510561332106,-0.5002632141113281,-0.4065910875797272,0.999944031238556,-0.0255727656185627,-0.498898297548294,-0.4090712964534759,0.999932825565338,0.1516728699207306,-0.4480277299880981,-0.2672297358512878,0.9999650120735168,-0.1777799129486084,-0.4306703805923462,-0.2623849213123321,0.9999291896820068,0.2069382667541504,-0.2102584093809127,-0.208634927868843,0.9822060465812684,-0.2119878977537155,-0.1775905936956405,-0.2217080146074295,0.9599595665931702,0.1980262696743011,0.0304511860013008,-0.2367264777421951,0.9575955271720886,-0.2073133587837219,0.0721146985888481,-0.2629066705703735,0.944947063922882,0.1972350180149078,0.1015543788671493,-0.2555451691150665,0.923145353794098,-0.2188332974910736,0.1441541314125061,-0.2900467813014984,0.9125911593437196,0.1704024225473404,0.0953285098075866,-0.2951779663562774,0.9281492829322816,-0.186415895819664,0.1467165350914001,-0.315100222826004,0.919221580028534,0.1801031678915023,0.0425085164606571,-0.252433180809021,0.922951638698578,-0.189921349287033,0.0904441773891449,-0.2732517421245575,0.9122766256332396,0.1074179857969284,-0.0064121829345822,-0.0092340279370546,0.9997639060020448,-0.1078912541270256,0.005876887589693,0.0095388069748878,0.9997161030769348,0.1181313320994377,0.3560009598731994,0.0774303451180458,0.987306535243988,-0.080965556204319,0.3648161888122558,0.0627549737691879,0.9870098829269408,0.1225866228342056,0.6347063183784485,0.3240307867527008,0.9682778120040894,-0.0429354049265384,0.6589921712875366,0.3293270170688629,0.9687483906745912,0.1244523152709007,0.6766539216041565,0.3423870801925659,0.7839398980140686,-0.0382506847381591,0.6976922154426575,0.3513946831226349,0.7935754656791687,0.1455320119857788,0.7588351368904114,0.2479640990495681,0.9585115909576416,-0.0723173171281814,0.7935857772827148,0.2613951861858368,0.9518565535545348
0.0012541424948722,-0.5141845345497131,-0.4424927532672882,0.999939262866974,0.0115015543997287,-0.5546160340309143,-0.4432763755321502,0.9998606443405152,0.0111075341701507,-0.5545962452888489,-0.4449666738510132,0.9998617172241212,0.0115831876173615,-0.5546831488609314,-0.4432268142700195,0.9998729825019836,-0.0209572147578001,-0.5555775165557861,-0.4490870535373688,0.999848246574402,-0.0187707524746656,-0.55655437707901,-0.4492417573928833,0.9998356699943542,-0.0194173399358987,-0.5555773973464966,-0.4454168081283569,0.999841570854187,0.0539063215255737,-0.5767943859100342,-0.348499596118927,0.9997694492340088,-0.0799375995993614,-0.5762131214141846,-0.3596150875091553,0.9997538924217224,0.0131574785336852,-0.5003201365470886,-0.406764268875122,0.9999436736106871,-0.0255680065602064,-0.4989860355854034,-0.4093408584594726,0.9999324679374696,0.1515179872512817,-0.4476954340934753,-0.2672820091247558,0.999964475631714,-0.1777939349412918,-0.4306850135326385,-0.2626516819000244,0.9999281764030457,0.2068803608417511,-0.2096428871154785,-0.2088351249694824,0.9822984337806702,-0.2113028168678283,-0.1774794459342956,-0.2221759706735611,0.9593876600265504,0.1974746733903885,0.0304915029555559,-0.2373900413513183,0.9577285647392272,-0.2073418349027633,0.0721444860100746,-0.2630539834499359,0.9443436861038208,0.1966080218553543,0.1014705374836921,-0.2564239799976349,0.9233890175819396,-0.2188875675201416,0.1441488265991211,-0.2902275025844574,0.9118365049362184,0.1696525067090988,0.095080129802227,-0.2959323823451996,0.928347647190094,-0.1865090280771255,0.1467222869396209,-0.3152934908866882,0.9185189604759216,0.1794900894165039,0.0425052791833877,-0.2530978918075561,0.9231732487678528,-0.1899735033512115,0.0904801040887832,-0.2734049260616302,0.9116175174713136,0.1073915362358093,-0.0064233895391225,-0.0092256618663668,0.9997621774673462,-0.1078661680221557,0.005887612234801,0.009530465118587,0.9997125267982484,0.1185552850365638,0.3560607731342315,0.077512539923191,0.9871654510498048,-0.0805485174059867,0.3646270632743835,0.062751792371273,0.9868672490119934,0.1235787644982338,0.6342055201530457,0.3251495659351349,0.9677026271820068,-0.0420714356005191,0.6578460931777954,0.3301681578159332,0.9681761860847472,0.125476136803627,0.6760624647140503,0.3437400162220001,0.782033383846283,-0.0374008789658546,0.6964869499206543,0.3524147868156433,0.792105495929718,0.1465327441692352,0.7583836317062378,0.2497508078813552,0.957748532295227,-0.071377657353878,0.7924994826316833,0.2627161741256714,0.9511019587516784
0.0013910825364291,-0.5142363905906677,-0.4424243569374084,0.9999383687973022,0.0117217609658837,-0.5546448826789856,-0.4431701302528381,0.999858558177948,0.0113301137462258,-0.554624617099762,-0.4448615610599518,0.9998596906661988,0.011805466376245,-0.554712176322937,-0.4431208968162536,0.99987131357193,-0.0207476466894149,-0.5556218028068542,-0.4490247070789337,0.9998464584350586,-0.0185615308582782,-0.5565977692604065,-0.449178546667099,0.999833881855011,-0.0192099381238222,-0.5556209087371826,-0.4453524649143219,0.9998399019241332,0.0539299324154853,-0.5767340660095215,-0.3481354117393493,0.999765694141388,-0.0799176096916198,-0.5762662291526794,-0.3595337569713592,0.9997504353523254,0.0131765734404325,-0.5003463625907898,-0.4066438674926758,0.999942183494568,-0.0255449600517749,-0.4990116059780121,-0.4092870950698852,0.999930739402771,0.1511813551187515,-0.4472763538360595,-0.2669276595115661,0.9999637007713318,-0.1777743250131607,-0.4307083785533905,-0.2626411318778991,0.9999266266822816,0.2064427435398101,-0.2093951255083084,-0.2085652202367782,0.9823057651519777,-0.2108973264694214,-0.1775608956813812,-0.222198024392128,0.9589052200317384,0.1974047422409057,0.0304479002952575,-0.2373427152633667,0.9578056931495668,-0.2073889970779419,0.0721340551972389,-0.2628745138645172,0.943875014781952,0.1966009438037872,0.1011287868022918,-0.2563832104206085,0.9235368371009828,-0.2190799713134765,0.144142746925354,-0.2899843454360962,0.91124027967453,0.1696912944316864,0.09466502815485,-0.295896828174591,0.9284778237342834,-0.1867839992046356,0.1467500030994415,-0.3151105940341949,0.9179868698120116,0.1794639229774475,0.0423917770385742,-0.2530616521835327,0.9233134984970092,-0.1900080293416977,0.0904807075858116,-0.2732497751712799,0.9111008048057556,0.1073432117700576,-0.0064242435619235,-0.0091925971210002,0.9997609853744508,-0.10781891644001,0.0058873454108834,0.009498581290245,0.9997093677520752,0.1186289489269256,0.3564960360527038,0.0770885646343231,0.9869381189346312,-0.0794310420751571,0.3645916879177093,0.062054693698883,0.9865885376930236,0.1239010617136955,0.6340978145599365,0.3251000046730041,0.966818869113922,-0.0396070927381515,0.656350314617157,0.3301458656787872,0.9671482443809508,0.1258352398872375,0.6758878231048584,0.343666136264801,0.7783921360969543,-0.034848865121603,0.6948314905166626,0.3524158298969269,0.7884339094161987,0.1469572782516479,0.7580528855323792,0.2496910989284515,0.9567438364028932,-0.0680885761976242,0.7907702326774597,0.262965440750122,0.9499327540397644
0.0013955332105979,-0.5142856240272522,-0.4424698054790497,0.9999365210533142,0.011718800291419,-0.5546823740005493,-0.4431856870651245,0.9998550415039062,0.0113284410908818,-0.5546606779098511,-0.4448784589767456,0.999856173992157,0.0118040023371577,-0.5547489523887634,-0.4431374669075012,0.999868392944336,-0.020752789452672,-0.5556568503379822,-0.4491087794303894,0.9998427629470824,-0.0185662098228931,-0.5566319823265076,-0.4492620825767517,0.999829888343811,-0.0192151814699172,-0.5556547045707703,-0.4454346001148224,0.9998362064361572,0.0535797178745269,-0.5766909718513489,-0.3480475544929504,0.9997587203979492,-0.0802565366029739,-0.576257586479187,-0.3596681654453277,0.9997437596321106,0.0130616640672087,-0.500369668006897,-0.406644195318222,0.999939501285553,-0.0256416928023099,-0.4990371167659759,-0.409379780292511,0.9999274015426636,0.1497860103845596,-0.4468903839588165,-0.2665955722332001,0.9999623894691468,-0.1779332458972931,-0.4305299520492553,-0.2628492712974548,0.9999235272407532,0.2040108442306518,-0.2091159671545028,-0.2075980454683303,0.9819984436035156,-0.210874393582344,-0.1775573790073394,-0.2225375175476074,0.9581376910209656,0.1972932517528534,0.0304000210016965,-0.2361442297697067,0.9572535157203674,-0.207652285695076,0.0721027180552482,-0.2627499997615814,0.942855715751648,0.1966632902622223,0.1009914427995681,-0.2548840343952179,0.9227590560913086,-0.2197728604078292,0.1441342979669571,-0.2895424962043762,0.9098974466323853,0.1700463443994522,0.0945986434817314,-0.2944692373275757,0.9277679920196532,-0.1878625750541687,0.1467721760272979,-0.3148435950279236,0.9167909026145936,0.1794485598802566,0.0423231981694698,-0.2519629001617431,0.922571063041687,-0.1904387921094894,0.0904624387621879,-0.2731525301933288,0.9098761677742004,0.1072906777262687,-0.0064335102215409,-0.0090653533115983,0.9997579455375672,-0.1077687889337539,0.0058962404727935,0.0093745393678545,0.999703049659729,0.1185363829135894,0.3568596541881561,0.0770199745893478,0.9867016673088074,-0.0786748453974723,0.3643264174461365,0.0611921474337577,0.986218810081482,0.1238753795623779,0.6340770125389099,0.3245956599712372,0.9659727811813354,-0.0380370132625103,0.652244508266449,0.3301679491996765,0.965658724308014,0.1258158385753631,0.6758307218551636,0.3431175053119659,0.7741653919219971,-0.0331725627183914,0.6903086304664612,0.3525136411190033,0.7823986411094666,0.1470960825681686,0.757540762424469,0.2492521554231643,0.9558393359184264,-0.064914621412754,0.7865350246429443,0.2635679841041565,0.9482969045639038
0.0014841022202745,-0.5132517218589783,-0.4430887103080749,0.9999341368675232,0.0117552885785698,-0.5537614822387695,-0.4439435005187988,0.999850869178772,0.0113668553531169,-0.5537319779396057,-0.4456430077552795,0.9998520612716676,0.0118431262671947,-0.5538250803947449,-0.4438995122909546,0.9998650550842284,-0.0207073725759983,-0.5546822547912598,-0.4500066936016083,0.9998379349708556,-0.0185199566185474,-0.5556495189666748,-0.4501588940620422,0.9998244047164916,-0.0191697124391794,-0.5546704530715942,-0.446326196193695,0.9998311400413512,0.0534744784235954,-0.5760627388954163,-0.3486222326755523,0.9997515678405762,-0.0802767574787139,-0.5754585862159729,-0.3607290685176849,0.9997348189353944,0.0130745423957705,-0.499470978975296,-0.4071670472621918,0.9999364614486694,-0.0256021134555339,-0.4980587065219879,-0.4100869596004486,0.9999234080314636,0.1493354141712188,-0.4462355375289917,-0.2665801644325256,0.9999611973762512,-0.1778613477945327,-0.4299876391887665,-0.2635177373886108,0.9999204874038696,0.2016391903162002,-0.2088619917631149,-0.2073447108268737,0.981550395488739,-0.2095013409852981,-0.1774160861968994,-0.2232445031404495,0.9570351839065552,0.1972705423831939,0.0303725507110357,-0.2354727834463119,0.9564239978790284,-0.2075380682945251,0.0721296668052673,-0.2627448439598083,0.9414110779762268,0.1970292180776596,0.1009601503610611,-0.2538671493530273,0.9215445518493652,-0.2198208570480346,0.1442203223705291,-0.2893112301826477,0.90810227394104,0.1711737662553787,0.0946741700172424,-0.2934630513191223,0.9266822338104248,-0.1880977153778076,0.1470713168382644,-0.3147557079792022,0.9152105450630188,0.1795316487550735,0.0423110798001289,-0.2513562440872192,0.9214200377464294,-0.1904388070106506,0.0905236154794693,-0.273162841796875,0.9081989526748656,0.1072590053081512,-0.0064298599027097,-0.008963843807578,0.999754011631012,-0.1077380776405334,0.0058915773406624,0.0092771835625171,0.9996963143348694,0.1182686686515808,0.3575376272201538,0.0757607966661453,0.98642098903656,-0.0784802362322807,0.3640690147876739,0.0597581937909126,0.9858829379081726,0.1233442276716232,0.6340068578720093,0.3228444159030914,0.9649682641029358,-0.0381251759827137,0.6515474319458008,0.328904390335083,0.9644697904586792,0.1253133565187454,0.6756724119186401,0.3413382768630981,0.7689759135246277,-0.0332929044961929,0.689652144908905,0.3513332605361938,0.77663654088974,0.1469279676675796,0.7571665048599243,0.2476584911346435,0.9548818469047546,-0.0650828033685684,0.7859717607498169,0.2627114355564117,0.9470577239990234
0.0008770903223194,-0.5132777690887451,-0.4435584247112274,0.999931812286377,0.0111870029941201,-0.5537822842597961,-0.4444586336612701,0.9998467564582824,0.0108042927458882,-0.5537530183792114,-0.446164071559906,0.9998480081558228,0.011284246109426,-0.553846001625061,-0.4444187879562378,0.9998615980148317,-0.0213121976703405,-0.5547052025794983,-0.4504708647727966,0.9998334646224976,-0.0191227830946445,-0.5556718707084656,-0.4506231248378753,0.9998193979263306,-0.0197746288031339,-0.5546929240226746,-0.4467893838882446,0.9998263120651244,0.0529866740107536,-0.5759227275848389,-0.3491273820400238,0.9997438788414,-0.0807904228568077,-0.5753341913223267,-0.360989362001419,0.9997256994247437,0.0124223083257675,-0.4994813203811645,-0.407662570476532,0.9999332427978516,-0.0262218862771987,-0.4980687797069549,-0.4105429947376251,0.9999191164970398,0.1487440764904022,-0.4456728100776672,-0.2668075263500213,0.9999593496322632,-0.1779324114322662,-0.4296619296073913,-0.2635844647884369,0.999915897846222,0.2002712339162826,-0.2087707966566085,-0.2076152563095092,0.9810676574707032,-0.2084753960371017,-0.1772769689559936,-0.2232593744993209,0.9552918672561646,0.1972502470016479,0.0291697960346937,-0.2359766364097595,0.955249011516571,-0.2075580209493637,0.0721095278859138,-0.2625604271888733,0.9392064809799194,0.197301983833313,0.099576286971569,-0.2543059587478637,0.9198668599128724,-0.2198988944292068,0.1442479491233825,-0.2886942327022552,0.905376136302948,0.1719706207513809,0.0938108712434768,-0.2938766479492187,0.9251479506492616,-0.1884642243385315,0.1472649872303009,-0.3144831955432892,0.9127494692802428,0.1795802265405655,0.0411580838263034,-0.2519110739231109,0.9197965264320374,-0.1904690563678741,0.090522676706314,-0.2730601727962494,0.9056232571601868,0.10723277926445,-0.0064227944239974,-0.0089765368029475,0.9997502565383912,-0.1077140644192695,0.0058840499259531,0.0092919114977121,0.999689280986786,0.1176493242383003,0.3578366637229919,0.0739418864250183,0.9862360954284668,-0.078309528529644,0.3640010952949524,0.0597093142569065,0.985525369644165,0.1227509602904319,0.6340098977088928,0.3187804520130157,0.964275062084198,-0.037743967026472,0.6509568691253662,0.3289011418819427,0.9632582068443298,0.1246799454092979,0.675653338432312,0.3369719684123993,0.7649303674697876,-0.0329571366310119,0.689031183719635,0.3513307571411133,0.7715899348258972,0.1457224637269973,0.7569655776023865,0.2424137741327285,0.9541701674461364,-0.0650472044944763,0.7852073311805725,0.262738823890686,0.9458024501800536
0.0012424803571775,-0.5133934020996094,-0.4435599148273468,0.999928653240204,0.0115657858550548,-0.5539022088050842,-0.4444283246994018,0.9998409748077391,0.011187320575118,-0.5538709163665771,-0.4461341798305511,0.9998422265052797,0.0116719705983996,-0.5539639592170715,-0.4443877339363098,0.9998565316200256,-0.0210314895957708,-0.5548211932182312,-0.4504688084125519,0.9998279809951782,-0.0188392028212547,-0.5557864904403687,-0.4506212174892425,0.9998136162757874,-0.019491633400321,-0.5548061728477478,-0.4467875957489013,0.9998211860656738,0.0531126223504543,-0.5760101079940796,-0.3485997915267944,0.9997330904006958,-0.0808109119534492,-0.5754036903381348,-0.3609436154365539,0.9997166991233826,0.012627450749278,-0.499581903219223,-0.4076297581195831,0.9999299645423888,-0.0260932128876447,-0.4981637299060821,-0.4105476140975952,0.9999153017997742,0.1487378478050232,-0.4455804228782654,-0.2645433843135834,0.9999578595161438,-0.1783345490694046,-0.4296337068080902,-0.2635439038276672,0.9999141693115234,0.2000909894704818,-0.209037497639656,-0.2016227543354034,0.9803346395492554,-0.2084168940782547,-0.1770422458648681,-0.2232007831335067,0.9545050859451294,0.1987613439559936,0.0266428440809249,-0.2289128750562667,0.9537110328674316,-0.207276701927185,0.0725319311022758,-0.2625610530376434,0.93745756149292,0.1998040229082107,0.0966574400663375,-0.2467340230941772,0.9175742864608764,-0.2198481261730194,0.1447718143463134,-0.2886139750480652,0.9032140374183656,0.1757334470748901,0.0911412388086319,-0.2865711450576782,0.9230751395225524,-0.1885001361370086,0.1479401290416717,-0.3144635260105133,0.9108169078826904,0.1818386614322662,0.0385056994855403,-0.2451197952032089,0.9176221489906312,-0.1903217881917953,0.0909761488437652,-0.2730830013751983,0.9034985303878784,0.107272021472454,-0.0064261588267982,-0.008561392314732,0.9997496008872986,-0.1077602431178093,0.0058876727707684,0.0088835842907428,0.9996902942657472,0.1176093965768814,0.3578531146049499,0.0701701343059539,0.9860196113586426,-0.0784129723906517,0.3637059032917022,0.0535725466907024,0.9853370785713196,0.1212429702281951,0.6311472654342651,0.3182249665260315,0.9630308151245116,-0.0392489433288574,0.6503941416740417,0.3230028748512268,0.9622328877449036,0.1231096684932708,0.6723010540008545,0.3366625308990478,0.7604634761810303,-0.0345816351473331,0.6885517239570618,0.3454079329967499,0.7666332125663757,0.1453790813684463,0.753329336643219,0.2424588501453399,0.9530803561210632,-0.065263956785202,0.784767210483551,0.2569181323051452,0.9446829557418824
0.0013276787940412,-0.5142539143562317,-0.443509042263031,0.9999273419380188,0.01157221570611,-0.5547799468040466,-0.4441968202590942,0.9998392462730408,0.0111942393705248,-0.5547459721565247,-0.445902556180954,0.9998403787612916,0.0116791920736432,-0.5548349618911743,-0.4441566467285156,0.9998548030853271,-0.021025875583291,-0.5556707382202148,-0.4504233300685882,0.9998270273208618,-0.0188331305980682,-0.5566338896751404,-0.4505774974822998,0.9998127818107604,-0.0194855127483606,-0.5556498169898987,-0.4467434585094452,0.999820351600647,0.0528010986745357,-0.5763828754425049,-0.3475309014320373,0.9997295141220092,-0.0813524574041366,-0.5756543278694153,-0.3609599769115448,0.9997159242630004,0.0126465912908315,-0.5001925826072693,-0.4074656963348388,0.9999290108680724,-0.0260840114206075,-0.4987446069717407,-0.4105455577373504,0.9999141693115234,0.1482434421777725,-0.4455331563949585,-0.262203186750412,0.9999560713768004,-0.1795293986797332,-0.4292478859424591,-0.2638705670833587,0.9999114274978638,0.1993467360734939,-0.2089171409606933,-0.1965287029743194,0.9789729118347168,-0.2082779258489608,-0.1761388927698135,-0.2239404022693634,0.953432559967041,0.1988493800163269,0.0261666215956211,-0.2230045199394226,0.9509813189506532,-0.2067870795726776,0.0727652981877327,-0.2628681659698486,0.9345338344573976,0.2000055313110351,0.0961476191878318,-0.2399059534072876,0.913887858390808,-0.2195466160774231,0.1449485570192337,-0.2886119484901428,0.899692952632904,0.1760910302400589,0.0907494351267814,-0.2796724438667297,0.9196808934211732,-0.188534215092659,0.1482618004083633,-0.3144780993461609,0.9075952172279358,0.1820622682571411,0.0380158014595508,-0.2391964346170425,0.9141451120376588,-0.1901193112134933,0.091200090944767,-0.2733656466007232,0.9001261591911316,0.1073353737592697,-0.0064926682971417,-0.0076133725233376,0.9997512102127076,-0.1078303605318069,0.0059547638520598,0.0079407338052988,0.9996930360794068,0.1172338053584098,0.3580575883388519,0.0692342296242713,0.98584645986557,-0.0788505300879478,0.3635081052780151,0.048274427652359,0.985321044921875,0.1172241494059562,0.6272779107093811,0.3198241591453552,0.9616857171058656,-0.0417567044496536,0.6480096578598022,0.3217515349388122,0.9610992074012756,0.1189500018954277,0.6679435968399048,0.3390780389308929,0.7575342059135437,-0.037104669958353,0.6861166954040527,0.3444813191890716,0.7620509266853333,0.1436773687601089,0.7495660185813904,0.2488085925579071,0.9517881870269777,-0.0653689578175544,0.7836962342262268,0.2567363381385803,0.9431391954421996
0.0032998519018292,-0.5153879523277283,-0.444002240896225,0.999926209449768,0.0134361321106553,-0.5558225512504578,-0.4443098902702331,0.9998379349708556,0.0130684478208422,-0.5557834506034851,-0.4460176527500152,0.9998390078544616,0.0135609824210405,-0.5558719038963318,-0.4442715346813202,0.9998536705970764,-0.0194126013666391,-0.5567171573638916,-0.4508152604103088,0.9998262524604796,-0.0172134768217802,-0.5576773881912231,-0.4509727656841278,0.9998120069503784,-0.0178664866834878,-0.556692898273468,-0.4471384584903717,0.9998196959495544,0.0534276813268661,-0.5765165686607361,-0.3470564186573028,0.9997251629829408,-0.0812454596161842,-0.5757878422737122,-0.361328512430191,0.9997140169143676,0.0138932652771472,-0.5008076429367065,-0.407673716545105,0.999927282333374,-0.0250626914203166,-0.4993559420108795,-0.4112489223480224,0.9999121427536012,0.148217424750328,-0.4444822669029236,-0.2612709403038025,0.9999541640281676,-0.1796332597732544,-0.4287550747394562,-0.2648045420646667,0.9999081492424012,0.1978316456079483,-0.2068903595209121,-0.1949191093444824,0.9779238104820251,-0.2077179998159408,-0.1752002239227295,-0.2261793762445449,0.9526491165161132,0.1988641619682312,0.0273082181811332,-0.2223430871963501,0.9489233493804932,-0.205559492111206,0.0728613957762718,-0.2652997672557831,0.9326688051223756,0.200310081243515,0.0971529930830001,-0.2393983453512191,0.911159336566925,-0.2184846103191375,0.144957959651947,-0.2905906438827514,0.8974059224128723,0.1767681092023849,0.0919498801231384,-0.2793270647525787,0.9171977639198304,-0.1879598945379257,0.148275539278984,-0.3166530132293701,0.9055330157279968,0.1822227239608764,0.0391405969858169,-0.2386896908283233,0.9116064310073853,-0.1890427768230438,0.0912628695368766,-0.2758620977401733,0.8979068398475647,0.1073552370071411,-0.0065102148801088,-0.0069846017286181,0.9997522234916688,-0.1078544184565544,0.0059722992591559,0.007321685552597,0.999694049358368,0.1172057762742042,0.3580907583236694,0.0678962767124176,0.9857015609741212,-0.0786888822913169,0.3634063899517059,0.0465420745313167,0.9851630926132202,0.1170418784022331,0.625239908695221,0.320004791021347,0.9604766964912416,-0.0415451265871524,0.6453201174736023,0.3218133151531219,0.9597542881965636,0.1187921613454818,0.6657163500785828,0.3394477665424347,0.7534335255622864,-0.0368655398488044,0.6832587122917175,0.3447560966014862,0.7560226321220398,0.1437231600284576,0.7469260096549988,0.2495741993188858,0.9507113695144652,-0.0639276355504989,0.7812368273735046,0.2575471997261047,0.9416383504867554
0.0037201002705842,-0.5180450677871704,-0.4433425068855285,0.9999249577522278,0.0137449214234948,-0.5583245754241943,-0.4429123401641845,0.9998360276222228,0.0133797749876976,-0.5582819581031799,-0.444619208574295,0.9998369216918944,0.0138749247416853,-0.5583675503730774,-0.4428713619709015,0.9998518228530884,-0.0191710442304611,-0.5592519044876099,-0.4499747455120086,0.9998252391815186,-0.0169711541384458,-0.5602145195007324,-0.4501377046108246,0.9998111724853516,-0.0176222063601017,-0.559228777885437,-0.4463053345680237,0.9998189806938172,0.0534207597374916,-0.577502965927124,-0.343305230140686,0.9997196793556212,-0.0814936310052871,-0.5768432021141052,-0.3606375455856323,0.9997116327285768,0.0140734119340777,-0.5027697086334229,-0.4066075086593628,0.9999254941940308,-0.0249569416046142,-0.5013591051101685,-0.41080442070961,0.9999101758003236,0.1474572867155075,-0.4444234669208526,-0.2566917538642883,0.9999518394470216,-0.1807048469781875,-0.4286262094974518,-0.2646667063236236,0.9999045133590698,0.196818932890892,-0.206279382109642,-0.188145026564598,0.9766401648521424,-0.207723930478096,-0.1744195073843002,-0.2263205796480178,0.9518215656280518,0.1994108408689499,0.0276918020099401,-0.2164990603923797,0.9464032649993896,-0.2051160186529159,0.0728604719042778,-0.2659930884838104,0.9303421974182128,0.2014005482196808,0.0976038351655006,-0.2332592755556106,0.9078128933906556,-0.2179915457963943,0.1448906362056732,-0.2910827100276947,0.8945896625518799,0.1782028377056121,0.0925208181142807,-0.2736240029335022,0.9141368865966796,-0.1879047155380249,0.1481725424528122,-0.3171320259571075,0.9029557704925536,0.1830611377954483,0.039567731320858,-0.2331194877624511,0.908510148525238,-0.1887611001729965,0.0912379324436187,-0.276533305644989,0.8951612710952759,0.1073709577322006,-0.0065914150327444,-0.0061320369131863,0.9997527003288268,-0.1078745424747467,0.0060536079108715,0.0064718541689217,0.9996960163116456,0.1173285394906997,0.3581084012985229,0.0656333863735199,0.9856065511703492,-0.0787368267774581,0.3631532788276672,0.0425693877041339,0.9851894378662108,0.1167467162013053,0.6241576075553894,0.319790244102478,0.9594935774803162,-0.0422749407589435,0.6452109813690186,0.3182699978351593,0.9590721726417542,0.1184985861182212,0.6645991802215576,0.3393495678901672,0.7512491941452026,-0.0375890620052814,0.683243453502655,0.3412319123744964,0.752717912197113,0.1439315229654312,0.745974063873291,0.2496052980422973,0.949806034564972,-0.0640661567449569,0.7812443971633911,0.2539280354976654,0.940696656703949
0.002898855600506,-0.5214511156082153,-0.4427730143070221,0.9999234676361084,0.0129097187891602,-0.5615898966789246,-0.4419518709182739,0.9998334050178528,0.0125471409410238,-0.5615448355674744,-0.4436631202697754,0.99983412027359,0.0130467535927891,-0.5616291761398315,-0.441912293434143,0.9998492002487184,-0.0201255809515714,-0.5625837445259094,-0.449142724275589,0.9998232126235962,-0.0179253090173006,-0.5635542869567871,-0.4493106603622436,0.9998092651367188,-0.0185713451355695,-0.5625625252723694,-0.4454826116561889,0.9998170733451844,0.0528697036206722,-0.5793161988258362,-0.341627836227417,0.99971204996109,-0.0827918723225593,-0.5788626670837402,-0.3594341576099396,0.9997065663337708,0.0133859924972057,-0.5055421590805054,-0.4059250950813293,0.9999234080314636,-0.0258245822042226,-0.504220187664032,-0.4102761447429657,0.9999077916145324,0.1463255435228347,-0.4445169568061828,-0.2549534142017364,0.9999494552612304,-0.1828124225139618,-0.4286461770534515,-0.2636524736881256,0.9999006986618042,0.1956801563501358,-0.2062267214059829,-0.1868353933095932,0.9755030274391174,-0.2083669751882553,-0.1743469089269638,-0.224876657128334,0.950688362121582,0.2006407380104065,0.0270095504820346,-0.2165605723857879,0.9442795515060424,-0.2052175551652908,0.0727872475981712,-0.2650558352470398,0.9275627732276917,0.2035004645586013,0.0970292538404464,-0.2334282398223877,0.9050580859184264,-0.218008741736412,0.1448904275894165,-0.2893881201744079,0.8911918997764587,0.1807860136032104,0.0920860841870307,-0.2738745212554931,0.9116160869598388,-0.1883440613746643,0.1481680870056152,-0.3159459233283996,0.8998412489891052,0.184684082865715,0.0389490872621536,-0.2332012057304382,0.9058427810668944,-0.1889402866363525,0.0911369919776916,-0.2756858766078949,0.8918031454086304,0.1074222400784492,-0.0066943811252713,-0.0056863604113459,0.9997544884681702,-0.1079319566488266,0.006158344913274,0.0060247830115258,0.999700129032135,0.1173814162611961,0.3580463528633117,0.063470259308815,0.9855529069900512,-0.0789693817496299,0.3629959523677826,0.0401107370853424,0.9853121638298036,0.1160982027649879,0.6221434473991394,0.3197952210903168,0.958573043346405,-0.0438327491283416,0.6449829339981079,0.3163272440433502,0.958472490310669,0.1178396865725517,0.6624792814254761,0.3394070863723755,0.7493278384208679,-0.0391805581748485,0.6830787062644958,0.3393096029758453,0.7496864199638367,0.1439199745655059,0.7439508438110352,0.2505846619606018,0.9489721059799194,-0.0644545257091522,0.7810354232788086,0.2526719868183136,0.9398332238197328
0.0021751339081674,-0.528491735458374,-0.4398321509361267,0.9999232292175292,0.0119850374758243,-0.5683982372283936,-0.4382216036319732,0.999832808971405,0.0116219399496912,-0.5683615207672119,-0.4399298429489136,0.999833345413208,0.0121214678511023,-0.5684424042701721,-0.4381802678108215,0.9998485445976256,-0.0209543295204639,-0.5693442821502686,-0.4457489252090454,0.9998237490653992,-0.0187592562288045,-0.5703235864639282,-0.4459194242954254,0.9998102188110352,-0.0193984620273113,-0.5693221092224121,-0.4420967698097229,0.9998182058334352,0.0520492829382419,-0.5836161375045776,-0.3378113806247711,0.9997082948684692,-0.0835583135485649,-0.5828683972358704,-0.3567543029785156,0.9997069239616394,0.012826700694859,-0.5115573406219482,-0.4030576348304748,0.9999232292175292,-0.0263830535113811,-0.5101842284202576,-0.407751053571701,0.9999077916145324,0.145218476653099,-0.4462623596191406,-0.2523593604564667,0.9999481439590454,-0.1839265972375869,-0.4287865459918976,-0.2628712356090545,0.9998990893363952,0.1952611356973648,-0.2066142410039901,-0.1834301352500915,0.9746753573417664,-0.2086562812328338,-0.1740913093090057,-0.2230130434036255,0.9501367807388306,0.2006468623876571,0.0246703568845987,-0.2122319042682647,0.9429660439491272,-0.2049145996570587,0.0727692246437072,-0.261631041765213,0.925546944141388,0.2034677118062973,0.0945800840854644,-0.2287276834249496,0.9034530520439148,-0.217300072312355,0.1448959410190582,-0.2850535213947296,0.8887709379196167,0.1807308942079544,0.0890731289982795,-0.2692832350730896,0.910085678100586,-0.188222661614418,0.1481095999479293,-0.3115926384925842,0.8975489139556885,0.1846685409545898,0.0364097394049167,-0.2287407219409942,0.9041841626167296,-0.1887675821781158,0.0910508781671524,-0.2720356285572052,0.8893176913261414,0.1074429675936698,-0.006908250041306,-0.0048848567530512,0.9997597336769104,-0.1079558134078979,0.0063756899908185,0.0052091493271291,0.9997074007987976,0.117840327322483,0.3580915629863739,0.0641543492674827,0.98552006483078,-0.079090267419815,0.3629754483699798,0.0394707806408405,0.9855440855026244,0.1158799156546592,0.6194332838058472,0.327056348323822,0.9577415585517884,-0.0453421659767627,0.6433216333389282,0.3164610564708709,0.9577800035476683,0.1176595687866211,0.6595659255981445,0.347756952047348,0.7492765784263611,-0.0406412370502948,0.6812898516654968,0.3396991491317749,0.7472146153450012,0.1447752863168716,0.74012690782547,0.2646452784538269,0.9480499625205994,-0.0645634904503822,0.7793563008308411,0.2550961971282959,0.9385975003242492
0.0022774408571422,-0.5361394882202148,-0.4342667758464813,0.9999226927757264,0.0119561171159148,-0.5761283040046692,-0.4310641884803772,0.9998314380645752,0.0115931024774909,-0.5760921835899353,-0.4327683448791504,0.9998317360877992,0.0120926182717084,-0.576177716255188,-0.4310169517993927,0.999847173690796,-0.0209680385887622,-0.5766525268554688,-0.4397135376930237,0.99982351064682,-0.0187733825296163,-0.577639102935791,-0.4398887455463409,0.999810516834259,-0.0194113217294216,-0.576630175113678,-0.4360767304897308,0.9998189210891724,0.0511990971863269,-0.5898376703262329,-0.3282384276390075,0.9997013211250304,-0.084395945072174,-0.5874500870704651,-0.3520669043064117,0.9997069835662842,0.0128502417355775,-0.5185178518295288,-0.3971077501773834,0.999923050403595,-0.0263591650873422,-0.516701877117157,-0.4031217396259308,0.9999078512191772,0.1428266912698745,-0.4484686255455017,-0.2425950318574905,0.999947190284729,-0.1850529462099075,-0.428823709487915,-0.2617150247097015,0.9998981356620787,0.1936392486095428,-0.2071023285388946,-0.1709220856428146,0.973712146282196,-0.2096319645643234,-0.1726410388946533,-0.2219623923301696,0.9509687423706056,0.200731411576271,0.0234156306833028,-0.2021995335817337,0.9419265389442444,-0.2045641541481018,0.0731803625822067,-0.2604101896286011,0.9254289865493774,0.2035128325223922,0.0931381955742836,-0.218500018119812,0.9021946787834167,-0.2164884209632873,0.1452575922012329,-0.283836156129837,0.888525664806366,0.1806714236736297,0.087077647447586,-0.2597201466560364,0.9089104533195496,-0.1880502551794052,0.1481087207794189,-0.3102671205997467,0.8972852826118469,0.1847443282604217,0.0349561013281345,-0.2189951688051223,0.902883529663086,-0.1885552704334259,0.0911529436707496,-0.2706865668296814,0.8888610005378723,0.1074479147791862,-0.0072082267142832,-0.0030863729771226,0.999765932559967,-0.1079629883170127,0.0066752731800079,0.0033953140955418,0.9997156858444214,0.1178859397768974,0.3578535616397857,0.0635282471776008,0.9854905605316162,-0.080050304532051,0.3625897169113159,0.0313089452683925,0.985808789730072,0.1156198158860206,0.6150621175765991,0.3278297483921051,0.9566425085067748,-0.0493750944733619,0.6371666193008423,0.3155571520328522,0.9565317630767822,0.1175617203116417,0.655003547668457,0.3488500118255615,0.7486280798912048,-0.0445087812840938,0.6748056411743164,0.3391856849193573,0.7424575686454773,0.1475516110658645,0.7335422039031982,0.2679182887077331,0.9469705820083618,-0.0646509081125259,0.7742475271224976,0.2552563846111297,0.936701238155365
0.0029759176541119,-0.5378589630126953,-0.4285165071487427,0.9999204874038696,0.0120373414829373,-0.5782510042190552,-0.4245696067810058,0.999826729297638,0.0116746826097369,-0.578212559223175,-0.4262722432613373,0.9998268485069276,0.0121733387932181,-0.5783059597015381,-0.4245168268680572,0.999843180179596,-0.0208484474569559,-0.5783555507659912,-0.433911383152008,0.9998199939727784,-0.0186560060828924,-0.5793421864509583,-0.4340910315513611,0.9998074173927308,-0.0192917436361312,-0.5783330798149109,-0.4302785098552704,0.9998167157173156,0.0507862456142902,-0.5932660698890686,-0.3202141523361206,0.999689280986786,-0.0847381502389907,-0.5890007615089417,-0.3469035923480987,0.9997025728225708,0.0133830560371279,-0.5206917524337769,-0.3909261226654053,0.9999218583106996,-0.02577999047935,-0.5184066295623779,-0.3978653252124786,0.9999067187309264,0.1417384892702102,-0.4513455927371979,-0.2336183488368988,0.9999467730522156,-0.1852358877658844,-0.4286743402481079,-0.2595362365245819,0.9998974800109864,0.1931380480527877,-0.2096864879131317,-0.1601483225822448,0.9730392694473268,-0.2095966637134552,-0.170275017619133,-0.2197005152702331,0.9521323442459106,0.2014073580503463,0.0213684998452663,-0.1919785290956497,0.9417261481285096,-0.2003454566001892,0.0757146254181861,-0.2576053738594055,0.9259066581726074,0.2040753364562988,0.0910072475671768,-0.207781046628952,0.9019436836242676,-0.2114019095897674,0.1479777544736862,-0.2808402478694916,0.8890363574028015,0.1810139417648315,0.0846700742840766,-0.2492916285991668,0.9087028503417968,-0.18438820540905,0.1492232978343963,-0.3070345222949981,0.8977699875831604,0.185408666729927,0.0328055471181869,-0.208838865160942,0.9025481939315796,-0.1847056448459625,0.0928018167614936,-0.2676911056041717,0.8890990018844604,0.1074956133961677,-0.007658252492547,-0.0012571734841912,0.9997733235359192,-0.1080135703086853,0.0071207671426236,0.001558044925332,0.9997246265411376,0.1179347336292266,0.3567046225070953,0.0579306110739707,0.985344648361206,-0.0800583437085151,0.3624131381511688,0.020800394937396,0.9860098361968994,0.1148091778159141,0.6061916947364807,0.3279416561126709,0.9545692801475524,-0.0506596900522708,0.6288051605224609,0.3135179281234741,0.9544019103050232,0.1171230599284172,0.645683228969574,0.3494011759757995,0.7456235289573669,-0.0455888472497463,0.6659396290779114,0.3379029929637909,0.7341275811195374,0.1503253579139709,0.7230970859527588,0.2714593410491943,0.9451762437820436,-0.0623213835060596,0.76771080493927,0.2554370760917663,0.9339573979377748
0.0031460230238735,-0.5386106967926025,-0.4270154535770416,0.9999188780784608,0.0116734402254223,-0.5795081853866577,-0.4225963056087494,0.9998232126235962,0.0113110402598977,-0.5794735550880432,-0.4242897927761078,0.9998229146003724,0.0118130864575505,-0.5795694589614868,-0.4225325882434845,0.9998396039009094,-0.0211653914302587,-0.5791016221046448,-0.4324262142181396,0.9998180866241456,-0.0189742427319288,-0.5800918340682983,-0.4326119422912597,0.9998061656951904,-0.0196015499532222,-0.5790852308273315,-0.428797036409378,0.9998158812522888,0.0488729998469352,-0.5962826013565063,-0.3166737556457519,0.9996792674064636,-0.0867612361907959,-0.5895532965660095,-0.3457713425159454,0.9997034668922424,0.0136186033487319,-0.5219736695289612,-0.3889508247375488,0.9999216198921204,-0.0255571939051151,-0.5191023945808411,-0.3965688645839691,0.9999069571495056,0.1399149149656295,-0.4553010165691376,-0.2260518372058868,0.9999459385871888,-0.185985580086708,-0.4272907078266144,-0.2595404982566833,0.9998972415924072,0.1919718235731125,-0.2149797230958938,-0.1487601101398468,0.9718542695045472,-0.2117849588394165,-0.1661231815814972,-0.2194359004497528,0.9541999697685242,0.2033517956733703,0.0159044656902551,-0.1792691349983215,0.9408256411552428,-0.1983334273099899,0.0790965929627418,-0.2560521960258484,0.9272657036781312,0.2059394270181656,0.0858256593346595,-0.1934072971343994,0.9007910490036012,-0.2078299224376678,0.1514848470687866,-0.2787659764289856,0.890615701675415,0.1830253154039383,0.0797149389982223,-0.235895499587059,0.9076432585716248,-0.1814498752355575,0.1505150943994522,-0.3046360611915588,0.8992287516593933,0.1874881833791732,0.0276164878159761,-0.1963559091091156,0.9013699293136596,-0.18258036673069,0.0950166434049606,-0.2657416462898254,0.8903076648712158,0.1074970513582229,-0.0086415577679872,0.002064129570499,0.999778926372528,-0.1080168262124061,0.008094323799014,-0.0017748278332874,0.9997301697731018,0.1199589744210243,0.3505016267299652,0.0470861233770847,0.9851894378662108,-0.0762621834874153,0.3625449240207672,0.0075940801762044,0.9862664937973022,0.1111854761838913,0.6021162271499634,0.3188158869743347,0.9529805779457092,-0.0564280748367309,0.6220409870147705,0.3059357702732086,0.9516422748565674,0.1136399954557418,0.6420183777809143,0.3409660756587982,0.7454462647438049,-0.0521749593317508,0.65854412317276,0.3312492370605469,0.7246216535568237,0.1511824131011963,0.7192115783691406,0.270766019821167,0.9436630010604858,-0.0620476901531219,0.763753354549408,0.2552994787693023,0.9301372170448304
0.0030997230205684,-0.5379922389984131,-0.4272436201572418,0.9999178647994996,0.0105511900037527,-0.578819751739502,-0.4233227074146271,0.999821662902832,0.0101921800523996,-0.5787848234176636,-0.4250178635120392,0.9998207092285156,0.0107058007270097,-0.578881025314331,-0.4232625067234039,0.9998379349708556,-0.0223816838115453,-0.5785225033760071,-0.4327335059642792,0.9998177886009216,-0.0201860554516315,-0.5795091986656189,-0.4329162836074829,0.9998061656951904,-0.0207944642752408,-0.5785040855407715,-0.4291006624698639,0.9998162388801576,0.0464011617004871,-0.5966365337371826,-0.3175031840801239,0.9996716976165771,-0.0901164636015892,-0.5894338488578796,-0.3459620773792267,0.9997053146362304,0.0136155113577842,-0.5214360356330872,-0.3894857168197632,0.9999213814735411,-0.0255921762436628,-0.5187678933143616,-0.3967697918415069,0.9999072551727296,0.1376633495092392,-0.4565725326538086,-0.2241191416978836,0.9999458193778992,-0.1870523989200592,-0.4244170188903808,-0.2607975602149963,0.9998978972434998,0.1902600824832916,-0.2161680907011032,-0.1464954614639282,0.9708393812179564,-0.2159701585769653,-0.1610610336065292,-0.2199397683143615,0.9562121033668518,0.2049550116062164,0.0149259334430098,-0.179138958454132,0.9402571320533752,-0.1983586996793747,0.0825537666678428,-0.2561107873916626,0.9286369681358336,0.2079731822013855,0.0848802104592323,-0.1935837268829345,0.9000701904296875,-0.2075459510087967,0.1546430736780166,-0.2787474989891052,0.8921366930007935,0.1852129101753235,0.0791484266519546,-0.2362607419490814,0.9069859981536864,-0.1813517361879348,0.1516507267951965,-0.3045945763587951,0.9006474018096924,0.1892633140087127,0.0268399994820356,-0.1964353322982788,0.9005205631256104,-0.1825506687164306,0.097370758652687,-0.2657766342163086,0.8913299441337585,0.1074220314621925,-0.0095436032861471,0.0052987057715654,0.9997851252555848,-0.1079495549201965,0.0089941024780273,-0.0050048604607582,0.9997346997261048,0.1277660876512527,0.3406984210014343,0.03733441978693,0.984857439994812,-0.0653552189469337,0.3626066148281097,0.0021904378663748,0.9863069653511048,0.1105251610279083,0.5986144542694092,0.3062025606632232,0.9514419436454772,-0.0621861144900321,0.6142644882202148,0.3021795749664306,0.9482292532920836,0.1128180027008056,0.6389391422271729,0.3281483054161072,0.7450918555259705,-0.0597638599574565,0.649993360042572,0.3279241323471069,0.7134205102920532,0.1543821692466735,0.7155035734176636,0.2629979252815246,0.9423192143440248,-0.0621647574007511,0.7559089064598083,0.2557067275047302,0.9259893894195556
0.0036661196500062,-0.5375872850418091,-0.4274734258651733,0.9999181032180786,0.0105010783299803,-0.5783273577690125,-0.4238937199115753,0.9998221397399902,0.0101426197215914,-0.5782923698425293,-0.4255898296833038,0.999820351600647,0.0106590809300541,-0.5783889889717102,-0.4238340556621551,0.9998377561569214,-0.0225046891719102,-0.5780941247940063,-0.4330938458442688,0.999820113182068,-0.0203063022345304,-0.5790775418281555,-0.4332773089408874,0.9998090267181396,-0.0209057964384555,-0.5780733823776245,-0.4294615685939789,0.99981951713562,0.0463199019432067,-0.5977462530136108,-0.3172141909599304,0.99966561794281,-0.09086175262928,-0.5892946720123291,-0.3462754487991333,0.9997117519378662,0.0148916216567158,-0.5210365056991577,-0.389910489320755,0.9999210834503174,-0.0247218832373619,-0.5185203552246094,-0.3969219923019409,0.9999083280563354,0.1376526653766632,-0.4598481357097626,-0.2210793197154998,0.9999441504478456,-0.1870402842760086,-0.4222252666950226,-0.2621362209320068,0.9998993277549744,0.1889643520116806,-0.2207536399364471,-0.1442883163690567,0.9696383476257324,-0.2199144214391708,-0.1584174036979675,-0.221202865242958,0.9584227800369264,0.2097411155700683,0.0093469768762588,-0.1765436828136444,0.9399273991584778,-0.1986280530691146,0.0856528207659721,-0.2574379444122314,0.9304978251457214,0.2138218581676483,0.0797352492809295,-0.1894804835319519,0.899795413017273,-0.2077149450778961,0.1582470685243606,-0.2794655859470367,0.8943793773651123,0.1919152736663818,0.0750521346926689,-0.2336007356643676,0.9067366719245912,-0.1814116835594177,0.1535140573978424,-0.3054108917713165,0.9027578234672546,0.1945902556180954,0.0219033230096101,-0.1941958516836166,0.9001864790916443,-0.1827216297388076,0.0998518541455268,-0.266913890838623,0.8932129740715027,0.1072443798184394,-0.0108408611267805,0.0104366615414619,0.9997889995574952,-0.1077869832515716,0.0102948769927024,-0.0101521089673042,0.9997405409812928,0.1380410194396972,0.3339321911334991,0.0386344455182552,0.9842323660850524,-0.0507789775729179,0.3625713586807251,-0.018262954428792,0.986588418483734,0.1098966374993324,0.5961974263191223,0.3067045509815216,0.9493342638015748,-0.0624101161956787,0.6124592423439026,0.2728479206562042,0.945936918258667,0.1120387688279151,0.6368557810783386,0.3285073339939117,0.744911253452301,-0.0601974390447139,0.6481434106826782,0.297586590051651,0.7038924098014832,0.1616315245628357,0.7114483714103699,0.2649140655994415,0.9404194951057434,-0.0546106770634651,0.7527744174003601,0.2347736805677414,0.922723650932312
0.0036064169835299,-0.5376833081245422,-0.4248387515544891,0.9999172687530518,0.0087006101384758,-0.579302191734314,-0.419658213853836,0.9998212456703186,0.0083585809916257,-0.5792686939239502,-0.4213718771934509,0.9998174905776978,0.0088884215801954,-0.5793672204017639,-0.4195724427700043,0.99983549118042,-0.0244684871286153,-0.5783435106277466,-0.4300038516521454,0.9998219013214112,-0.0222582872956991,-0.5793324708938599,-0.4301668405532837,0.9998111724853516,-0.0228325519710779,-0.5783342719078064,-0.426345944404602,0.9998225569725036,0.0438443385064601,-0.6011086106300354,-0.3098638653755188,0.9996532201766968,-0.093904472887516,-0.5895322561264038,-0.343081921339035,0.9997190237045288,0.0149661265313625,-0.521738588809967,-0.3863633871078491,0.9999185800552368,-0.0246921330690383,-0.51845782995224,-0.3946698606014251,0.999907910823822,0.13629150390625,-0.4636742174625397,-0.2114665210247039,0.9999379515647888,-0.1870295107364654,-0.4204126298427582,-0.2624450623989105,0.9998984336853028,0.1776590645313263,-0.2262620627880096,-0.1343360543251037,0.9666539430618286,-0.2261635959148407,-0.1573311388492584,-0.2231480926275253,0.9608418941497804,0.2095769494771957,0.0012364013819023,-0.1664869785308838,0.9380066394805908,-0.2008499801158905,0.0870440751314163,-0.259733498096466,0.932873547077179,0.2137989699840545,0.0719090551137924,-0.1778679192066192,0.8977338671684265,-0.2094233036041259,0.1602539867162704,-0.2813698053359985,0.8972954154014587,0.1925671696662902,0.0682371035218238,-0.2239639163017273,0.90484356880188,-0.1823660880327224,0.1544537544250488,-0.3078019022941589,0.9054929614067078,0.194421961903572,0.0144090997055172,-0.184888869524002,0.8982985615730286,-0.1843965053558349,0.1010125577449798,-0.2691400647163391,0.8959329724311829,0.1068780273199081,-0.0121459132060408,0.0167677495628595,0.999789535999298,-0.1074473336338996,0.011603595688939,-0.016479704529047,0.9997419714927672,0.1493756771087646,0.3226838409900665,0.0392287150025367,0.9834463000297546,-0.0460373014211654,0.3625363111495971,-0.0357820838689804,0.9868437051773072,0.1009372174739837,0.5947968363761902,0.3042188882827759,0.9468221664428712,-0.0692455619573593,0.6024507880210876,0.2492960691452026,0.9431521892547609,0.101033791899681,0.6360054612159729,0.3255760371685028,0.7449131608009338,-0.0680692046880722,0.6366071105003357,0.2734355926513672,0.6917067170143127,0.1611143201589584,0.70947265625,0.2649773955345154,0.9381182789802552,-0.0526472553610801,0.738822340965271,0.2166055589914322,0.9188262820243835
0.0034755531232804,-0.5374561548233032,-0.4209481179714203,0.9999146461486816,0.0066863331012427,-0.5793694257736206,-0.4145868122577667,0.999817430973053,0.0063608847558498,-0.579336941242218,-0.4162959456443786,0.9998112916946412,0.0069046025164425,-0.5794346928596497,-0.4144697785377502,0.9998300671577454,-0.0260918345302343,-0.5781256556510925,-0.426899254322052,0.9998210668563844,-0.0238625351339578,-0.579113781452179,-0.4270432293415069,0.9998105764389038,-0.0244205724447965,-0.5781155228614807,-0.4232139885425567,0.9998231530189514,0.0347755998373031,-0.6024370193481445,-0.3024992942810058,0.9996393918991088,-0.1006166189908981,-0.5894758701324463,-0.3427349627017975,0.9997250437736512,0.0142504181712865,-0.5219159126281738,-0.3813255131244659,0.9999158382415771,-0.0252103023231029,-0.5182364583015442,-0.3921056389808655,0.9999076724052428,0.1248963698744773,-0.4682708978652954,-0.2005086541175842,0.9999331831932068,-0.1933933049440384,-0.4163530468940735,-0.2638168931007385,0.9998986124992372,0.1667732298374176,-0.2354788333177566,-0.1178379878401756,0.9626370072364808,-0.238313540816307,-0.1511965692043304,-0.2273085564374923,0.963209331035614,0.2083877027034759,-0.0101677207276225,-0.148270770907402,0.9342238903045654,-0.2065170705318451,0.0914326608180999,-0.2618706822395324,0.9350166916847228,0.2133647799491882,0.0599290132522583,-0.1590803265571594,0.893024206161499,-0.2144030183553695,0.1637765616178512,-0.2827182114124298,0.8999960422515869,0.192287802696228,0.0570342279970645,-0.2047465443611145,0.9004244804382324,-0.1873607784509658,0.1564732491970062,-0.3089854121208191,0.9080277681350708,0.193659096956253,0.0034876342397183,-0.1667521446943283,0.8938987851142883,-0.1898969858884811,0.1046759784221649,-0.2709142565727234,0.8984244465827942,0.1062052771449089,-0.0137956123799085,0.0217478107661008,0.9997865557670592,-0.1068098172545433,0.0132614104077219,-0.021463431417942,0.9997428059577942,0.1567551642656326,0.3197762072086334,0.0402118898928165,0.9825059175491332,-0.0426050201058387,0.3626556694507599,-0.0396966151893138,0.9870365262031556,0.0876844972372055,0.5957478880882263,0.3046416044235229,0.9436895847320556,-0.0733817890286445,0.6053644418716431,0.2324031740427017,0.9418391585350036,0.0854059532284736,0.6369251012802124,0.3258766233921051,0.7457042336463928,-0.0727657303214073,0.640211820602417,0.2549896240234375,0.6855538487434387,0.1554856896400451,0.7109257578849792,0.2684589624404907,0.9355347752571106,-0.0521049909293651,0.7421468496322632,0.1968978643417358,0.9164899587631226
0.0042611309327185,-0.5422322750091553,-0.4006200432777405,0.999910056591034,0.0066442089155316,-0.5848953127861023,-0.3924301564693451,0.9998093247413636,0.0063215973787009,-0.5848516225814819,-0.3941548466682434,0.999800443649292,0.0068647395819425,-0.5849567651748657,-0.3923011124134063,0.9998202323913574,-0.026063960045576,-0.5826489925384521,-0.4073746502399444,0.9998170137405396,-0.0238351821899414,-0.5836470723152161,-0.4074976444244385,0.999807357788086,-0.0243941899389028,-0.5826494693756104,-0.4036616384983063,0.9998213648796082,0.029621634632349,-0.608165442943573,-0.2787345349788666,0.9996135234832764,-0.1031749695539474,-0.5921425819396973,-0.3304040133953094,0.999727427959442,0.0142213124781847,-0.5269308686256409,-0.3606375455856323,0.9999119639396667,-0.0251585524529218,-0.5219551920890808,-0.3748906850814819,0.9999064207077026,0.1162217706441879,-0.471599817276001,-0.1793374419212341,0.9999290108680724,-0.1951947808265686,-0.4164042770862579,-0.2607912123203277,0.9998984336853028,0.1626052111387252,-0.2404831498861313,-0.0962125584483146,0.9592315554618835,-0.237481877207756,-0.1498952358961105,-0.2268640697002411,0.965256929397583,0.2081013321876526,-0.0153436148539185,-0.1336266994476318,0.9309970140457152,-0.2078099697828292,0.0915464460849762,-0.2610155344009399,0.9369957447052002,0.2131909281015396,0.0543539114296436,-0.145265519618988,0.8890385627746582,-0.2157494872808456,0.163860335946083,-0.2822250723838806,0.9024609327316284,0.1921232193708419,0.0510508641600608,-0.1914922147989273,0.8967612385749817,-0.1892431825399398,0.1564609557390213,-0.3085885643959045,0.9103490114212036,0.1935721188783645,-0.0018606593366712,-0.1527772098779678,0.8903722763061523,-0.1914621889591217,0.1047671809792518,-0.2700265645980835,0.9006762504577637,0.1052900478243827,-0.0142339831218123,0.0242587104439735,0.999784767627716,-0.1059248521924018,0.0136933466419577,-0.0239609982818365,0.999743103981018,0.1540751755237579,0.3218065202236175,0.040485143661499,0.9815838932991028,-0.0420981310307979,0.3615110218524933,-0.0387867912650108,0.9870694279670716,0.0823653489351272,0.5957186818122864,0.3063289225101471,0.93953537940979,-0.0749762505292892,0.602583110332489,0.2382859289646148,0.939546525478363,0.0802232027053833,0.6368164420127869,0.3278059661388397,0.7443233728408813,-0.0744663625955581,0.6372168064117432,0.2614805400371551,0.6779108643531799,0.1513700634241104,0.7107853889465332,0.2752442061901092,0.9321138858795166,-0.0512107647955417,0.737837016582489,0.2021916061639785,0.9135171175003052
0.0046730889007449,-0.5444737076759338,-0.4032027423381805,0.9999101161956788,0.0061446595937013,-0.5875962972640991,-0.3952189683914184,0.9998106360435486,0.0058299549855291,-0.5875520706176758,-0.3969489932060241,0.999799907207489,0.006377525627613,-0.5876588225364685,-0.3951023519039154,0.999819815158844,-0.0263045169413089,-0.5845953226089478,-0.4099351763725281,0.9998206496238708,-0.0240709353238344,-0.5855932831764221,-0.4100572168827057,0.999811589717865,-0.0246250815689563,-0.5845897793769836,-0.406224250793457,0.9998261332511902,0.025889640673995,-0.6103003025054932,-0.2819164395332336,0.999606430530548,-0.1057470068335533,-0.5922075510025024,-0.3316989839076996,0.999738335609436,0.0142231974750757,-0.5289612412452698,-0.3633041083812713,0.9999120235443116,-0.0250605680048465,-0.5230348110198975,-0.3770956993103027,0.999908447265625,0.1129093095660209,-0.4727751016616821,-0.1819307506084442,0.9999255537986756,-0.1959703862667083,-0.4130929410457611,-0.2668870091438293,0.9998996257781982,0.1592131108045578,-0.2404693812131881,-0.1000108793377876,0.955699622631073,-0.238172560930252,-0.1441206187009811,-0.2364784628152847,0.967606484889984,0.207647368311882,-0.0143531765788793,-0.1388551294803619,0.9288244843482972,-0.2096360325813293,0.0975103080272674,-0.2679484188556671,0.9400253891944884,0.2130482941865921,0.0556421652436256,-0.1509446203708648,0.8866339921951294,-0.2178145945072174,0.170273870229721,-0.2895688712596893,0.906442403793335,0.1919143497943878,0.0523685999214649,-0.1972261816263198,0.8945441842079163,-0.1910896599292755,0.1618028283119201,-0.3168359398841858,0.914050817489624,0.1931641399860382,-0.0007674851221963,-0.158025860786438,0.8882430195808411,-0.1932730674743652,0.1105299890041351,-0.2770364582538605,0.9045124650001526,0.1042938902974128,-0.0148727903142571,0.0280335526913404,0.9997841715812684,-0.1049524173140525,0.0143308183178305,-0.0277302972972393,0.9997431635856628,0.1522616147994995,0.3189159631729126,0.04774796590209,0.9803501963615416,-0.0431763567030429,0.3606063425540924,-0.0371847450733184,0.9870007634162904,0.0718279406428337,0.5954384803771973,0.3092078566551208,0.9355393648147584,-0.0839566215872764,0.5954157114028931,0.242532268166542,0.9359577298164368,0.0698037892580032,0.6367014646530151,0.3303281962871551,0.7431141138076782,-0.0839876979589462,0.6292349696159363,0.2659858167171478,0.6655349731445312,0.1456801295280456,0.7079046964645386,0.2811639308929443,0.9288962483406068,-0.0514904893934726,0.7268514037132263,0.206972599029541,0.908897340297699
0.0062457579188048,-0.5463495850563049,-0.4024678468704223,0.9999088048934937,0.0062063205987215,-0.5894601345062256,-0.3940915167331695,0.9998100996017456,0.0058937817811965,-0.5894241333007812,-0.3958129286766052,0.9997977018356324,0.0064416630193591,-0.5895247459411621,-0.3939630389213562,0.9998178482055664,-0.0259570572525262,-0.5862237215042114,-0.4096391201019287,0.999822437763214,-0.0237182360142469,-0.5872192978858948,-0.4097500443458557,0.999813973903656,-0.0242680143564939,-0.5862066149711609,-0.4059160351753235,0.999829113483429,0.0239926427602767,-0.6113598346710205,-0.2807657420635223,0.9996008276939392,-0.1061741337180137,-0.5923570394515991,-0.3327308893203735,0.9997469782829284,0.0144826294854283,-0.5306776165962219,-0.3623419404029846,0.9999121427536012,-0.0243505779653787,-0.5242903232574463,-0.3771169185638428,0.9999104142189026,0.109177254140377,-0.4753786921501159,-0.1807618290185928,0.999923050403595,-0.197860911488533,-0.4106987416744232,-0.2698315382003784,0.9999013543128968,0.1559771597385406,-0.2411080449819564,-0.0979513972997665,0.9516649842262268,-0.2385540157556533,-0.1391719877719879,-0.2413900792598724,0.9697089791297911,0.2075766772031784,-0.0140861868858337,-0.1360180526971817,0.9260936379432678,-0.2113934606313705,0.1034950911998748,-0.2706795632839203,0.9425864219665528,0.213651567697525,0.0558546669781208,-0.147424966096878,0.8836263418197632,-0.2208165675401687,0.1757532060146331,-0.2916607856750488,0.9099261164665222,0.1923165619373321,0.0525244958698749,-0.1936249732971191,0.8917361497879028,-0.194904550909996,0.1669241189956665,-0.3190060257911682,0.917319357395172,0.1930827498435974,-0.0003873940731864,-0.1551508605480194,0.8855546116828918,-0.1956676095724105,0.1164723485708236,-0.2797292172908783,0.9079861640930176,0.1034749075770378,-0.0157987549901008,0.0304408129304647,0.9997860193252563,-0.1041405797004699,0.0152660645544528,-0.030159929767251,0.9997488260269164,0.1508852243423462,0.3188329339027405,0.0544790886342525,0.9786287546157836,-0.0403555184602737,0.3594980835914612,-0.0373177491128444,0.9869128465652466,0.0662387832999229,0.5840033888816833,0.3256639540195465,0.9276443719863892,-0.0827976167201995,0.5921517610549927,0.2424534559249878,0.9324255585670472,0.0642076283693313,0.6240413784980774,0.348531037569046,0.7386585474014282,-0.0824801549315452,0.6258457899093628,0.2661695182323456,0.6557371020317078,0.1409515887498855,0.695219874382019,0.3093098402023315,0.9227402806282043,-0.0473235137760639,0.7213544845581055,0.2094654738903045,0.9039433598518372
0.0104534951969981,-0.5412997603416443,-0.4042575061321258,0.9999033808708192,0.0082065435126423,-0.5850189328193665,-0.3961215317249298,0.9998019337654114,0.0079014841467142,-0.5849834680557251,-0.3978422880172729,0.9997873902320862,0.0084564331918954,-0.5850940346717834,-0.39597088098526,0.999809205532074,-0.0229139067232608,-0.5807945728302002,-0.4134614169597626,0.9998160600662231,-0.0206641983240842,-0.5817686319351196,-0.413563072681427,0.9998074173927308,-0.0212094988673925,-0.5807440876960754,-0.4097084999084472,0.9998243451118468,0.0246702786535024,-0.6095766425132751,-0.2837983667850494,0.9995840191841124,-0.1054741591215133,-0.5859782695770264,-0.3429509103298187,0.9997477531433104,0.0169780123978853,-0.5269649624824524,-0.3639388382434845,0.9999088048934937,-0.0205937922000885,-0.5192366242408752,-0.3806772232055664,0.9999087452888488,0.1105899065732956,-0.4753766059875488,-0.1849332898855209,0.9999211430549622,-0.1970415413379669,-0.4060864150524139,-0.2842344641685486,0.9999023079872132,0.1577225774526596,-0.2419627010822296,-0.1036862209439277,0.947972059249878,-0.2383693009614944,-0.1367201805114746,-0.2602302134037018,0.9716448783874512,0.2104528397321701,-0.0130421929061412,-0.1403476148843765,0.9234073162078856,-0.2114481478929519,0.1084228083491325,-0.2858022451400757,0.9450265765190125,0.2183765470981598,0.0568656288087368,-0.1521525382995605,0.8800263404846191,-0.2215717136859893,0.1798619329929351,-0.3059716820716858,0.9132199287414552,0.1966323107481002,0.0536378175020217,-0.1977875828742981,0.8883921504020691,-0.1952027827501297,0.1714695990085601,-0.3321760892868042,0.9204180240631104,0.1960321366786956,0.0006903874455019,-0.1592540144920349,0.8822893500328064,-0.1957422494888305,0.1216496080160141,-0.2944569289684295,0.9112148880958556,0.1028487682342529,-0.0160609632730484,0.0319322682917118,0.9997873306274414,-0.1035185828804969,0.0155334798619151,-0.0316505208611488,0.999749720096588,0.1522961854934692,0.3174796402454376,0.0566515102982521,0.9761511087417604,-0.0325336679816246,0.3593012392520904,-0.0366314649581909,0.9862197637557985,0.0635358840227127,0.5843782424926758,0.325587123632431,0.919145405292511,-0.0826915651559829,0.5895311832427979,0.24249167740345,0.9252092242240906,0.0609428137540817,0.624568521976471,0.3482688069343567,0.7305867671966553,-0.0828775689005851,0.6228387355804443,0.266562283039093,0.6386716365814209,0.1371221840381622,0.6964884996414185,0.3079348504543304,0.916046679019928,-0.0467382967472076,0.7200088500976562,0.2113475352525711,0.8956983089447021
0.013262677937746,-0.5309997200965881,-0.4231880605220794,0.9999021291732788,0.0102827958762645,-0.575186014175415,-0.4169165194034576,0.9998006820678712,0.0099831027910113,-0.5751333832740784,-0.4186622500419616,0.999784529209137,0.0105580575764179,-0.575275719165802,-0.4167654514312744,0.999807357788086,-0.0204572565853595,-0.569905161857605,-0.4331393539905548,0.9998157620429992,-0.0181945879012346,-0.5708394646644592,-0.4332045018672943,0.999807059764862,-0.018732352182269,-0.5698163509368896,-0.4293220937252044,0.9998251795768738,0.0249882508069276,-0.60187166929245,-0.3073820769786834,0.9995771050453186,-0.1033311337232589,-0.5733758807182312,-0.3613604009151459,0.9997535347938538,0.019258826971054,-0.5174472332000732,-0.3839066326618194,0.9999077320098876,-0.0176822766661643,-0.5083003640174866,-0.3992548882961273,0.999909281730652,0.1108135804533958,-0.472004622220993,-0.1968111097812652,0.9999218583106996,-0.1906516253948211,-0.3995957970619201,-0.303735077381134,0.9999054670333862,0.1612219661474228,-0.2413492798805236,-0.126514732837677,0.9477133750915528,-0.2404287308454513,-0.1330206990242004,-0.286473661661148,0.9736547470092772,0.2141787260770797,-0.0107822930440306,-0.1826336532831192,0.9238306879997252,-0.2132684290409088,0.1125489845871925,-0.3172217309474945,0.9480518698692322,0.2234023213386535,0.0574889741837978,-0.2007325440645218,0.880143940448761,-0.2240913659334182,0.1817099004983902,-0.3401426970958709,0.9172139167785645,0.2016557455062866,0.0540685467422008,-0.2440365999937057,0.888425350189209,-0.1961578577756881,0.1722132563591003,-0.3652022778987884,0.9241049289703368,0.2000636309385299,0.0028140286449342,-0.202207013964653,0.8820115327835083,-0.1970944255590438,0.12503083050251,-0.3259285688400268,0.914913535118103,0.1017085835337638,-0.015844902023673,0.0330819599330425,0.9997879266738892,-0.1023914664983749,0.0153195522725582,-0.032750092446804,0.999745786190033,0.1677618324756622,0.3151722848415375,0.0428948476910591,0.9732528924942015,-0.0247247330844402,0.3570138216018677,-0.0417406484484672,0.984668791294098,0.0583226419985294,0.573102593421936,0.3132812082767486,0.9071293473243712,-0.0887769162654876,0.566817045211792,0.2428417354822158,0.913053035736084,0.0526896454393863,0.6115491390228271,0.3365834057331085,0.7179114818572998,-0.0921344459056854,0.5978509187698364,0.2677826285362243,0.6171359419822693,0.1213320642709732,0.684448778629303,0.3051017820835113,0.9062183499336244,-0.0553678534924984,0.6941527724266052,0.216781884431839,0.8841912150382996
0.0178797151893377,-0.5274598002433777,-0.4277040362358093,0.9999051690101624,0.0143270781263709,-0.5716696381568909,-0.4213572144508362,0.9998065233230592,0.0140267573297023,-0.571607232093811,-0.4231287837028503,0.9997899532318116,0.0146441748365759,-0.5717623233795166,-0.4212251603603363,0.9998125433921814,-0.0163318607956171,-0.5659233331680298,-0.4376140832901001,0.9998216032981871,-0.0140595939010381,-0.566843569278717,-0.4376915991306305,0.999812662601471,-0.0145755447447299,-0.5658183693885803,-0.4338026642799377,0.999830722808838,0.0257200319319963,-0.5976436138153076,-0.310919851064682,0.9995806813240052,-0.1014257073402404,-0.5666571259498596,-0.3652854859828949,0.9997630715370178,0.0225420370697975,-0.5135414004325867,-0.3885180950164795,0.9999085664749146,-0.0141571508720517,-0.5036855340003967,-0.4040447771549225,0.9999117255210876,0.1113502755761146,-0.4674371182918548,-0.1975261867046356,0.9999250769615172,-0.1857604682445526,-0.3971180021762848,-0.3094969987869262,0.9999096989631652,0.1719463914632797,-0.2398961335420608,-0.1309650540351867,0.947287142276764,-0.2448190450668335,-0.133998155593872,-0.2956887185573578,0.9755016565322876,0.2212021499872207,-0.0073093809187412,-0.2082468420267105,0.9236821532249452,-0.2164200693368911,0.1111369654536247,-0.3291618227958679,0.9505610466003418,0.2315317392349243,0.0579500682651996,-0.2320617884397506,0.8796781301498413,-0.2264166474342346,0.1804912835359573,-0.3544904589653015,0.9203322529792786,0.2087871730327606,0.0547179877758026,-0.2729484438896179,0.8878065347671509,-0.1972576230764389,0.1684660017490387,-0.3781355023384094,0.9269230365753174,0.2072330117225647,0.0059015098959207,-0.2282182723283767,0.8806850910186768,-0.1994801312685012,0.1241443306207656,-0.3376347422599792,0.9173773527145386,0.1003599464893341,-0.0153385167941451,0.035499732941389,0.9997942447662354,-0.1010719239711761,0.0148160187527537,-0.0350924395024776,0.9997472167015076,0.1744274199008941,0.3082955479621887,0.0269228592514991,0.968866765499115,-0.0134254721924662,0.3519433736801147,-0.0611855201423168,0.9819534420967102,0.0596104487776756,0.5715641975402832,0.2814624309539795,0.8979339599609375,-0.0951835215091705,0.5512596964836121,0.2239392697811126,0.8999665379524231,0.0537524186074733,0.6104117035865784,0.302646666765213,0.7100841403007507,-0.1017440035939216,0.5815717577934265,0.2495884150266647,0.5981221795082092,0.120986558496952,0.6806744933128357,0.2641346156597137,0.8993511199951172,-0.0643491074442863,0.6770219802856445,0.2073448151350021,0.8745014071464539
0.0184157826006412,-0.511613130569458,-0.4471111297607422,0.9999106526374816,0.0151091003790497,-0.5556607246398926,-0.4417425096035003,0.9998165369033812,0.0147969210520386,-0.5555998682975769,-0.4434608519077301,0.9998000860214232,0.0154366604983806,-0.5557520985603333,-0.4415499269962311,0.9998213648796082,-0.0155431227758526,-0.5501937866210938,-0.4565965831279754,0.9998313784599304,-0.0132652847096323,-0.5511137247085571,-0.4566959142684936,0.999822735786438,-0.0137607920914888,-0.5500843524932861,-0.4528227150440216,0.9998397827148438,0.0269292797893285,-0.5824475884437561,-0.3319810330867767,0.9995981454849244,-0.0993617251515388,-0.552375316619873,-0.381079763174057,0.9997766017913818,0.0235472116619348,-0.4983430206775665,-0.408100962638855,0.9999121427536012,-0.0131406653672456,-0.4887415170669555,-0.4217983782291412,0.9999166131019592,0.1141586005687713,-0.4588603973388672,-0.2125031352043151,0.999927282333374,-0.1834805905818939,-0.3863770365715027,-0.3181681632995605,0.9999138712882996,0.1840786933898925,-0.2360937893390655,-0.150438129901886,0.9480260014533995,-0.2524302303791046,-0.1265574097633361,-0.3079537153244018,0.9771003723144532,0.237554520368576,-0.0014603793388232,-0.2187290638685226,0.924383819103241,-0.2321904450654983,0.1190766394138336,-0.3473550975322723,0.9526243805885316,0.249705970287323,0.060311809182167,-0.2391590774059295,0.8801944255828857,-0.245127722620964,0.1841847449541092,-0.3720061182975769,0.9228654503822328,0.2265441864728927,0.058961134403944,-0.2795940935611725,0.8880721926689148,-0.2152396738529205,0.1728606522083282,-0.394110232591629,0.9292111396789552,0.2238579839468002,0.012390200048685,-0.2378765791654586,0.8803266286849976,-0.2155946046113968,0.1314260810613632,-0.3553385436534881,0.919374406337738,0.0994508564472198,-0.015338659286499,0.036026045680046,0.999796986579895,-0.1001928150653839,0.0148171577602624,-0.0355906225740909,0.9997497797012328,0.1862341314554214,0.3044381439685821,0.0154104363173246,0.9655118584632874,5.050543768447824e-05,0.3404513001441955,-0.1032368317246437,0.9808441996574402,0.0549650788307189,0.5730522274971008,0.258777916431427,0.8923551440238953,-0.0945162326097488,0.5585618019104004,0.1581787168979644,0.8953342437744141,0.0467412993311882,0.6122956275939941,0.2792361676692962,0.709057629108429,-0.1014389172196388,0.5904325246810913,0.1812181919813156,0.5935775637626648,0.1119163483381271,0.6830200552940369,0.2384175956249237,0.8951154351234436,-0.065382145345211,0.6878069043159485,0.1323510408401489,0.8714120984077454
0.0181018877774477,-0.5014445185661316,-0.4648074507713318,0.9999170899391174,0.015027480199933,-0.5448303818702698,-0.4603041112422943,0.999828279018402,0.0147148827090859,-0.5447189211845398,-0.4620142579078674,0.9998124837875366,0.0153528777882456,-0.5448625087738037,-0.4600882530212402,0.9998319745063782,-0.0156386643648147,-0.5393994450569153,-0.4726910591125488,0.9998427033424376,-0.01335668284446,-0.5403039455413818,-0.4727845191955566,0.9998345375061036,-0.013849614188075,-0.5392820239067078,-0.4688742458820343,0.9998505115509032,0.0304576307535171,-0.5696329474449158,-0.3508545458316803,0.9996187090873718,-0.0982546508312225,-0.5399702787399292,-0.388926237821579,0.99979168176651,0.0234494525939226,-0.4874391555786133,-0.4266285896301269,0.99991637468338,-0.0132661489769816,-0.4778588116168976,-0.436920553445816,0.9999221563339232,0.1212926432490348,-0.4442964196205139,-0.2268286645412445,0.9999288320541382,-0.1799220889806747,-0.3781969845294952,-0.3181628882884979,0.9999187588691713,0.1942128241062164,-0.2286139130592346,-0.1615988761186599,0.9494045376777648,-0.2683506608009338,-0.1192858517169952,-0.3067525923252105,0.978287398815155,0.2481536716222763,0.0042751082219183,-0.2199360430240631,0.9236538410186768,-0.2582495808601379,0.1232198029756546,-0.3580572307109833,0.9533279538154602,0.2624285817146301,0.0626108944416046,-0.239760935306549,0.8776397109031677,-0.2708937227725982,0.1854862421751022,-0.3853200674057007,0.9228695034980774,0.2441199421882629,0.0635549426078796,-0.2793368995189667,0.8855088949203491,-0.2391545921564102,0.1745188981294632,-0.4067559838294983,0.9291943907737732,0.236806645989418,0.0183380935341119,-0.2388416975736618,0.8766970634460449,-0.2408384084701538,0.1349511444568634,-0.3663557767868042,0.9185459613800048,0.0985156074166297,-0.015172891318798,0.0356660671532154,0.999792754650116,-0.0993132889270782,0.0146539155393838,-0.0352054387331008,0.9997538924217224,0.1891209185123443,0.3058695495128631,0.0168751366436481,0.9609039425849916,0.0175772458314895,0.3327209651470184,-0.1277540177106857,0.9793165922164916,0.0565806776285171,0.5686878561973572,0.2847205400466919,0.8816612362861633,-0.0743109807372093,0.5620168447494507,0.1454784125089645,0.8908595442771912,0.048627745360136,0.6072719097137451,0.3083378374576568,0.7012965083122253,-0.0828575491905212,0.5947973728179932,0.1696545183658599,0.5905246734619141,0.1094942092895507,0.6817878484725952,0.2707477807998657,0.887198269367218,-0.0499868988990783,0.693617582321167,0.1146939992904663,0.8702870607376099
0.0160287301987409,-0.4987849295139313,-0.4708535969257355,0.999923825263977,0.0147427599877119,-0.5412089824676514,-0.4661996364593506,0.999841332435608,0.0144287040457129,-0.5410634875297546,-0.4678883850574493,0.9998263716697692,0.0150950942188501,-0.5412025451660156,-0.4659747183322906,0.9998437166213988,-0.0165274478495121,-0.5360308885574341,-0.4768606722354889,0.999855101108551,-0.0142302559688687,-0.5369241237640381,-0.4769126772880554,0.9998475313186646,-0.0147114805877208,-0.5358892679214478,-0.4729766547679901,0.9998621344566344,0.0352223590016365,-0.5624262094497681,-0.357799619436264,0.9996439814567566,-0.0969949215650558,-0.5339978337287903,-0.3877491652965545,0.9998078942298888,0.0231979005038738,-0.4835542440414428,-0.4336170256137848,0.99992173910141,-0.0140999648720026,-0.4742820262908935,-0.4411103129386902,0.9999284744262696,0.129909336566925,-0.4348326325416565,-0.2350605428218841,0.9999293088912964,-0.1761484593153,-0.3722000122070312,-0.314525306224823,0.9999238848686218,0.2022031247615814,-0.2223949432373047,-0.1709147691726684,0.9510683417320251,-0.2765597999095917,-0.1166852861642837,-0.3021237254142761,0.9790834784507751,0.2535016238689422,0.0162705518305301,-0.2246595472097396,0.9223379492759703,-0.2746846973896026,0.1266341507434845,-0.3600338995456695,0.9528270959854126,0.2687136232852936,0.073633998632431,-0.2445066571235656,0.8747597336769104,-0.2885037362575531,0.1875188946723938,-0.3874289989471435,0.921290397644043,0.251693844795227,0.0782013833522796,-0.2822620868682861,0.8824767470359802,-0.2560015320777893,0.1773879379034042,-0.4089734554290771,0.9276934266090392,0.2429876327514648,0.0314132533967494,-0.2428948879241943,0.8724387288093567,-0.2574306130409241,0.1384493112564087,-0.3684905171394348,0.916146755218506,0.0980770736932754,-0.0146783757954835,0.0356212593615055,0.9997907280921936,-0.0989174842834472,0.014169699512422,-0.0351106263697147,0.9997671842575072,0.2101028710603714,0.3108601868152618,0.0250743478536605,0.9547358751296996,0.0236021615564823,0.3084714710712433,-0.1786966025829315,0.9785847067832948,0.0527247041463851,0.5344426035881042,0.3354050815105438,0.8604997396469116,-0.0636773332953453,0.5644059181213379,0.0772695913910865,0.8913361430168152,0.0411841571331024,0.5675751566886902,0.3633488714694977,0.688075840473175,-0.0722427070140838,0.5978805422782898,0.0996184572577476,0.5993594527244568,0.0901549309492111,0.6529320478439331,0.3353009521961212,0.8712635636329651,-0.0412748120725154,0.696018636226654,0.0317019782960414,0.873476505279541
0.0139145785942673,-0.4815719723701477,-0.4867370128631592,0.9999301433563232,0.0139358863234519,-0.5240817070007324,-0.4825251400470733,0.9998540282249452,0.0136205647140741,-0.5239067673683167,-0.4841635227203369,0.999839961528778,0.0143258972093462,-0.5240297317504883,-0.4822395741939544,0.9998552799224854,-0.01808413118124,-0.5182232856750488,-0.4922294616699219,0.9998670816421508,-0.0157543029636144,-0.5190709829330444,-0.4922263324260711,0.9998601675033568,-0.0162230748683214,-0.518032431602478,-0.4882649183273315,0.9998734593391418,0.0370220094919204,-0.5465265512466431,-0.3748998045921325,0.9996708035469056,-0.0968710556626319,-0.5156210660934448,-0.3983226418495178,0.9998242259025574,0.022808140143752,-0.4668994545936584,-0.4498222768306732,0.999927580356598,-0.0150940064340829,-0.4569281935691833,-0.455517828464508,0.9999346137046814,0.1356038600206375,-0.4242551326751709,-0.2499412447214126,0.9999307990074158,-0.1740674823522567,-0.3563435673713684,-0.3189933896064758,0.999928891658783,0.2106982618570327,-0.2169787287712097,-0.1834330409765243,0.952688992023468,-0.2814895212650299,-0.1034704446792602,-0.3120667636394501,0.9798305034637452,0.2560344636440277,0.0238046012818813,-0.2324090749025344,0.9197797179222108,-0.2887186110019684,0.1319615840911865,-0.3774843215942383,0.952031910419464,0.2704036235809326,0.0802604183554649,-0.2519766688346863,0.8700494170188904,-0.3058188855648041,0.1892060041427612,-0.4055350124835968,0.9193885326385498,0.2527272403240204,0.0849554985761642,-0.2889956831932068,0.8777197003364563,-0.2748937308788299,0.1784351021051406,-0.4269847869873047,0.9259665608406068,0.2452095448970794,0.0388669297099113,-0.2503465116024017,0.8666738271713257,-0.2728760540485382,0.142655923962593,-0.3860333859920501,0.9137095808982848,0.0976816043257713,-0.0143488999456167,0.0354596264660358,0.9997961521148682,-0.0985694900155067,0.0138519341126084,-0.034918263554573,0.999782145023346,0.2281079143285751,0.310620367527008,0.0250790286809206,0.9490028619766236,0.0354641452431678,0.2954546809196472,-0.1860018372535705,0.9769678115844728,0.0430281795561313,0.4736154973506927,0.3372877836227417,0.8339130878448486,-0.0646139904856681,0.5330151915550232,0.0848666951060295,0.8853476643562317,0.0267924573272466,0.5008062124252319,0.3663153052330017,0.6726430654525757,-0.0742756053805351,0.5660743713378906,0.1097052916884422,0.6024279594421387,0.0591005980968475,0.5935729742050171,0.3472538590431213,0.8505516648292542,-0.0463951826095581,0.6769214868545532,0.0542815327644348,0.8714958429336548
0.0131146991625428,-0.4610906541347503,-0.5135732889175415,0.9999367594718932,0.0129792429506778,-0.5046949982643127,-0.5080633759498596,0.9998675584793092,0.0126632284373044,-0.5045294165611267,-0.5096254944801331,0.9998546242713928,0.0134157370775938,-0.5046022534370422,-0.5076926350593567,0.999868392944336,-0.0193106047809124,-0.4979280829429626,-0.5198783874511719,0.9998795986175536,-0.0169462002813816,-0.4987525641918182,-0.5198290944099426,0.9998732805252076,-0.0173993483185768,-0.4977399110794067,-0.5158594250679016,0.999885320663452,0.0354530252516269,-0.5285172462463379,-0.3969119489192962,0.9997010827064514,-0.0985361188650131,-0.4933315217494964,-0.4294009804725647,0.9998409748077391,0.0219021420925855,-0.4467693865299225,-0.4755672812461853,0.9999343156814576,-0.0162157006561756,-0.4355499744415283,-0.4841749370098114,0.9999408721923828,0.1346795409917831,-0.4102026522159576,-0.2750618755817413,0.999935269355774,-0.1742340326309204,-0.326327234506607,-0.3495602011680603,0.9999343752861024,0.2084011882543563,-0.2121825963258743,-0.1994753926992416,0.9551003575325012,-0.2806813716888428,-0.0672432854771614,-0.3513035178184509,0.9809854030609132,0.2555252015590668,0.0273770671337842,-0.2341471165418625,0.9187273383140564,-0.2901186048984527,0.1589362919330597,-0.4121260941028595,0.9529166221618652,0.2702975869178772,0.0841389745473861,-0.2507393956184387,0.8670496940612793,-0.3091621994972229,0.2137529999017715,-0.4402841925621032,0.92024427652359,0.2529576122760772,0.0908762365579605,-0.2887333333492279,0.8746179938316345,-0.2780992388725281,0.201567068696022,-0.4597195088863373,0.926766037940979,0.2450230121612548,0.0433780886232852,-0.2520242929458618,0.863402783870697,-0.27466881275177,0.1685216873884201,-0.419668972492218,0.9144096970558168,0.0965375155210495,-0.014378965832293,0.0352944433689117,0.9998114705085754,-0.0974963456392288,0.0138858212158083,-0.0347842462360858,0.9998005032539368,0.2389788329601287,0.2969074845314026,-0.0078278305009007,0.9438546895980836,0.0635651350021362,0.2847734093666076,-0.1969494521617889,0.9746017456054688,0.0384552218019962,0.4084675908088684,0.3353102207183838,0.8042594790458679,-0.0637771487236023,0.4575740694999695,0.1117003783583641,0.8713163137435913,0.0200309734791517,0.4317397177219391,0.3613351285457611,0.6553688049316406,-0.0745457559823989,0.4850892424583435,0.1395369470119476,0.6003931164741516,0.0406030528247356,0.5270496606826782,0.3430904746055603,0.8262559771537781,-0.0537446476519107,0.604594886302948,0.0744483098387718,0.8629775643348694
0.0138512179255485,-0.4120683670043945,-0.553585946559906,0.9999424815177916,0.0135479439049959,-0.4570598006248474,-0.549436628818512,0.9998793601989746,0.0132336132228374,-0.4569313526153564,-0.5509301424026489,0.9998674392700196,0.014012842439115,-0.4569663107395172,-0.5489413142204285,0.9998798370361328,-0.0186438243836164,-0.4501426517963409,-0.5626124143600464,0.9998905658721924,-0.0162498652935028,-0.4509452581405639,-0.5625417828559875,0.9998847842216492,-0.0166836753487586,-0.4499727189540863,-0.5585077404975891,0.9998956918716432,0.0346226133406162,-0.4878361821174621,-0.4365645051002502,0.9997284412384032,-0.0985067784786224,-0.4524539411067962,-0.4747863411903381,0.9998559951782228,0.0219265632331371,-0.4006114900112152,-0.5141839981079102,0.9999403953552246,-0.0161164756864309,-0.3894513845443725,-0.524785578250885,0.9999464154243468,0.1319473087787628,-0.3844272494316101,-0.3160277903079986,0.9999399781227112,-0.1745147556066513,-0.2917896807193756,-0.3848532736301422,0.9999389052391052,0.2095877975225448,-0.1958957314491272,-0.2343881577253341,0.95787250995636,-0.2784970700740814,-0.0291252881288528,-0.3916868865489959,0.9819933772087096,0.2615937888622284,0.0390599332749843,-0.2505291998386383,0.9193061590194702,-0.2973293960094452,0.192725196480751,-0.4514325559139251,0.9538081884384156,0.2773754596710205,0.094810664653778,-0.2627915740013122,0.8660248517990112,-0.3220216631889343,0.2461869120597839,-0.4778120219707489,0.921332836151123,0.2601977884769439,0.103934608399868,-0.302140325307846,0.873624861240387,-0.2916247546672821,0.2350522577762603,-0.499612957239151,0.927895188331604,0.2515968084335327,0.0561374723911285,-0.2677603960037231,0.8627934455871582,-0.2830546796321869,0.2026479393243789,-0.4598444104194641,0.9156113266944884,0.0954030528664588,-0.0149976164102554,0.0311240702867507,0.9998284578323364,-0.0963899120688438,0.014513480477035,-0.0303920339792966,0.9998182058334352,0.2415981292724609,0.2619406878948211,-0.0911571905016899,0.940468430519104,0.0723141357302665,0.2897171974182129,-0.1971180886030197,0.9688780903816224,0.0408597625792026,0.3284504115581512,0.241352304816246,0.7659987211227417,-0.0568744912743568,0.3675469160079956,0.1175807416439056,0.8248443603515625,0.0237750727683305,0.3466709852218628,0.2747436463832855,0.6294263005256653,-0.0702951177954673,0.3853286206722259,0.1660613566637039,0.5765352845191956,0.0314831957221031,0.4359394609928131,0.2913588285446167,0.7917583584785461,-0.0593379251658916,0.50499027967453,0.1923820078372955,0.824746310710907
0.03324706107378,-0.36235511302948,-0.5458499193191528,0.9999479055404664,0.0359928458929061,-0.4072729349136352,-0.5422609448432922,0.9998904466629028,0.0356183387339115,-0.4071832597255707,-0.5437156558036804,0.9998793601989746,0.0364730395376682,-0.4071730375289917,-0.5416740775108337,0.9998905062675476,0.0047884392552077,-0.4023266434669494,-0.5573753714561462,0.999900758266449,0.0072522689588367,-0.4031470119953155,-0.5573078989982605,0.999895453453064,0.0069415490143001,-0.4022708535194397,-0.5532960891723633,0.999905288219452,0.0464054606854915,-0.4478086531162262,-0.4291642010211944,0.999754011631012,-0.0815019086003303,-0.4208075106143951,-0.4789308309555053,0.9998698830604552,0.0345373190939426,-0.3554701805114746,-0.5057867765426636,0.9999460577964784,-0.0025426358915865,-0.3466005623340606,-0.5196763873100281,0.9999516010284424,0.1317685097455978,-0.3654365837574005,-0.3073752224445343,0.999944508075714,-0.1718132197856903,-0.282771497964859,-0.3920700550079345,0.999943733215332,0.21247099339962,-0.181087240576744,-0.2364941537380218,0.9606396555900574,-0.2842470407485962,-0.0269109457731246,-0.4047200679779053,0.9834298491477966,0.2675700783729553,0.0639106184244155,-0.2522262334823608,0.9205420017242432,-0.3100458681583404,0.2089582979679107,-0.4538827836513519,0.9560552835464478,0.2850758731365204,0.1219157725572586,-0.2610813975334167,0.8658196330070496,-0.337785005569458,0.2634287178516388,-0.4794293940067291,0.9242936968803406,0.26780566573143,0.1332325041294098,-0.3007525205612182,0.8733317852020264,-0.3013619780540466,0.2558160424232483,-0.4967201352119446,0.930653750896454,0.25773885846138,0.0826708897948265,-0.2687672674655914,0.8624784350395203,-0.2946200668811798,0.2211824357509613,-0.4600965082645416,0.9186629056930542,0.0939855799078941,-0.0159429926425218,0.0309043452143669,0.9998446106910706,-0.0949432700872421,0.0154475653544068,-0.0301366504281759,0.9998351335525512,0.2554740309715271,0.1749013066291809,-0.155055433511734,0.9339995384216307,0.0858153849840164,0.2475518435239792,-0.2787533700466156,0.9644033312797546,0.0498018078505992,0.2985823154449463,0.1524039804935455,0.7342520356178284,-0.0260065775364637,0.3182400465011596,0.0677533149719238,0.7895705699920654,0.0285352859646081,0.3232431709766388,0.1832107454538345,0.610885500907898,-0.0396431162953376,0.3364274501800537,0.1070935428142547,0.5633634924888611,0.0460234023630619,0.4161068499088287,0.1925596296787262,0.7624220252037048,-0.0421086549758911,0.4537481069564819,0.1404168754816055,0.7954951524734497
0.0317324250936508,-0.2980262339115143,-0.5906405448913574,0.9999529719352722,0.0337216183543205,-0.3428906202316284,-0.5913000702857971,0.999900996685028,0.0333503112196922,-0.3427564203739166,-0.592708170413971,0.999890923500061,0.0341956056654453,-0.3427572846412658,-0.590656578540802,0.9999008774757384,0.0022516683675348,-0.3376573324203491,-0.6031926274299622,0.9999104142189026,0.0046917148865759,-0.3384893238544464,-0.6030535697937012,0.9999055862426758,0.0043567172251641,-0.337643951177597,-0.599004328250885,0.9999144077301024,0.0514844506978988,-0.3978684842586517,-0.4813600480556488,0.9997779726982116,-0.0777909383177757,-0.3698405921459198,-0.517545759677887,0.999882698059082,0.0337076298892498,-0.2980112731456756,-0.5507128834724426,0.9999513030052184,-0.0034936687443405,-0.2885375022888183,-0.5612102746963501,0.9999563694000244,0.1326493769884109,-0.339079350233078,-0.3544617891311645,0.9999493360519408,-0.1696845740079879,-0.2563538551330566,-0.4132592678070068,0.999948799610138,0.2160246968269348,-0.149664357304573,-0.2925381362438202,0.9637810587882996,-0.2822121679782867,-0.0054318243637681,-0.427548199892044,0.9846782088279724,0.2672567367553711,0.1008557900786399,-0.3059428036212921,0.9238947629928588,-0.3114855885505676,0.2315603494644165,-0.4750996828079223,0.9577561020851136,0.2857218980789184,0.1547729223966598,-0.3132041692733764,0.869436502456665,-0.341615229845047,0.2836388647556305,-0.4987415671348572,0.9263071417808532,0.2657321393489837,0.1692299395799636,-0.3490298688411712,0.8768130540847778,-0.3045592010021209,0.2782498300075531,-0.5154098868370056,0.932668149471283,0.2566950619220733,0.1204742267727851,-0.3198490142822265,0.8658764362335205,-0.2960112690925598,0.2447510212659835,-0.4811356961727142,0.9209806323051452,0.0938633680343627,-0.0160702150315046,0.0299464743584394,0.999859631061554,-0.0947981402277946,0.0155643569305539,-0.029081791639328,0.9998511075973512,0.2535006999969482,0.2077182531356811,-0.121851623058319,0.9296996593475342,0.0804120600223541,0.2590975761413574,-0.2666837573051452,0.9636312127113342,0.0502149686217308,0.2996520102024078,0.2023469060659408,0.6970238089561462,-0.026271304115653,0.3291661441326141,0.0721264481544494,0.7654380798339844,0.0300690177828073,0.3208701014518738,0.2318155318498611,0.5874544382095337,-0.0398610047996044,0.3468899428844452,0.1093166694045066,0.5561895966529846,0.0413477532565593,0.4204104244709015,0.1999588459730148,0.7295630574226379,-0.0428279191255569,0.4648512899875641,0.1329789757728576,0.7782859206199646
0.0302036628127098,-0.2632044851779938,-0.6234170198440552,0.9999576210975648,0.0334376879036426,-0.307238906621933,-0.6246552467346191,0.9999106526374816,0.0330521166324615,-0.3070980310440063,-0.6260668039321899,0.999901533126831,0.0339369364082813,-0.307088166475296,-0.6240323185920715,0.9999104738235474,0.0017960532568395,-0.3022749423980713,-0.6360812187194824,0.9999192357063292,0.0042264908552169,-0.3031212985515594,-0.6359010934829712,0.999914824962616,0.0039015563670545,-0.3022576570510864,-0.6318124532699585,0.9999227523803712,0.0558588095009326,-0.3610160648822784,-0.5137002468109131,0.9997998476028442,-0.0735257863998413,-0.3330820500850677,-0.5488513112068176,0.9998943209648132,0.0332997441291809,-0.2627506256103515,-0.5833497047424316,0.9999560713768004,-0.0040524499490857,-0.253152459859848,-0.5938851237297058,0.9999606609344482,0.1340615153312683,-0.3065108060836792,-0.3845808506011963,0.9999539852142334,-0.1655083000659942,-0.2221811562776565,-0.4370868504047394,0.9999534487724304,0.2208197116851806,-0.1082870438694953,-0.3249666392803192,0.9668903946876526,-0.2691590785980224,0.0300622321665287,-0.4508564472198486,0.985902726650238,0.2669968008995056,0.1305070668458938,-0.3460901081562042,0.9290987849235536,-0.3142144978046417,0.2628818452358246,-0.4987412393093109,0.9602879285812378,0.2860330045223236,0.1798266470432281,-0.3568392395973205,0.8771310448646545,-0.3502551913261413,0.3121379911899566,-0.5233827233314514,0.9301296472549438,0.2632002830505371,0.1941382884979248,-0.390194296836853,0.8841025829315186,-0.3150335252285003,0.3102411329746246,-0.5426570773124695,0.9362704753875732,0.2552867829799652,0.1489337831735611,-0.359133780002594,0.8733778595924377,-0.3002552092075348,0.2769282460212707,-0.5061168670654297,0.9251665472984314,0.093501016497612,-0.0165739394724369,0.0291292499750852,0.9998733997344972,-0.0943850502371788,0.0160410869866609,-0.0281936712563037,0.9998656511306764,0.2461060434579849,0.2056971043348312,-0.0985356867313385,0.922964334487915,0.0749086365103721,0.2579357028007507,-0.2633359730243683,0.961721420288086,0.0612163841724395,0.3008219599723816,0.2071953415870666,0.6643243432044983,-0.00528503395617,0.3119428157806396,0.0876510143280029,0.7388461232185364,0.0434787161648273,0.3237323760986328,0.2428712993860244,0.5662528872489929,-0.0159574244171381,0.3281420767307281,0.124036468565464,0.544960618019104,0.0441403351724147,0.4171894788742065,0.2485171109437942,0.7008477449417114,-0.0208994653075933,0.4454975128173828,0.1355675756931305,0.7588860392570496
0.0296316258609294,-0.2610967457294464,-0.6188345551490784,0.9999617338180542,0.0332417674362659,-0.3052243590354919,-0.619194507598877,0.9999192357063292,0.0328485667705535,-0.305107444524765,-0.6205907464027405,0.9999109506607056,0.0337502248585224,-0.3051289916038513,-0.6185595393180847,0.9999189972877502,0.0016007783124223,-0.3004848659038543,-0.6311841011047363,0.9999270439147948,0.0040176212787628,-0.3013371527194977,-0.6310358643531799,0.999923050403595,0.0037021078169345,-0.3004917800426483,-0.626927375793457,0.9999301433563232,0.055809449404478,-0.3532000184059143,-0.5069810748100281,0.9998193979263306,-0.073104552924633,-0.3263021409511566,-0.5455178022384644,0.9999046921730042,0.0333144888281822,-0.2579257786273956,-0.5786669850349426,0.9999603629112244,-0.003998159430921,-0.2486586272716522,-0.5902208685874939,0.9999645352363586,0.1340507715940475,-0.2928235232830047,-0.3783438801765442,0.9999578595161438,-0.1640418320894241,-0.207266479730606,-0.4352923035621643,0.9999571442604064,0.2217043936252594,-0.0952034965157508,-0.3189251124858856,0.9696045517921448,-0.2675300240516662,0.045059934258461,-0.4464417994022369,0.9869847297668456,0.2659736275672912,0.1463882327079773,-0.3456647396087646,0.9337895512580872,-0.3344170749187469,0.2793148159980774,-0.4909079968929291,0.9627763032913208,0.2848623096942901,0.1953058242797851,-0.3574593365192413,0.8843252658843994,-0.3791942000389099,0.3270920813083648,-0.5158239603042603,0.9341136813163756,0.2614336907863617,0.2103085815906524,-0.3914477527141571,0.8908471465110779,-0.3447803258895874,0.3273934721946716,-0.536160409450531,0.9399765133857728,0.2537750899791717,0.1651418805122375,-0.3594190776348114,0.880588948726654,-0.3228212893009186,0.2942407131195068,-0.4988091886043548,0.9295556545257568,0.0922726839780807,-0.0174155738204717,0.0284395217895507,0.9998854994773864,-0.093085654079914,0.016841597855091,-0.0274732206016778,0.9998782873153688,0.2421813756227493,0.1656075268983841,-0.1084453091025352,0.9173597097396852,0.0926757901906967,0.236582338809967,-0.2634511291980743,0.959641456604004,0.0593684688210487,0.3001370728015899,0.2009667158126831,0.6427022814750671,0.0451431460678577,0.3065873384475708,0.0799664855003357,0.7186238765716553,0.0410270094871521,0.3264640569686889,0.2331085503101349,0.55223149061203,0.0383149646222591,0.3244986832141876,0.1167294532060623,0.5386354327201843,0.0435785092413425,0.4252770841121673,0.2324100136756897,0.6793290376663208,0.0328816510736942,0.4494236409664154,0.1302794218063354,0.7400563955307007
0.0317070186138153,-0.2249504327774047,-0.6149879097938538,0.9999654293060304,0.0373438149690628,-0.2681760489940643,-0.6144872903823853,0.9999268651008606,0.0368868745863437,-0.2680944204330444,-0.6158268451690674,0.9999192357063292,0.0378300473093986,-0.2681054174900055,-0.6137517094612122,0.999926507472992,0.004931824747473,-0.2649402022361755,-0.6265018582344055,0.9999340176582336,0.0073467912152409,-0.2658430635929107,-0.6263032555580139,0.9999303221702576,0.0070830397307872,-0.265031099319458,-0.622261643409729,0.9999366998672484,0.0621240064501762,-0.3142063617706299,-0.5010400414466858,0.9998366832733154,-0.0701407939195633,-0.2940534949302673,-0.539697527885437,0.9999139308929444,0.0358814001083374,-0.2212674766778946,-0.574627697467804,0.99996417760849,-0.0022330950014293,-0.213871419429779,-0.5861544013023376,0.9999679923057556,0.136906698346138,-0.2580901682376861,-0.3725460767745971,0.9999607801437378,-0.1634251475334167,-0.1873640567064285,-0.4338162839412689,0.9999598860740662,0.2325545102357864,-0.0574320182204246,-0.3232209682464599,0.9722163677215576,-0.2676700949668884,0.0634028315544128,-0.446613997220993,0.9880998730659484,0.2730804979801178,0.1710766553878784,-0.3582286834716797,0.9386656880378724,-0.350432425737381,0.295367419719696,-0.4920457899570465,0.9655446410179138,0.2938593327999115,0.215690940618515,-0.373488187789917,0.8916481733322144,-0.3984209895133972,0.3392232656478882,-0.5201224088668823,0.9385806322097778,0.2632475197315216,0.226121187210083,-0.4071312844753265,0.8977734446525574,-0.3612276911735534,0.3393932282924652,-0.539993405342102,0.9441054463386536,0.2581469416618347,0.1877238601446151,-0.3722557723522186,0.8880965709686279,-0.3384591341018677,0.3102883696556091,-0.5003050565719604,0.9344756603240968,0.0915116146206855,-0.0177889838814735,0.0278075505048036,0.9998966455459596,-0.0922676175832748,0.0172186885029077,-0.0268155615776777,0.9998899698257446,0.2399631291627884,0.1216892004013061,-0.1815906167030334,0.9065463542938232,0.0844431445002555,0.2260599434375763,-0.2880466282367706,0.9517911672592164,0.0955489426851272,0.2870905697345733,0.0883547812700271,0.6227769255638123,0.0660926327109336,0.3080901503562927,0.0336533449590206,0.6871063113212585,0.0833942666649818,0.3156020045280456,0.1138689443469047,0.5426449775695801,0.0630697757005691,0.326767235994339,0.0670165121555328,0.5250239372253418,0.0980964004993438,0.3960193395614624,0.0925384983420372,0.6620712876319885,0.054411444813013,0.4364730715751648,0.0669802352786064,0.7135075926780701
0.0323938466608524,-0.1975482255220413,-0.6213952302932739,0.9999685287475586,0.0382632389664649,-0.2409890592098236,-0.6203846335411072,0.9999330043792723,0.0377770438790321,-0.2409179955720901,-0.6216487884521484,0.9999258518218994,0.0387495867908,-0.2409450262784958,-0.6195414066314697,0.99993234872818,0.0049484027549624,-0.2386073917150497,-0.6320399641990662,0.9999396800994872,0.0073524303734302,-0.2395830005407333,-0.631832480430603,0.9999361038208008,0.0070961061865091,-0.2387727946043014,-0.6277838349342346,0.9999417662620544,0.0659964457154274,-0.2851651608943939,-0.5035631060600281,0.999850869178772,-0.0706976950168609,-0.2692212462425232,-0.5405676364898682,0.99992173910141,0.0380181334912776,-0.1931216567754745,-0.5798524618148804,0.9999673366546632,-0.001422858913429,-0.1867506057024002,-0.5909819006919861,0.9999708533287048,0.1407679915428161,-0.2309110909700393,-0.3716402947902679,0.9999611377716064,-0.1637065559625625,-0.1660299301147461,-0.4301401674747467,0.9999598264694214,0.2407401800155639,-0.0273781009018421,-0.3304939568042755,0.9745329022407532,-0.269927054643631,0.0843852683901786,-0.4422685801982879,0.9890917539596558,0.2768489718437195,0.1931336671113968,-0.3728649020195007,0.942742109298706,-0.3665284812450409,0.3030371367931366,-0.4937365651130676,0.9679256081581116,0.2984139919281006,0.2393277287483215,-0.3904301822185516,0.8976772427558899,-0.4147065281867981,0.3446499705314636,-0.5238559246063232,0.9425014853477478,0.2630841135978699,0.2489132136106491,-0.4230034649372101,0.903503119945526,-0.3780933022499084,0.343403548002243,-0.5447974801063538,0.94774067401886,0.260008305311203,0.2104413956403732,-0.3867416679859161,0.8945007920265198,-0.3544400930404663,0.3174085319042206,-0.5029588937759399,0.9388546347618104,0.0911815389990806,-0.0183995719999074,0.0261186398565769,0.999906063079834,-0.0919289737939834,0.0178318228572607,-0.0251174010336399,0.9998993277549744,0.2328354269266128,0.0908100754022598,-0.250066876411438,0.8930450677871704,0.0766890719532966,0.2004729211330413,-0.3215594291687011,0.9326399564743042,0.1368702501058578,0.2745716571807861,-0.041609089821577,0.6063393354415894,0.1039641425013542,0.2909545004367828,-0.0298607069998979,0.6413872241973877,0.1322395652532577,0.3033747673034668,-0.0230758134275674,0.5397752523422241,0.1081215888261795,0.3094359338283539,-0.0002959652338176,0.5037078857421875,0.1553490161895752,0.3556219339370727,-0.0648746192455291,0.6459543704986572,0.1034058555960655,0.4045075178146362,-0.0156544055789709,0.6713835597038269
0.0318839624524116,-0.2059542834758758,-0.6162281036376953,0.999971568584442,0.0376717895269393,-0.249609425663948,-0.6155256628990173,0.9999393820762634,0.0371864140033721,-0.2495176047086715,-0.6167828440666199,0.9999328851699828,0.0381647795438766,-0.2495554387569427,-0.6146474480628967,0.999938666820526,0.004405069630593,-0.2483441531658172,-0.6262279152870178,0.9999454617500304,0.0067989598028361,-0.2493367791175842,-0.6260155439376831,0.999942183494568,0.006548780016601,-0.248583972454071,-0.6219292283058167,0.9999472498893738,0.0679410919547081,-0.2923020720481872,-0.499602735042572,0.9998652338981628,-0.0691672042012214,-0.281559556722641,-0.5346177816390991,0.9999293684959412,0.0376700870692729,-0.200747936964035,-0.5758637189865112,0.9999704360961914,-0.0017149890772998,-0.1955789923667907,-0.5864995121955872,0.9999736547470092,0.1433805078268051,-0.2316176742315292,-0.368838369846344,0.999963104724884,-0.1620822101831436,-0.178197979927063,-0.4238850772380829,0.999962329864502,0.24691241979599,-0.0388475619256496,-0.3264093697071075,0.976770043373108,-0.2730306386947632,0.0588041916489601,-0.4451165497303009,0.990006685256958,0.2757823765277862,0.1795468628406524,-0.3631439805030823,0.9467889070510864,-0.384915292263031,0.2813637256622314,-0.5043364763259888,0.9700193405151368,0.296224445104599,0.222649335861206,-0.3750922977924347,0.9040778279304504,-0.4397081434726715,0.3374801278114319,-0.5317968726158142,0.9460372924804688,0.2620590031147003,0.2319457381963729,-0.4060126543045044,0.9092937707901,-0.4025695919990539,0.3336152136325836,-0.5501934885978699,0.9509680867195128,0.2589814662933349,0.1958863288164138,-0.3750283718109131,0.9008239507675172,-0.3741578161716461,0.2945049107074737,-0.5128903388977051,0.9427584409713744,0.0905079916119575,-0.0178539026528596,0.026108868420124,0.9999148845672609,-0.0912156775593757,0.0172685980796813,-0.0251044929027557,0.9999086260795592,0.2322483360767364,0.0815523117780685,-0.215542584657669,0.8920427560806274,0.0852963700890541,0.1785504668951034,-0.3174574077129364,0.934405505657196,0.1003379747271537,0.2118752300739288,0.0203999318182468,0.6020969748497009,0.1089537218213081,0.2407610863447189,-0.0510353073477745,0.635421097278595,0.0865043178200721,0.2353441417217254,0.0431777276098728,0.5466334223747253,0.1089421361684799,0.2563291788101196,-0.0229355432093143,0.5143376588821411,0.0849550142884254,0.3095090091228485,0.0221884679049253,0.6390272974967957,0.0935690850019455,0.3572992384433746,-0.0285584796220064,0.6627044081687927
0.0317172296345233,-0.2191280573606491,-0.621404230594635,0.9999743103981018,0.0372255779802799,-0.2633455693721771,-0.6218525767326355,0.999945104122162,0.0367498025298118,-0.2632316648960113,-0.6231481432914734,0.9999392032623292,0.0377136096358299,-0.2632659077644348,-0.6209967136383057,0.9999443292617798,0.0039442298002541,-0.2621905505657196,-0.6326189637184143,0.999950647354126,0.0063354577869176,-0.2631336748600006,-0.6324125528335571,0.9999476671218872,0.0060780709609389,-0.2623666822910309,-0.6282666325569153,0.99995219707489,0.0669609159231185,-0.3035809993743896,-0.5090811252593994,0.999878227710724,-0.0678656473755836,-0.2934940755367279,-0.5446125864982605,0.9999362230300904,0.0374610535800457,-0.212289810180664,-0.582281231880188,0.9999732375144958,-0.0019576610065996,-0.2073974609375,-0.5931442975997925,0.9999762177467346,0.1432942748069763,-0.2365605384111404,-0.3799256682395935,0.9999653100967408,-0.1604829579591751,-0.187941163778305,-0.4338746070861816,0.999964952468872,0.247448444366455,-0.0446959882974624,-0.3403746783733368,0.9786485433578492,-0.2824103236198425,0.0475131310522556,-0.4652046859264374,0.9907528758049012,0.2772569358348846,0.1761686205863952,-0.371815413236618,0.9500716328620912,-0.4124589264392853,0.2693806290626526,-0.5183578729629517,0.971561312675476,0.2981362640857696,0.216039702296257,-0.3808110058307647,0.9087244868278505,-0.471825897693634,0.3290227949619293,-0.5425400733947754,0.9483522772789,0.2619960010051727,0.2257378548383712,-0.410912275314331,0.913477063179016,-0.4375370144844055,0.3188936114311218,-0.5614376068115234,0.9531670212745668,0.259960800409317,0.1919197291135788,-0.383417546749115,0.905360996723175,-0.4044050574302673,0.283367395401001,-0.5266914367675781,0.9455323219299316,0.0898883119225502,-0.0172248780727386,0.0260598696768283,0.9999223947525024,-0.0905686393380165,0.0166144520044326,-0.0250517819076776,0.99991637468338,0.2269814163446426,0.0806289166212081,-0.1878835409879684,0.8859566450119019,0.0833765119314193,0.164727121591568,-0.2964822649955749,0.9342538118362428,0.0935547053813934,0.2056055217981338,0.0740110129117965,0.5811018347740173,0.0846256613731384,0.2392404526472091,-0.0081703439354896,0.6179460883140564,0.0793699920177459,0.2299856692552566,0.0982726663351059,0.5341399312019348,0.0820732489228248,0.2569767832756042,0.0219195913523435,0.5084691643714905,0.0726694762706756,0.3165319561958313,0.064627930521965,0.6186040639877319,0.0707332342863082,0.3661195337772369,0.0102718723937869,0.6448060870170593
0.0318160578608512,-0.1796130686998367,-0.6370670199394226,0.9999767541885376,0.0375992208719253,-0.221577987074852,-0.6382154822349548,0.9999501705169678,0.0371182784438133,-0.2214590162038803,-0.6395129561424255,0.9999447464942932,0.0380872227251529,-0.2215014547109604,-0.6373810172080994,0.999949276447296,0.0047848192043602,-0.2198466509580612,-0.6488603949546814,0.9999552369117736,0.0071641826070845,-0.2207910120487213,-0.6486200094223022,0.999952495098114,0.0068924343213438,-0.2200220972299575,-0.6444580554962158,0.999956488609314,0.0683118477463722,-0.2633808255195617,-0.5292838215827942,0.9998896718025208,-0.064486414194107,-0.2503272891044616,-0.5630679130554199,0.9999423027038574,0.0379747152328491,-0.1746961772441864,-0.5991824269294739,0.9999758005142212,-0.0009613369475118,-0.1689615696668625,-0.6096031665802002,0.999978482723236,0.1436569839715957,-0.2110597491264343,-0.4010185599327087,0.999967098236084,-0.1591916531324386,-0.1547426730394363,-0.4516849815845489,0.9999669194221495,0.2560440897941589,-0.0241683982312679,-0.3573043644428253,0.9804425239562988,-0.2906938791275024,0.0685791745781898,-0.4733442664146423,0.9915117621421814,0.2968480587005615,0.1958475112915039,-0.3861494064331054,0.9536991119384766,-0.4486234784126282,0.2843787968158722,-0.5191258788108826,0.9735170006752014,0.3223364055156708,0.2339617908000946,-0.3975094854831695,0.9142303466796876,-0.5132313370704651,0.326634407043457,-0.5438565611839294,0.9514980316162108,0.2804615497589111,0.2456628084182739,-0.4293792843818664,0.9186061024665833,-0.482006698846817,0.3290483355522156,-0.5671330690383911,0.9561053514480592,0.2784065306186676,0.2123817354440689,-0.3990183472633362,0.9110041856765748,-0.4429812431335449,0.3011488616466522,-0.529276430606842,0.9491174817085266,0.089462511241436,-0.0176882613450288,0.0259004589170217,0.9999294877052308,-0.0901194959878921,0.0170697327703237,-0.0248817354440689,0.999923825263977,0.2153619676828384,0.0794945955276489,-0.1709891408681869,0.8733595609664917,0.0695817247033119,0.1795116513967514,-0.2861782908439636,0.9268926978111268,0.1308317631483078,0.2256812751293182,0.097291812300682,0.5587888360023499,0.0771066471934318,0.269982635974884,0.0078709255903959,0.5874172449111938,0.1267600208520889,0.2524697482585907,0.1226407065987587,0.521217942237854,0.0764162838459014,0.2893475294113159,0.0380061827600002,0.4902146458625793,0.1442420780658722,0.3263046741485595,0.098368264734745,0.5991852283477783,0.0696006119251251,0.3957343697547912,0.0284179151058197,0.6175748705863953
0.0277975015342235,-0.1709355860948562,-0.6363797783851624,0.9999789595603944,0.0340317711234092,-0.212101399898529,-0.6373282074928284,0.9999547004699708,0.0335229486227035,-0.2119709104299545,-0.6386650204658508,0.9999496340751648,0.0345133207738399,-0.2119996696710586,-0.6365360617637634,0.9999536871910096,0.0016928426921367,-0.2100279927253723,-0.6477927565574646,0.9999593496322632,0.0040705795399844,-0.2109594494104385,-0.6475378274917603,0.9999567866325378,0.0037950659170746,-0.2101484984159469,-0.643401026725769,0.9999603033065796,0.0667226091027259,-0.2565345168113708,-0.5302466750144958,0.9998997449874878,-0.065156377851963,-0.2408701032400131,-0.5626425743103027,0.999947726726532,0.0346802286803722,-0.1675371974706649,-0.5990582704544067,0.9999780654907228,-0.0038930724840611,-0.1611714512109756,-0.6089401841163635,0.9999805092811584,0.1429558843374252,-0.2105650752782821,-0.4048797786235809,0.9999690055847168,-0.1604359298944473,-0.1490608751773834,-0.4533672630786896,0.9999687671661376,0.2638880312442779,-0.0267937332391738,-0.3610380589962005,0.9821224212646484,-0.3024590313434601,0.0684986263513565,-0.468755692243576,0.9921931624412536,0.3071615993976593,0.1878951787948608,-0.392004907131195,0.957224428653717,-0.4681456685066223,0.2791860401630401,-0.5145859122276306,0.9753403663635254,0.3328624963760376,0.2265601158142089,-0.4059908390045166,0.9195148944854736,-0.5329864621162415,0.3189093470573425,-0.5402378439903259,0.9543814063072203,0.289424329996109,0.2361373156309127,-0.4385075569152832,0.9235503673553468,-0.5026297569274902,0.3216786384582519,-0.5654507279396057,0.9588087797164916,0.2879351675510406,0.2034583091735839,-0.4054018259048462,0.9162523150444032,-0.4630411565303802,0.2955577075481415,-0.5255197882652283,0.9523946642875672,0.0893767103552818,-0.0181589592248201,0.025448640808463,0.9999361038208008,-0.0900246948003768,0.0175496432930231,-0.0244113765656948,0.999930739402771,0.2108635157346725,0.0890913978219032,-0.1698354482650756,0.8584453463554382,0.0524478331208229,0.1876813769340515,-0.2812394797801971,0.9151649475097656,0.1538851112127304,0.2279919385910034,0.1078689470887184,0.5368734002113342,0.0849933475255966,0.2616432011127472,0.014870167709887,0.5550090074539185,0.1528645157814026,0.2538335919380188,0.1340385675430297,0.5076056122779846,0.0882157385349273,0.2781213819980621,0.044928777962923,0.4704676568508148,0.1755475252866745,0.3149734735488891,0.1124393194913864,0.5812584161758423,0.0860870331525802,0.3753181993961334,0.0383835956454277,0.5912654399871826
