x_0,y_0,z_0,visibility_0,x_1,y_1,z_1,visibility_1,x_2,y_2,z_2,visibility_2,x_3,y_3,z_3,visibility_3,x_4,y_4,z_4,visibility_4,x_5,y_5,z_5,visibility_5,x_6,y_6,z_6,visibility_6,x_7,y_7,z_7,visibility_7,x_8,y_8,z_8,visibility_8,x_9,y_9,z_9,visibility_9,x_10,y_10,z_10,visibility_10,x_11,y_11,z_11,visibility_11,x_12,y_12,z_12,visibility_12,x_13,y_13,z_13,visibility_13,x_14,y_14,z_14,visibility_14,x_15,y_15,z_15,visibility_15,x_16,y_16,z_16,visibility_16,x_17,y_17,z_17,visibility_17,x_18,y_18,z_18,visibility_18,x_19,y_19,z_19,visibility_19,x_20,y_20,z_20,visibility_20,x_21,y_21,z_21,visibility_21,x_22,y_22,z_22,visibility_22,x_23,y_23,z_23,visibility_23,x_24,y_24,z_24,visibility_24,x_25,y_25,z_25,visibility_25,x_26,y_26,z_26,visibility_26,x_27,y_27,z_27,visibility_27,x_28,y_28,z_28,visibility_28,x_29,y_29,z_29,visibility_29,x_30,y_30,z_30,visibility_30,x_31,y_31,z_31,visibility_31,x_32,y_32,z_32,visibility_32
0.4476552903652191,0.3643648624420166,-0.2167107611894607,0.9999895691871644,0.4485091865062713,0.3538005948066711,-0.2064012885093689,0.999979555606842,0.4499220848083496,0.3536047339439392,-0.2064530104398727,0.9999746084213256,0.4512667655944824,0.3534141182899475,-0.2064632475376129,0.9999774694442748,0.4431144893169403,0.3546891808509826,-0.2208876311779022,0.9999831318855286,0.4404452741146087,0.3551097810268402,-0.2210051119327545,0.9999796748161316,0.4374012947082519,0.3556229472160339,-0.221016839146614,0.9999810457229614,0.4501406252384186,0.3582310974597931,-0.1380895525217056,0.999940037727356,0.4304806888103485,0.3613187670707702,-0.2013062089681625,0.9999663829803468,0.4496234953403473,0.3753931820392608,-0.1881880015134811,0.9999194741249084,0.4430417716503143,0.3763883113861084,-0.2065969258546829,0.999919056892395,0.4560326337814331,0.4136301577091217,-0.061529379338026,0.9995506405830384,0.4169723689556122,0.4279726147651672,-0.1905407458543777,0.9996688961982728,0.4617577493190765,0.4740265309810638,0.0036191274411976,0.1944945752620697,0.4135661721229553,0.5053821802139282,-0.2012145668268203,0.9670882821083068,0.4690757989883423,0.5219101905822754,-0.0143011752516031,0.3034970760345459,0.4251052141189575,0.5742707848548889,-0.2279040068387985,0.9044121503829956,0.4718499183654785,0.5346411466598511,-0.0202518310397863,0.3143917918205261,0.4265274405479431,0.5929898619651794,-0.2529128491878509,0.8720279335975647,0.4699741005897522,0.5339248180389404,-0.0342752300202846,0.3285354077816009,0.4309704005718231,0.5896023511886597,-0.2517763674259186,0.8728742599487305,0.468755155801773,0.5294654965400696,-0.0208240486681461,0.3331707715988159,0.4314861595630646,0.5833026766777039,-0.228140115737915,0.8378396034240723,0.4524452090263366,0.5536438226699829,0.0439701899886131,0.999941349029541,0.4316769242286682,0.5639054775238037,-0.0438211932778358,0.9999709129333496,0.452300488948822,0.62449711561203,0.1930105984210968,0.8054202198982239,0.4364170134067535,0.6365819573402405,0.0889946892857551,0.9838855266571044,0.452817291021347,0.6851191520690918,0.3693766295909881,0.8440942168235779,0.4388157427310943,0.7076930999755859,0.2481067329645156,0.951647400856018,0.4489293396472931,0.6888291239738464,0.3861980736255646,0.8772618770599365,0.4360702335834503,0.7137665152549744,0.262383222579956,0.8801559209823608,0.4685249328613281,0.7122084498405457,0.3624629080295563,0.9024295806884766,0.4525750279426574,0.7370791435241699,0.2166896611452102,0.9354801774024964
0.4478942155838012,0.3646742403507232,-0.2208589762449264,0.999990463256836,0.4486617743968963,0.3544175326824188,-0.2105710357427597,0.9999812245368958,0.4500422775745392,0.3543130457401275,-0.2106246948242187,0.999976634979248,0.4513835310935974,0.3541869223117828,-0.210635632276535,0.9999792575836182,0.4434103071689605,0.3548642694950104,-0.2251654118299484,0.9999845623970032,0.4408432245254516,0.3551588654518127,-0.225283533334732,0.9999813437461852,0.4378817677497864,0.3556231558322906,-0.2252999991178512,0.9999826550483704,0.4501279592514038,0.3586497604846954,-0.1415593028068542,0.9999446272850036,0.4305124580860138,0.361015260219574,-0.2051387578248977,0.9999693632125854,0.4497056305408478,0.3755442500114441,-0.1920240819454193,0.9999268054962158,0.4432858526706695,0.3764092922210693,-0.2105491012334823,0.9999266862869264,0.4560365080833435,0.413809984922409,-0.0629928708076477,0.9995896220207214,0.4164001643657684,0.4276773333549499,-0.1942911148071289,0.9997009038925172,0.4625355303287506,0.4743851721286773,-0.0014920744579285,0.2288030534982681,0.412523478269577,0.5054919123649597,-0.2057398855686187,0.9697892069816588,0.4707066118717193,0.5230408310890198,-0.0251833889633417,0.3443725705146789,0.4234952330589294,0.5751025676727295,-0.2330657839775085,0.912413775920868,0.4738981127738952,0.5372597575187683,-0.0324136279523372,0.3496988415718078,0.4253550171852112,0.5937177538871765,-0.2585746645927429,0.881761908531189,0.471638411283493,0.5362396240234375,-0.0468877293169498,0.3634973466396332,0.4299456477165222,0.5903611779212952,-0.2579834759235382,0.8824931383132935,0.4702817499637604,0.5318697690963745,-0.0320934802293777,0.3664844930171966,0.4301461279392242,0.5841189026832581,-0.2333788573741912,0.849677562713623,0.4524321854114532,0.5531542301177979,0.0440195873379707,0.9999408721923828,0.4308795630931854,0.5623603463172913,-0.0438792333006858,0.999971568584442,0.4522432088851928,0.6242386102676392,0.1965287774801254,0.8041428923606873,0.4364026188850403,0.6366093754768372,0.0934260636568069,0.983752965927124,0.4531019628047943,0.6853764653205872,0.3815909028053283,0.8442052602767944,0.4387864470481872,0.7088491320610046,0.2574623227119446,0.9531224370002748,0.4493312537670135,0.6886665225028992,0.3991726338863373,0.8791312575340271,0.436123788356781,0.7149654030799866,0.272135853767395,0.8828334808349609,0.4686954915523529,0.7121328711509705,0.3745289444923401,0.9034642577171326,0.4523217380046844,0.7370924353599548,0.2240945696830749,0.9378784894943236
0.4479357600212097,0.3652338683605194,-0.2284361869096756,0.9999911785125732,0.4486925303936004,0.355178028345108,-0.2180316746234893,0.9999825954437256,0.4500657916069031,0.3551300764083862,-0.2180843204259872,0.9999783039093018,0.4514079689979553,0.3550560474395752,-0.2180942595005035,0.9999806880950928,0.4434906840324402,0.3552626371383667,-0.232404738664627,0.999985694885254,0.440949946641922,0.3553987145423889,-0.2325172573328018,0.9999827146530152,0.4380144774913788,0.3557296693325043,-0.2325349301099777,0.9999839663505554,0.4501100480556488,0.3592253029346466,-0.1468740552663803,0.9999483227729796,0.4305147230625152,0.3610010743141174,-0.2099699825048446,0.9999719262123108,0.4497133493423462,0.3759393990039825,-0.1990462392568588,0.9999333620071412,0.4433224499225616,0.3765206336975097,-0.21713787317276,0.9999334812164308,0.456150472164154,0.4138579666614532,-0.06659996509552,0.9996255040168762,0.4159602224826813,0.4276792109012604,-0.1965002864599228,0.9997297525405884,0.463997334241867,0.4750387668609619,-0.0080215884372591,0.2689805626869201,0.4119994342327118,0.5063372850418091,-0.2065241783857345,0.9722726345062256,0.4723561108112335,0.5271412134170532,-0.0331770069897174,0.3858810663223266,0.4218840599060058,0.5756243467330933,-0.2368491291999817,0.9197537302970886,0.4756378829479217,0.5427742004394531,-0.0409258790314197,0.385074108839035,0.4238632321357727,0.5945776104927063,-0.2625257074832916,0.8907819986343384,0.4727017283439636,0.542213499546051,-0.0560613609850406,0.3984724581241607,0.4284366369247436,0.5912883281707764,-0.2637272775173187,0.8914520740509033,0.4713928997516632,0.5367680191993713,-0.0402075238525867,0.399736225605011,0.4284267723560333,0.5849560499191284,-0.2378137856721878,0.8607725501060486,0.4523751139640808,0.5526660680770874,0.0433287285268306,0.9999405145645142,0.430218756198883,0.5616217851638794,-0.0431991703808307,0.9999721050262452,0.4524051547050476,0.6241772770881653,0.1957249641418457,0.8086288571357727,0.4363666176795959,0.6366269588470459,0.0920002907514572,0.9840222597122192,0.4532105624675751,0.6855223774909973,0.3844380378723144,0.8469332456588745,0.4387570917606354,0.7094864845275879,0.2556968927383423,0.9550171494483948,0.4495365023612976,0.6886955499649048,0.4022244811058044,0.8807249665260315,0.4361680746078491,0.7158159017562866,0.2702078521251678,0.8845003843307495,0.4689855277538299,0.71208256483078,0.3754388988018036,0.9056094288825988,0.4517419636249542,0.736973226070404,0.2194522470235824,0.9405409097671508
0.447934478521347,0.3657088279724121,-0.2255686223506927,0.9999918341636658,0.4486870765686035,0.3557862043380737,-0.2156499177217483,0.999983847141266,0.4500550925731659,0.3558132648468017,-0.2157197147607803,0.999979853630066,0.451395034790039,0.3558105230331421,-0.2157311737537384,0.9999819993972778,0.443503737449646,0.3555590808391571,-0.2292726933956146,0.99998676776886,0.440977543592453,0.355572372674942,-0.2293740808963775,0.9999840259552002,0.4380597472190857,0.3558042347431183,-0.2293903678655624,0.9999852180480956,0.4500006437301636,0.3599600493907928,-0.1464821398258209,0.9999518394470216,0.4305037558078766,0.3610202372074127,-0.2059339582920074,0.9999743103981018,0.4497073590755462,0.3764030039310455,-0.1967016905546188,0.9999393224716188,0.4433328807353973,0.3766337633132934,-0.213922694325447,0.9999396800994872,0.4562653005123138,0.4151875674724579,-0.0669655576348304,0.999657154083252,0.4154781401157379,0.4276814460754394,-0.1915142387151718,0.9997556805610656,0.4647217690944671,0.4762657880783081,-0.008555170148611,0.306316465139389,0.4113917052745819,0.5067048072814941,-0.2021082937717437,0.9744809865951538,0.4734185338020324,0.5291665196418762,-0.0334454923868179,0.4233797490596771,0.4201700389385223,0.5759972929954529,-0.2355105131864547,0.926356077194214,0.4770466983318329,0.5459092259407043,-0.0412783846259117,0.4164975583553314,0.421435683965683,0.5959405899047852,-0.2607066333293915,0.8988388776779175,0.4736981987953186,0.5452814698219299,-0.0561572760343551,0.4296818971633911,0.4264443814754486,0.5926056504249573,-0.2622605264186859,0.8994942903518677,0.4722655415534973,0.5393856763839722,-0.0403446145355701,0.4296894073486328,0.4266017079353332,0.5860239863395691,-0.2366203665733337,0.8708577752113342,0.4523334503173828,0.5526956915855408,0.0427604801952838,0.9999393224716188,0.429637610912323,0.5617020130157471,-0.0426254719495773,0.9999724626541138,0.4525141417980194,0.6244757771492004,0.1969791501760482,0.8159395456314087,0.4363225400447845,0.6366965174674988,0.0924798399209976,0.9846064448356628,0.4531119465827942,0.6855010390281677,0.3906829953193664,0.8510615229606628,0.4387312531471252,0.7095155715942383,0.2594224512577057,0.95735365152359,0.4495448470115661,0.6883464455604553,0.4089259505271911,0.8824634552001953,0.4361931085586548,0.7159513831138611,0.2742300629615783,0.8863986134529114,0.4691339135169983,0.7120428681373596,0.3823167085647583,0.9086199998855592,0.4515994191169739,0.7368346452713013,0.222728282213211,0.9436665177345276
0.4478148221969604,0.3658983409404754,-0.2279727160930633,0.9999924302101136,0.4485544562339782,0.3561009168624878,-0.2178020030260086,0.9999849796295166,0.4499340951442718,0.3561673760414123,-0.2178688794374466,0.9999812245368958,0.4512718021869659,0.3561868667602539,-0.2178805917501449,0.9999831914901732,0.4434460699558258,0.3557175993919372,-0.2315050065517425,0.9999877214431764,0.4409399926662445,0.3556692898273468,-0.2316053509712219,0.9999851584434508,0.4380451440811157,0.3558577299118042,-0.2316219359636306,0.9999863505363464,0.4498248994350433,0.3603430986404419,-0.1477226316928863,0.9999549984931946,0.4304414391517639,0.3610284626483917,-0.2070105522871017,0.999976396560669,0.4496018588542938,0.3766080141067505,-0.1986477822065353,0.9999445676803588,0.4432931244373321,0.376669704914093,-0.2159179300069809,0.9999451637268066,0.4562908709049225,0.4158090949058532,-0.0670686438679695,0.9996851682662964,0.415318876504898,0.4276835322380066,-0.1922614574432373,0.9997787475585938,0.4652677476406097,0.4771642684936523,-0.0092690680176019,0.3404148519039154,0.4106453657150268,0.5069602131843567,-0.2021072804927826,0.9764277338981628,0.4746299982070923,0.5308363437652588,-0.0364746786653995,0.4581674933433532,0.4184403121471405,0.5762847661972046,-0.234939232468605,0.9322525262832642,0.4787500202655792,0.5480010509490967,-0.0447476133704185,0.4457876682281494,0.4194532632827759,0.5966567993164062,-0.2601204514503479,0.9059913754463196,0.4751291573047638,0.5472437143325806,-0.0601459145545959,0.458804041147232,0.4243973195552826,0.5931432247161865,-0.2620950043201446,0.9066399335861206,0.4733342826366424,0.5410110950469971,-0.0436930805444717,0.4574994742870331,0.4248831570148468,0.5864445567131042,-0.2362242490053177,0.8797518014907837,0.4522323608398437,0.5527067184448242,0.0428095646202564,0.9999375939369202,0.4293486773967743,0.5617690682411194,-0.0426716543734073,0.999972403049469,0.4526945948600769,0.6245545744895935,0.1974918246269226,0.8212794065475464,0.4362854361534118,0.6367504000663757,0.0917099267244339,0.9850122332572936,0.4530942738056183,0.685590386390686,0.39203941822052,0.8542065620422363,0.4387312829494476,0.7096120119094849,0.2579957842826843,0.9593607187271118,0.4495936930179596,0.6885409355163574,0.4102539122104645,0.8833392262458801,0.4362329542636871,0.716301441192627,0.2726659476757049,0.8876376152038574,0.4691616296768188,0.7124742269515991,0.3831971883773803,0.9110152721405028,0.4517079293727875,0.7366783022880554,0.2206111401319503,0.9464274644851683
0.4477265775203705,0.3659553229808807,-0.2299134135246276,0.999992847442627,0.4484642446041107,0.3561987280845642,-0.2194371521472931,0.9999858140945436,0.4498444199562073,0.3562677800655365,-0.2194952517747879,0.9999822378158568,0.4511794745922088,0.3562846183776855,-0.2195052355527877,0.999984085559845,0.443425714969635,0.3557778000831604,-0.2334893196821212,0.9999884366989136,0.4409318268299103,0.3557044565677643,-0.2335921227931976,0.9999860525131226,0.4380225241184234,0.3558737933635711,-0.2336091697216034,0.9999871850013732,0.4496437609195709,0.3604537844657898,-0.1485683470964431,0.9999572038650512,0.4303568303585052,0.3610462844371795,-0.2089582234621048,0.9999780654907228,0.4494683444499969,0.376709520816803,-0.2003397345542907,0.9999489784240724,0.4432758092880249,0.3766789734363556,-0.2178906053304672,0.999949872493744,0.4563180208206177,0.4155493676662445,-0.0692442134022712,0.9997100234031676,0.4150831997394562,0.4277196526527405,-0.193892553448677,0.9997992515563964,0.465819388628006,0.4770920872688293,-0.0109472442418336,0.3726421892642975,0.4102849066257477,0.5077661871910095,-0.2033023834228515,0.9781285524368286,0.4757382273674011,0.531272292137146,-0.0384513214230537,0.4895980060100555,0.4170014262199402,0.5771985054016113,-0.2350752502679824,0.937487006187439,0.4802849888801574,0.548898458480835,-0.0471893213689327,0.4718896150588989,0.4176646173000335,0.5979461669921875,-0.2602932155132293,0.9122605323791504,0.4766992628574371,0.5482891798019409,-0.0629068911075592,0.4848997592926025,0.4226051270961761,0.5943747758865356,-0.2626311779022217,0.9129256010055542,0.4745210111141205,0.5416792631149292,-0.0458905436098575,0.4825688302516937,0.4232257306575775,0.5874425768852234,-0.2365382760763168,0.8875442743301392,0.4522156119346618,0.5526215434074402,0.0425680689513683,0.9999340772628784,0.4294232428073883,0.5615102052688599,-0.0424312204122543,0.9999716281890868,0.4531943202018738,0.6244843602180481,0.1967064440250396,0.8256261944770813,0.4362429082393646,0.6369739770889282,0.0936623960733413,0.9851851463317872,0.4530806541442871,0.6856719255447388,0.3934366405010223,0.8557666540145874,0.4387106895446777,0.7096682190895081,0.262052446603775,0.9608988165855408,0.449279248714447,0.6882667541503906,0.4119486808776855,0.8823076486587524,0.436229795217514,0.7164641618728638,0.2768051922321319,0.8870708346366882,0.4691886901855469,0.7128306031227112,0.3845953941345215,0.912440299987793,0.4517797827720642,0.7366753816604614,0.2238615900278091,0.9486128091812134
0.4476871490478515,0.3662406504154205,-0.2302110195159912,0.9999931454658508,0.4483667016029358,0.3564710319042206,-0.2199637442827224,0.9999863505363464,0.4497242271900177,0.3565295934677124,-0.2200279086828231,0.9999828338623048,0.4510399997234344,0.3565348982810974,-0.2200405895709991,0.9999845623970032,0.443420797586441,0.3560737073421478,-0.2338049262762069,0.999988853931427,0.4409194886684418,0.3559852242469787,-0.2339035123586654,0.9999865889549256,0.4380212128162384,0.3561312854290008,-0.2339199483394622,0.999987781047821,0.4493197798728943,0.360695332288742,-0.149224042892456,0.9999582767486572,0.4303039312362671,0.3612423837184906,-0.209044262766838,0.9999793171882628,0.4493926465511322,0.3769714534282684,-0.200639858841896,0.999952495098114,0.4432775676250458,0.3768076002597809,-0.2179727703332901,0.9999538064002992,0.4563204348087311,0.4155296087265014,-0.0706064626574516,0.999731183052063,0.4148384630680084,0.4278611540794372,-0.1941957026720047,0.9998172521591188,0.46631920337677,0.4770886898040771,-0.0151953352615237,0.4022074937820434,0.4099799394607544,0.5080896019935608,-0.2039012908935547,0.97962486743927,0.4771235287189483,0.5332388281822205,-0.0474545545876026,0.5185052156448364,0.415406584739685,0.5776530504226685,-0.23505200445652,0.9421476125717164,0.4818045198917389,0.5509268641471863,-0.0573106221854686,0.4960235059261322,0.4156589210033417,0.5983420014381409,-0.2602491974830627,0.9177644848823548,0.4782476425170898,0.5502444505691528,-0.0728008970618248,0.5090336203575134,0.4204845130443573,0.5947815775871277,-0.2626605331897735,0.9184611439704896,0.4759098887443542,0.5437926650047302,-0.0550593510270118,0.505803108215332,0.4211974442005157,0.5878421664237976,-0.2365875095129013,0.8944180607795715,0.4522205293178558,0.5526469349861145,0.0424067564308643,0.999928057193756,0.4297496378421783,0.5615644454956055,-0.0422707349061965,0.9999700784683228,0.4538659751415252,0.6242687702178955,0.1971226185560226,0.8290436863899231,0.436111181974411,0.6381213665008545,0.0968245342373848,0.9852405190467834,0.4530386328697204,0.6850656270980835,0.3972448706626892,0.8563905954360962,0.4386834502220154,0.7097450494766235,0.2676148116588592,0.9621845483779908,0.448686271905899,0.6867123246192932,0.4161386489868164,0.8805884122848511,0.4362077116966247,0.7165917754173279,0.2825881838798523,0.8858504891395569,0.4691802561283111,0.7120510935783386,0.3897425234317779,0.9132042527198792,0.4518343210220337,0.7365808486938477,0.2301661372184753,0.950368344783783
0.447655975818634,0.3665556907653808,-0.2276727110147476,0.9999932050704956,0.4482941627502441,0.3568877577781677,-0.2180132865905761,0.999986469745636,0.4496103823184967,0.356950968503952,-0.2180851250886917,0.9999828934669496,0.45088592171669,0.3569726645946502,-0.2181030809879303,0.999984622001648,0.4434155225753784,0.3565049767494201,-0.2315924763679504,0.9999889731407166,0.4409338533878326,0.356408417224884,-0.2316880822181701,0.9999867081642152,0.4380756914615631,0.356525182723999,-0.2317064851522445,0.9999880194664,0.4489202201366424,0.3611632883548736,-0.1489667445421219,0.999958038330078,0.4302650690078735,0.3614979386329651,-0.2079987376928329,0.9999800324440002,0.4492864608764648,0.3772637248039245,-0.1986996382474899,0.9999552965164183,0.4432759881019592,0.3769424259662628,-0.2157838493585586,0.9999571442604064,0.4563139081001282,0.4153886139392853,-0.071457102894783,0.999750554561615,0.414261132478714,0.4282149970531463,-0.1934536844491958,0.9998334050178528,0.4666600823402405,0.47707599401474,-0.0195777490735054,0.4306946694850921,0.4098460078239441,0.5096916556358337,-0.2034297585487365,0.980946123600006,0.4779256284236908,0.533492922782898,-0.0543007217347621,0.5462145805358887,0.4149479269981384,0.5789963603019714,-0.2342644184827804,0.9462935924530028,0.4825361669063568,0.5516287088394165,-0.0643749088048935,0.5195909142494202,0.4152507483959198,0.5990856885910034,-0.2596598267555237,0.9226179718971252,0.4791238903999328,0.5512149930000305,-0.0796841606497764,0.5325844883918762,0.4199426770210266,0.5954053401947021,-0.2619865238666534,0.923371970653534,0.4767689704895019,0.5445895195007324,-0.0619538985192775,0.5284959077835083,0.4205175042152405,0.5887008905410767,-0.2362309992313385,0.9005334973335266,0.4522564113140106,0.5525564551353455,0.0421391613781452,0.9999212622642516,0.429839164018631,0.5616134405136108,-0.0420077070593833,0.9999682903289796,0.4544629752635956,0.6240600347518921,0.196470558643341,0.8327622413635254,0.4359233975410461,0.639247477054596,0.0950309932231903,0.985392928123474,0.4530249536037445,0.6836152076721191,0.3957514464855194,0.8565183877944946,0.4384756684303283,0.7104827165603638,0.2618866562843323,0.9634321331977844,0.4484287798404693,0.6843655705451965,0.4146412909030914,0.8784081935882568,0.4360113739967346,0.7171083092689514,0.2765803039073944,0.8846502900123596,0.4691797196865082,0.7116243839263916,0.3889501690864563,0.9138427376747132,0.4518948793411255,0.7368676066398621,0.2248644679784774,0.952060341835022
0.4476664364337921,0.36677947640419,-0.2268753945827484,0.9999930262565612,0.4482841491699219,0.357155442237854,-0.2175165116786956,0.999986171722412,0.4495741724967956,0.3572283089160919,-0.2175923883914947,0.9999824166297911,0.4508167505264282,0.3572668135166168,-0.2176122218370437,0.9999842047691344,0.443431556224823,0.3567382097244262,-0.2311267256736755,0.9999886751174928,0.4410101473331451,0.3566097319126129,-0.2312226742506027,0.9999864101409912,0.4382422566413879,0.3566744327545166,-0.2312457859516143,0.9999879002571106,0.44861900806427,0.3614233434200287,-0.1491399258375167,0.9999566078186036,0.4302678108215332,0.3615315556526184,-0.2081603854894638,0.9999803900718688,0.4492746889591217,0.3774803876876831,-0.1980919688940048,0.9999576210975648,0.4433441758155823,0.3770547211170196,-0.2151822745800018,0.9999600052833556,0.4563011229038238,0.4153176844120025,-0.0714097917079925,0.9997687339782716,0.4141725599765777,0.4282821118831634,-0.1942890137434005,0.9998483657836914,0.4670074880123138,0.476649135351181,-0.0219228342175483,0.4595514237880707,0.4100158512592315,0.5105347037315369,-0.2040693163871765,0.9822346568107604,0.4786127209663391,0.5328229069709778,-0.062332946807146,0.5736328959465027,0.4157139658927917,0.5796445608139038,-0.2346693873405456,0.9504226446151732,0.4830751121044159,0.5509761571884155,-0.0731311589479446,0.5430009961128235,0.4160268008708954,0.599556565284729,-0.2600955665111542,0.9277158379554749,0.4798561632633209,0.5505905747413635,-0.0894432514905929,0.5560319423675537,0.420667827129364,0.5960404276847839,-0.262928307056427,0.9284953474998474,0.4774853885173797,0.5439355969429016,-0.0705321282148361,0.5509347915649414,0.421352356672287,0.5893141627311707,-0.2365358173847198,0.9068342447280884,0.4522295594215393,0.5524107217788696,0.042251743376255,0.9999138116836548,0.429869145154953,0.5616135001182556,-0.0421169772744178,0.9999660849571228,0.4543589353561401,0.6220200657844543,0.1955204606056213,0.835008978843689,0.4356621205806732,0.6396231055259705,0.0862472206354141,0.9854387640953064,0.452758640050888,0.6836314797401428,0.3916501402854919,0.8549884557723999,0.4382284283638,0.7112883925437927,0.2522935569286346,0.9642626643180848,0.4479756951332092,0.6841999292373657,0.4101403355598449,0.8732032179832458,0.435854434967041,0.7175329923629761,0.2664803266525268,0.8807744383811951,0.4690422415733337,0.7112270593643188,0.3833189904689789,0.9136536717414856,0.4519351720809936,0.7381042838096619,0.2092568576335907,0.953445315361023
0.4477905035018921,0.3669767379760742,-0.2102334201335907,0.9999932050704956,0.4483081400394439,0.3573229312896728,-0.20142462849617,0.9999865293502808,0.449578583240509,0.3573724925518036,-0.2014992088079452,0.99998277425766,0.4508168995380401,0.3573939502239227,-0.2015135884284973,0.9999844431877136,0.4435783326625824,0.3569404780864715,-0.2148224860429763,0.9999890327453612,0.4413036406040191,0.3567894399166107,-0.2149176597595214,0.9999868869781494,0.4386698305606842,0.3568059802055359,-0.2149305343627929,0.9999883770942688,0.4485040605068207,0.3615882098674774,-0.1372357308864593,0.99995756149292,0.4303458929061889,0.3615649044513702,-0.1956287026405334,0.9999814629554749,0.4493112862110138,0.3776596486568451,-0.1831660866737365,0.9999608993530272,0.443674087524414,0.3771555721759796,-0.2001228630542755,0.999963402748108,0.4563053846359253,0.4152181446552276,-0.0636957064270973,0.9997870326042176,0.4141640961170196,0.4286426901817322,-0.1829176396131515,0.999862551689148,0.4674253165721893,0.4761044979095459,-0.0170272383838892,0.4851850271224975,0.4103745520114898,0.5108665227890015,-0.1941361725330352,0.9834925532341005,0.479039192199707,0.5324411392211914,-0.0467218235135078,0.5981168150901794,0.4165851175785064,0.5801087617874146,-0.2289589196443557,0.9541418552398682,0.4833709895610809,0.5508958101272583,-0.0551980771124362,0.565006673336029,0.4169833362102508,0.5998911261558533,-0.2528891265392303,0.9324500560760498,0.4802620708942413,0.5505951642990112,-0.07102070748806,0.5779137015342712,0.4214701950550079,0.5965932011604309,-0.2564586997032165,0.9332471489906312,0.4778895378112793,0.5437993407249451,-0.0543033070862293,0.57231605052948,0.4221706390380859,0.5900928974151611,-0.2308512032032013,0.9128983616828918,0.4524680972099304,0.5522295236587524,0.0421950034797191,0.9999130964279176,0.4299569129943847,0.56154865026474,-0.0420665182173252,0.9999666810035706,0.4543761014938354,0.6206745505332947,0.1880845129489898,0.8429867029190063,0.4355437457561493,0.6396046280860901,0.0724223852157592,0.9862476587295532,0.452747642993927,0.6832333207130432,0.3833927810192108,0.8594555854797363,0.4378228783607483,0.7118624448776245,0.2275324016809463,0.9664141535758972,0.4478875696659088,0.6840561032295227,0.4020395278930664,0.8756781816482544,0.4352912902832031,0.717761754989624,0.24091237783432,0.8843459486961365,0.4688662588596344,0.7111014127731323,0.3773921132087707,0.9164588451385498,0.4519466459751129,0.7391990423202515,0.1852194219827652,0.9560849070549012
0.4480189979076385,0.3671413064002991,-0.1954589486122131,0.9999936819076538,0.4483672082424164,0.3574244976043701,-0.1867610067129135,0.9999874830245972,0.44959756731987,0.3574504852294922,-0.1868344247341156,0.9999839663505554,0.4508187174797058,0.3574584722518921,-0.1868412643671035,0.9999854564666748,0.4437524676322937,0.3570711612701416,-0.200413316488266,0.9999898076057434,0.441582053899765,0.3569015562534332,-0.2005071192979812,0.9999878406524658,0.4390230774879455,0.3568873107433319,-0.2005116492509842,0.9999892711639404,0.4483713209629059,0.3616423606872558,-0.1250487118959427,0.9999605417251588,0.4305035471916199,0.3615749180316925,-0.1844661235809326,0.9999829530715942,0.4493651390075683,0.3777374625205993,-0.1694517880678177,0.9999644160270692,0.44394052028656,0.3772162497043609,-0.1867107897996902,0.9999668598175048,0.4562557935714721,0.4151760935783386,-0.0530521161854267,0.9998051524162292,0.4141796231269836,0.4286438226699829,-0.1751807183027267,0.9998758435249328,0.4675814509391784,0.4756832420825958,-0.005783078726381,0.508884847164154,0.4117418527603149,0.5108113288879395,-0.1864894777536392,0.9847537875175476,0.4792371094226837,0.5319995284080505,-0.0418061502277851,0.6217612028121948,0.4171872437000274,0.5803773403167725,-0.2214972078800201,0.9578232169151306,0.4835981726646423,0.5502954125404358,-0.049827691167593,0.5866739153862,0.4170463681221008,0.6002321839332581,-0.2448138296604156,0.9373978972434998,0.4806154370307922,0.5499459505081177,-0.065566211938858,0.5993086099624634,0.4218006730079651,0.5972303748130798,-0.247903510928154,0.938166618347168,0.4782201051712036,0.5432516932487488,-0.0492518506944179,0.5931078791618347,0.4223332405090332,0.5906336307525635,-0.2230796664953231,0.919228732585907,0.4525416493415832,0.5522246956825256,0.0424073599278926,0.9999158382415771,0.4299719035625458,0.5614268183708191,-0.042279127985239,0.999968409538269,0.4545471966266632,0.6206330060958862,0.1849155277013778,0.8509073257446289,0.4355575442314148,0.639327883720398,0.0583640448749065,0.9871978759765624,0.4527535140514374,0.6834490895271301,0.3708439469337463,0.8655040264129639,0.4376431107521057,0.7120314240455627,0.2042576223611831,0.968865692615509,0.4478957951068878,0.6842239499092102,0.3882487118244171,0.8800790309906006,0.4351936280727386,0.7178263068199158,0.2168834805488586,0.890386164188385,0.4687956273555755,0.711633026599884,0.3648522794246673,0.9200863242149352,0.4519439935684204,0.7393554449081421,0.1629363894462585,0.959092617034912
0.4483371675014496,0.367534875869751,-0.1798859536647796,0.999994158744812,0.4486303031444549,0.3577368259429931,-0.1717240512371063,0.9999883770942688,0.4498391151428222,0.3577398657798767,-0.1717991977930069,0.9999850392341614,0.4510393142700195,0.3577247858047485,-0.1718040257692337,0.9999864101409912,0.4440234303474426,0.3573805093765259,-0.1847117096185684,0.9999905228614808,0.4419092237949371,0.3571748733520508,-0.1848041117191314,0.9999887347221376,0.4393649101257324,0.3571181893348694,-0.1848023384809494,0.9999901056289672,0.4484083354473114,0.3618800938129425,-0.1143427193164825,0.9999633431434632,0.4306922256946563,0.3616777062416076,-0.1706729233264923,0.999984323978424,0.4495371580123901,0.3780302405357361,-0.1557137221097946,0.999967634677887,0.4442009925842285,0.3774954974651336,-0.1720500290393829,0.9999699592590332,0.4563081562519073,0.4152033925056457,-0.0476275496184825,0.9998218417167664,0.4146571457386017,0.4291126132011413,-0.1636621505022049,0.9998878240585328,0.4677129685878753,0.4755731523036957,0.0012978360755369,0.5300878286361694,0.4146665930747986,0.5137806534767151,-0.1733120083808899,0.985873281955719,0.4792782664299011,0.5317026972770691,-0.0335520170629024,0.6426101922988892,0.4195716977119446,0.5818485021591187,-0.2062544077634811,0.9610485434532166,0.4837708473205566,0.5499219298362732,-0.0399067401885986,0.6058966517448425,0.4193930029869079,0.6007066965103149,-0.2278272658586502,0.9417686462402344,0.4808244407176971,0.5494769215583801,-0.0544794239103794,0.6181607246398926,0.4240125119686126,0.5977986454963684,-0.2310255616903305,0.942508339881897,0.4783563911914825,0.5428698062896729,-0.0403571538627147,0.6115326285362244,0.4246605038642883,0.5913578271865845,-0.2077975571155548,0.924907386302948,0.4529750943183899,0.5528261661529541,0.0418668575584888,0.9999189972877502,0.4300403296947479,0.5618758797645569,-0.0417327135801315,0.9999701976776124,0.4549662470817566,0.621128499507904,0.1737854778766632,0.8594091534614563,0.4355682134628296,0.6391444206237793,0.0505269281566143,0.9881341457366944,0.4528020918369293,0.6837774515151978,0.3468627035617828,0.8728514909744263,0.4374936521053314,0.7122008800506592,0.1869526803493499,0.9712427258491516,0.4479334950447082,0.6847116351127625,0.363076239824295,0.8854114413261414,0.4350570142269134,0.7179270386695862,0.1988573968410492,0.8967123031616211,0.4687216579914093,0.711971640586853,0.3401608467102051,0.924246609210968,0.4517901539802551,0.7396284341812134,0.1471401005983352,0.9619733095169068
0.4487419128417969,0.367113709449768,-0.1752486675977707,0.9999946355819702,0.448973536491394,0.3574739694595337,-0.1672028750181198,0.9999892711639404,0.4502032697200775,0.3573867380619049,-0.1672751754522323,0.9999861121177672,0.4514133334159851,0.3572643399238586,-0.1672745496034622,0.9999873638153076,0.444354385137558,0.3572940826416015,-0.1798560917377472,0.999991238117218,0.4422924220561981,0.3571100831031799,-0.1799478381872177,0.9999896287918092,0.4398050308227539,0.3570737540721893,-0.1799410879611969,0.9999908804893494,0.4486325681209564,0.3613927066326141,-0.1116287037730217,0.9999661445617676,0.4311168491840362,0.3616755604743957,-0.1662495881319046,0.9999856352806092,0.4499765932559967,0.377737283706665,-0.1519563943147659,0.9999706745147704,0.4447439312934875,0.3773347735404968,-0.1677950471639633,0.9999728202819824,0.4568526446819305,0.4151701927185058,-0.0460485778748989,0.9998371601104736,0.4159262478351593,0.4295937120914459,-0.1603894233703613,0.9998986721038818,0.4681997299194336,0.4756586849689483,0.0036105825565755,0.5503978729248047,0.4163056910037994,0.513560950756073,-0.1677341610193252,0.9869868159294128,0.4795885980129242,0.5315632224082947,-0.0305688418447971,0.6623407602310181,0.4216299057006836,0.5818420648574829,-0.1989679187536239,0.964174747467041,0.4840306937694549,0.5499476790428162,-0.036476656794548,0.6249037384986877,0.4220069348812103,0.600623607635498,-0.219809278845787,0.9461266994476318,0.4813289642333984,0.5494756102561951,-0.0515821613371372,0.6367813944816589,0.4263029098510742,0.5976411700248718,-0.2236180007457733,0.9468243718147278,0.4789313971996307,0.5427699089050293,-0.0375372059643268,0.6299362778663635,0.4269716143608093,0.5911933183670044,-0.20065838098526,0.9305551052093506,0.4540435075759887,0.5529258251190186,0.0413791500031948,0.9999224543571472,0.4306880831718445,0.5618829727172852,-0.0412401370704174,0.9999719858169556,0.455279678106308,0.6223899126052856,0.1623292565345764,0.8677740693092346,0.435632973909378,0.6380100846290588,0.040634598582983,0.9890589118003844,0.4527941942214966,0.6842966079711914,0.3279438614845276,0.8801273107528687,0.4374092519283294,0.7121590971946716,0.1677126735448837,0.9735196232795716,0.4479372799396515,0.6856389045715332,0.3435039222240448,0.8909085392951965,0.43503537774086,0.7179222106933594,0.1787754148244857,0.9031587839126588,0.4685284197330475,0.7123215794563293,0.3212566375732422,0.928231716156006,0.4516793191432953,0.7395855784416199,0.1273683160543441,0.9646961092948914
0.449452668428421,0.3665523529052734,-0.1744219213724136,0.9999950528144836,0.4495273530483246,0.3569315671920776,-0.166115716099739,0.9999901056289672,0.4507574141025543,0.3566501438617706,-0.1661858260631561,0.9999871850013732,0.4519273638725281,0.356346070766449,-0.166182279586792,0.999988317489624,0.4450013935565948,0.3571569323539734,-0.1793345510959625,0.9999919533729552,0.4429888129234314,0.3570402860641479,-0.1794272363185882,0.999990463256836,0.440688818693161,0.3570449650287628,-0.1794193238019943,0.9999916553497314,0.4488856494426727,0.3604804873466491,-0.1103933155536651,0.9999687671661376,0.4320542514324188,0.3616864383220672,-0.1673821955919265,0.9999868273735046,0.4507238566875458,0.3773624002933502,-0.1510613113641739,0.9999734163284302,0.44571053981781,0.3772270977497101,-0.1676030606031417,0.9999753832817078,0.4573498070240021,0.4151535034179687,-0.0448504649102687,0.9998503923416138,0.4175820350646972,0.4299247860908508,-0.1635136008262634,0.9999082684516908,0.4686262309551239,0.4764630496501922,0.0049325837753713,0.5627638101577759,0.4183303713798523,0.5133618712425232,-0.1702109724283218,0.9879577159881592,0.4798646569252014,0.5317620038986206,-0.0280303973704576,0.6767097115516663,0.42498779296875,0.582228422164917,-0.1941834986209869,0.9668605923652648,0.4842065274715423,0.5500838756561279,-0.0339888371527195,0.6386266350746155,0.4257176220417022,0.600982129573822,-0.2143770307302475,0.9498004913330078,0.4816726446151733,0.5495537519454956,-0.0488289967179298,0.6502981185913086,0.4295949935913086,0.5976371765136719,-0.2174156755208969,0.95045405626297,0.479331761598587,0.5429617166519165,-0.0350641049444675,0.6435652375221252,0.4301932752132416,0.591177225112915,-0.1954506039619445,0.9353241920471193,0.4556474387645721,0.5534572005271912,0.0414122492074966,0.99992573261261,0.4329119622707367,0.5624037384986877,-0.0412722788751125,0.9999735355377196,0.4564739167690277,0.6230668425559998,0.1610865890979766,0.8745495080947876,0.4356701970100403,0.6380155682563782,0.0482823438942432,0.9898360967636108,0.452811986207962,0.685106098651886,0.3180853128433227,0.8868417739868164,0.437288761138916,0.7119322419166565,0.1764071434736251,0.9754037261009216,0.4479391872882843,0.6878762245178223,0.3327596783638,0.8960605263710022,0.4348329901695251,0.7174972295761108,0.1876350939273834,0.9082752466201782,0.4685088694095611,0.7127817869186401,0.3106390237808227,0.9318717122077942,0.4515132904052734,0.739563524723053,0.1397696435451507,0.9668274521827698
0.4507679045200348,0.3665519952774048,-0.1691863089799881,0.9999954104423524,0.4506404101848602,0.3569263815879822,-0.1606941521167755,0.9999908208847046,0.4517693817615509,0.356609970331192,-0.1607625186443328,0.9999880790710448,0.4528009593486786,0.3562628030776977,-0.1607594490051269,0.999989092350006,0.4462973177433014,0.357265293598175,-0.1745597720146179,0.9999925494194032,0.4442531168460846,0.3572186529636383,-0.1746534556150436,0.9999911785125732,0.4420987367630005,0.3572635650634765,-0.1746436208486557,0.999992311000824,0.4493125677108764,0.3603045046329498,-0.1050718501210212,0.9999709129333496,0.4336649477481842,0.3618508577346802,-0.1650502979755401,0.9999878406524658,0.4518555700778961,0.3773571848869324,-0.1458875983953476,0.9999758005142212,0.4471157193183899,0.3772798776626587,-0.1632892489433288,0.9999776482582092,0.4577351212501526,0.415102869272232,-0.0402330756187438,0.999862253665924,0.4186374545097351,0.4306862950325012,-0.1628949493169784,0.9999168515205384,0.4692033529281616,0.4768226444721222,0.0116348536685109,0.5702723860740662,0.4213129878044128,0.5147629380226135,-0.1695384234189987,0.9887588620185852,0.4803226590156555,0.5316826105117798,-0.0197705682367086,0.6869931221008301,0.4282284379005432,0.5831310749053955,-0.1901243478059768,0.9690752029418944,0.4845913648605346,0.5499818325042725,-0.0253176372498273,0.648312509059906,0.4285123646259308,0.6024073362350464,-0.2095524817705154,0.9528164267539978,0.4822149276733398,0.5494654774665833,-0.0399332270026207,0.659881055355072,0.4321689903736114,0.598662793636322,-0.2129529118537902,0.9534360766410828,0.4799138605594635,0.5429043173789978,-0.0267921313643455,0.6535651087760925,0.4329827725887298,0.5920347571372986,-0.1914111971855163,0.9392739534378052,0.4568361639976501,0.5539163947105408,0.0414550825953483,0.9999288320541382,0.4341683685779571,0.5628725290298462,-0.0413157679140567,0.9999748468399048,0.4580285847187042,0.6230770349502563,0.1570048630237579,0.88108891248703,0.4355790317058563,0.6379933953285217,0.0475251153111457,0.9905325174331664,0.4528091251850128,0.6857094168663025,0.3076647520065307,0.8934206962585449,0.4371983706951141,0.7109532952308655,0.1731249690055847,0.9770891666412354,0.4479396045207977,0.6901609897613525,0.3217324018478393,0.9011291265487672,0.4347316324710846,0.7162252068519592,0.184168130159378,0.91291481256485,0.4684753119945526,0.7132098078727722,0.2992622256278991,0.9354071617126464,0.4508572518825531,0.7393016219139099,0.1379075199365615,0.968702793121338
0.4519714415073395,0.3663140535354614,-0.1778415739536285,0.9999957084655762,0.4518172144889831,0.3567630052566528,-0.1693033725023269,0.9999914765357972,0.4528736770153045,0.3563497960567474,-0.169367104768753,0.999988853931427,0.4538720250129699,0.3559099435806274,-0.1693658679723739,0.9999898076057434,0.4473994672298431,0.3572624921798706,-0.1830824017524719,0.999993085861206,0.4452592134475708,0.3572368621826172,-0.1831765919923782,0.9999918341636658,0.4430497884750366,0.3573126494884491,-0.1831702440977096,0.9999929070472716,0.4501623511314392,0.3598814904689789,-0.1126412153244018,0.9999728202819824,0.4348302781581878,0.3619028627872467,-0.1721407324075698,0.9999887943267822,0.4530777335166931,0.376958429813385,-0.1541854739189148,0.9999779462814332,0.4482002258300781,0.377228319644928,-0.1714504659175872,0.9999796748161316,0.4586766958236694,0.4138857126235962,-0.0452726520597934,0.9998726844787598,0.4196807742118835,0.4313688576221466,-0.1678018718957901,0.9999244809150696,0.4701274633407593,0.4768517315387726,0.0075716087594628,0.5776874423027039,0.4235543608665466,0.5160579681396484,-0.1734873801469802,0.9894322752952576,0.4809475541114807,0.5316312909126282,-0.0231481380760669,0.6960693597793579,0.4307352900505066,0.5840498208999634,-0.1869423985481262,0.970978319644928,0.4853741526603699,0.549889087677002,-0.0289783515036106,0.656886100769043,0.4309185743331909,0.6036266088485718,-0.20474873483181,0.9553887844085692,0.4830264747142792,0.5493887662887573,-0.0438181608915329,0.6684024333953857,0.4346461594104767,0.5996370315551758,-0.2083503901958465,0.9559850096702576,0.4807432293891907,0.5428209900856018,-0.0302497819066047,0.6625488996505737,0.435721755027771,0.5926704406738281,-0.1881141066551208,0.9426381587982178,0.4580095410346985,0.5539534687995911,0.0414971522986888,0.9999313950538636,0.4353527128696441,0.5628070831298828,-0.0413578897714614,0.9999758005142212,0.4595400989055633,0.6237563490867615,0.1512502878904342,0.8861315846443176,0.4354565739631653,0.6381990313529968,0.0373041145503521,0.991141438484192,0.4528357684612274,0.6865414977073669,0.2939667701721191,0.8987162709236145,0.43706214427948,0.7105845808982849,0.1556640416383743,0.9785173535346984,0.4479428827762604,0.6915567517280579,0.3071624338626861,0.9048109650611876,0.434512734413147,0.7160366177558899,0.1659966558218002,0.9165225625038148,0.4684885740280151,0.7139620184898376,0.2846658527851105,0.9381952285766602,0.4498779475688934,0.7392063140869141,0.1201051920652389,0.9702550768852234
0.4531106352806091,0.366325318813324,-0.1835933178663253,0.9999959468841552,0.4530763626098633,0.3567639589309692,-0.1747637391090393,0.9999918937683104,0.4541252255439758,0.3563434183597564,-0.174828365445137,0.9999893307685852,0.4551801085472107,0.355886697769165,-0.17482990026474,0.9999902248382568,0.4485267698764801,0.3574228584766388,-0.188524529337883,0.9999934434890748,0.4463586509227752,0.3574884831905365,-0.1886192262172699,0.9999922513961792,0.4440935254096985,0.3576458990573883,-0.1886177062988281,0.9999933242797852,0.4517127275466919,0.3597380816936493,-0.1162771061062812,0.9999738931655884,0.4362498223781585,0.3620725870132446,-0.1756426841020584,0.9999894499778748,0.4543692469596863,0.3769401311874389,-0.1591718643903732,0.9999796748161316,0.4492259919643402,0.3772510886192322,-0.1764064282178878,0.99998140335083,0.4598439037799835,0.4130973815917969,-0.0471567511558532,0.9998810291290284,0.4207661747932434,0.4317642748355865,-0.1694618016481399,0.9999310970306396,0.4709605872631073,0.476913720369339,0.0070338724181056,0.5851861238479614,0.4246220886707306,0.5161378979682922,-0.1761049479246139,0.990016520023346,0.4819065928459167,0.5308696627616882,-0.031263705343008,0.7043541073799133,0.432135671377182,0.5854229927062988,-0.1926094144582748,0.972701609134674,0.4863261580467224,0.549045205116272,-0.0371809229254722,0.6645256876945496,0.4324329495429992,0.60490882396698,-0.2117051482200622,0.9576855301856996,0.4839305281639099,0.5485353469848633,-0.0527550391852855,0.6760709285736084,0.4364365041255951,0.6005717515945435,-0.2155732661485672,0.9582634568214417,0.4815984070301056,0.5418914556503296,-0.0388804823160171,0.6704760193824768,0.4375276863574981,0.5934175252914429,-0.1939639002084732,0.9455739259719848,0.4587803483009338,0.553996205329895,0.0416160002350807,0.9999318718910216,0.4361705183982849,0.5629949569702148,-0.0414780229330062,0.9999759197235109,0.4608924686908722,0.624428927898407,0.1501797139644622,0.8907099962234497,0.4354807138442993,0.6382161378860474,0.0371217504143714,0.991671085357666,0.4531838595867157,0.6866167187690735,0.2993396520614624,0.9030554890632628,0.4370082020759582,0.7100766897201538,0.1619662493467331,0.9797292351722716,0.4481538534164428,0.6918649673461914,0.3131051659584045,0.9074383974075316,0.4345034956932068,0.7154124975204468,0.1727575957775116,0.919179618358612,0.468968003988266,0.7139634490013123,0.2890090346336365,0.9404154419898988,0.4495485126972198,0.7388753294944763,0.1247517243027687,0.9715828895568848
0.4539821445941925,0.3662972748279571,-0.1858229786157608,0.9999961256980896,0.4541592597961426,0.3567489087581634,-0.1767455786466598,0.9999921321868896,0.4553366005420685,0.356314480304718,-0.1768096983432769,0.9999896287918092,0.4565173685550689,0.3558436632156372,-0.1768109649419784,0.9999905228614808,0.4493168294429779,0.3574526607990265,-0.1906124651432037,0.9999936819076538,0.4470601081848144,0.3575893342494964,-0.1907072365283966,0.9999925494194032,0.4446871876716614,0.3578558266162872,-0.1907097995281219,0.999993622303009,0.4535995721817016,0.3596908450126648,-0.1174559444189071,0.9999745488166808,0.4372517168521881,0.3625190854072571,-0.1771768480539322,0.9999900460243224,0.4554685652256012,0.3767611980438232,-0.161183699965477,0.9999812245368958,0.4499430060386657,0.3772202432155609,-0.1784937083721161,0.9999829530715942,0.4617833197116852,0.4127722084522247,-0.045922826975584,0.9998883605003356,0.4228935837745666,0.4320021867752075,-0.1723091751337051,0.9999370574951172,0.4724849164485931,0.4769072234630584,0.0052607129327952,0.5927633047103882,0.4268563091754913,0.5174893140792847,-0.1772168576717376,0.9905888438224792,0.4834227561950683,0.5299645066261292,-0.0354520939290523,0.7117198705673218,0.4339227676391601,0.5882822275161743,-0.1965178549289703,0.9743659496307372,0.4875513911247253,0.5477091073989868,-0.0419605448842048,0.6711146831512451,0.4341009557247162,0.6077882647514343,-0.2165022045373916,0.959918200969696,0.485360711812973,0.5475122928619385,-0.0588079430162906,0.6827748417854309,0.4383192062377929,0.6042889356613159,-0.2204961031675338,0.9604732990264891,0.4829277694225311,0.5411511063575745,-0.0437558963894844,0.6775115132331848,0.4394435882568359,0.5969245433807373,-0.1979734897613525,0.9483876824378968,0.4595646858215332,0.5542621612548828,0.0422825552523136,0.9999316930770874,0.4369131624698639,0.5631524920463562,-0.0421437621116638,0.9999753832817078,0.4631952047348022,0.6248502135276794,0.1427651196718216,0.8952808380126953,0.4355494379997253,0.6389138102531433,0.0338812097907066,0.9921220541000366,0.4543902277946472,0.6872498393058777,0.2863482236862182,0.9073569178581238,0.4369643628597259,0.7095128893852234,0.1596082746982574,0.980707347393036,0.4495414197444916,0.6939948797225952,0.2992873191833496,0.9095478057861328,0.4345062971115112,0.7150335311889648,0.1703169345855713,0.9207612872123718,0.4710936248302459,0.7142723798751831,0.2728473246097564,0.942481517791748,0.4484944939613342,0.7389458417892456,0.1223629787564277,0.972646951675415
0.4563169479370117,0.3657146096229553,-0.1911487579345703,0.9999963641166688,0.4562093019485473,0.3560982942581177,-0.1808646768331527,0.999992609024048,0.4573878645896911,0.3555071353912353,-0.1809100955724716,0.9999902248382568,0.4584717154502868,0.3549132645130157,-0.1808999329805374,0.9999910593032836,0.4515816271305084,0.3573014140129089,-0.1958867013454437,0.9999940991401672,0.4492966532707214,0.3575602769851684,-0.1959815770387649,0.9999930262565612,0.4469226002693176,0.3578657805919647,-0.1959827095270156,0.9999940395355223,0.4553734958171844,0.3587715625762939,-0.1186847016215324,0.9999758005142212,0.4398022294044494,0.3629064261913299,-0.1829439103603363,0.9999907612800598,0.4578981399536133,0.3758894503116607,-0.1657264530658722,0.9999827146530152,0.4526381194591522,0.3769498765468597,-0.1843690872192382,0.999984323978424,0.4640710651874542,0.4109745919704437,-0.0466802008450031,0.999894678592682,0.4247682988643646,0.4328089654445648,-0.1811259537935257,0.9999421238899232,0.4746301770210266,0.473691314458847,0.004937260877341,0.5981225967407227,0.4301473200321197,0.5188512802124023,-0.1839665025472641,0.9910321235656738,0.4843049347400665,0.5230826735496521,-0.0350699536502361,0.7173503041267395,0.436199814081192,0.5885770916938782,-0.1968642324209213,0.9756622910499572,0.4880391657352447,0.5402706265449524,-0.0417259410023689,0.6759259104728699,0.4358830749988556,0.6091479063034058,-0.2162712216377258,0.9616122841835022,0.4859739542007446,0.5403525829315186,-0.0581779815256595,0.687553882598877,0.4399799704551697,0.6065505743026733,-0.2203393876552581,0.9621382355690002,0.4835624694824219,0.5345242619514465,-0.0427814982831478,0.6831080317497253,0.441168874502182,0.5988859534263611,-0.1982102692127227,0.9505273699760436,0.4608194530010223,0.5540514588356018,0.0436385460197925,0.9999328851699828,0.438403457403183,0.5626199245452881,-0.043485902249813,0.9999750256538392,0.4660973846912384,0.624272346496582,0.1398614346981048,0.8980125188827515,0.435899555683136,0.6394954323768616,0.0406876169145107,0.9924103617668152,0.4565322995185852,0.6874485611915588,0.2737604081630707,0.9113669395446776,0.4369745552539825,0.7092353701591492,0.1666378676891327,0.9813567996025084,0.4516016840934753,0.6951534748077393,0.2857296764850616,0.9120856523513794,0.4346101582050323,0.7149314284324646,0.1773153841495514,0.921750783920288,0.4749514162540436,0.7142459154129028,0.259520024061203,0.9444339275360109,0.4481264054775238,0.7389981746673584,0.1317001432180404,0.973247528076172
0.4600771069526672,0.3658766150474548,-0.1915354132652282,0.9999966025352478,0.4597662389278412,0.3561529517173767,-0.1810790002346038,0.9999930262565612,0.4607041478157043,0.3555470407009125,-0.1811294853687286,0.999990701675415,0.4615402519702911,0.3549537658691406,-0.1811224669218063,0.9999914765357972,0.455511063337326,0.3575174510478973,-0.196730762720108,0.999994456768036,0.4533018171787262,0.3579055964946747,-0.1968308836221695,0.9999934434890748,0.4509285688400268,0.358380526304245,-0.1968350857496261,0.9999943971633912,0.4582214951515198,0.3588330149650574,-0.1174893826246261,0.999976634979248,0.4440621733665466,0.3636042475700378,-0.1854491233825683,0.9999913573265076,0.4615405797958374,0.3760135769844055,-0.1657548397779464,0.9999839663505554,0.4564436972141266,0.3771452009677887,-0.1851629316806793,0.9999855756759644,0.4658888280391693,0.4109214246273041,-0.040111556649208,0.9999011754989624,0.4273408651351928,0.4339563250541687,-0.1847313195466995,0.99994695186615,0.4764811396598816,0.4715152978897095,0.0138719240203499,0.6002941727638245,0.4324854910373688,0.5208315849304199,-0.1885699927806854,0.9914497137069702,0.4852321445941925,0.5177839398384094,-0.0283038131892681,0.7226784825325012,0.4382543861865997,0.5907995104789734,-0.1983301341533661,0.976856291294098,0.4892187118530273,0.5324043035507202,-0.0350569039583206,0.6800152659416199,0.4376316964626312,0.6118786334991455,-0.2182244509458542,0.9631071090698242,0.4874061346054077,0.5317530035972595,-0.0510138943791389,0.6914690136909485,0.4419901072978973,0.6097128391265869,-0.2220523357391357,0.9635832905769348,0.4851671755313873,0.5274596810340881,-0.0364949442446231,0.6874510645866394,0.4432530105113983,0.6019462943077087,-0.1996893733739853,0.9523397088050842,0.462534099817276,0.5545554161071777,0.0459269322454929,0.9999342560768129,0.4402884840965271,0.563317060470581,-0.0457592345774173,0.9999746680259703,0.4695083498954773,0.6238672733306885,0.1451601386070251,0.9010160565376282,0.4371489882469177,0.6398431658744812,0.0439163632690906,0.9926058053970336,0.4601135551929474,0.6877020597457886,0.2805244028568268,0.9161056280136108,0.4370915293693542,0.7092403769493103,0.1715509742498397,0.9820254445075988,0.4559687077999115,0.6965124607086182,0.2924725711345672,0.9155884981155396,0.4348454177379608,0.7149516940116882,0.1815824806690216,0.923088788986206,0.4796662330627441,0.7140878438949585,0.2646954655647278,0.946941614151001,0.4482355713844299,0.7393417358398438,0.1430363059043884,0.9739944934844972
0.4648483097553253,0.366163432598114,-0.2088802605867386,0.9999968409538268,0.4638417065143585,0.3562465608119964,-0.1971479952335357,0.99999338388443,0.4644713103771209,0.3556392192840576,-0.1971805095672607,0.9999911785125732,0.4649801254272461,0.3550631105899811,-0.1971611529588699,0.9999918341636658,0.4604169428348541,0.3576686978340149,-0.2150792926549911,0.9999948143959044,0.4583820700645447,0.3581132888793945,-0.2151977568864822,0.999993860721588,0.4560116827487945,0.3586881756782532,-0.2152071744203567,0.9999947547912598,0.4610276222229004,0.3591782450675964,-0.1259102374315261,0.999977171421051,0.4481144845485687,0.3643778860569,-0.204313039779663,0.9999919533729552,0.4661137163639068,0.3763254284858703,-0.1796924173831939,0.9999850988388062,0.4617280662059784,0.3774678409099579,-0.2023234963417053,0.9999867081642152,0.4674615561962127,0.4109551310539245,-0.0404496267437934,0.999906837940216,0.4302480518817901,0.4342595636844635,-0.2007960528135299,0.999951422214508,0.4763072729110718,0.4718663394451141,0.0351265668869018,0.581218957901001,0.4346840679645538,0.5204861164093018,-0.2063297480344772,0.9918525815010072,0.4858793914318084,0.5144971609115601,0.0110711902379989,0.7139672040939331,0.4410887360572815,0.5929754376411438,-0.2190927118062973,0.9779234528541564,0.4901709854602813,0.5252076983451843,0.0079776169732213,0.6726782321929932,0.4408720731735229,0.6144230961799622,-0.240203320980072,0.964499533176422,0.4892374277114868,0.5250533819198608,-0.0103777004405856,0.6844114065170288,0.4453157186508178,0.6128903031349182,-0.2447261363267898,0.9649218320846558,0.4867106974124908,0.5225359201431274,0.0024969801306724,0.6811834573745728,0.446665495634079,0.6047743558883667,-0.2205007076263427,0.9538249373435974,0.46509850025177,0.55534428358078,0.0498930662870407,0.9999366998672484,0.4432511925697326,0.5644067525863647,-0.049728438258171,0.999975085258484,0.4718182682991028,0.6237593293190002,0.1627812981605529,0.9037251472473145,0.4383240938186645,0.6402580738067627,0.0488621369004249,0.9928858280181884,0.4627728760242462,0.6876822113990784,0.2953688204288482,0.921164095401764,0.4369105696678161,0.7092514038085938,0.1881606876850128,0.9828311204910278,0.4589368999004364,0.6970444917678833,0.3031619787216186,0.9203479886054992,0.4345517158508301,0.7149694561958313,0.1997872143983841,0.9260414242744446,0.4828088879585266,0.7106825113296509,0.2797571718692779,0.9497351050376892,0.4461183845996856,0.7392634749412537,0.1539748758077621,0.9749308228492736
0.4679060876369476,0.3682223260402679,-0.2189623266458511,0.9999969601631165,0.4670491516590118,0.3574665486812591,-0.2070392668247223,0.9999935030937196,0.4676912724971771,0.3568188548088074,-0.2070607244968414,0.9999912977218628,0.4682635068893432,0.3562178909778595,-0.2070421278476715,0.9999918341636658,0.4636332392692566,0.3588900566101074,-0.2248488068580627,0.9999949932098388,0.4615841209888458,0.3593182563781738,-0.2249695509672165,0.9999940991401672,0.4591515362262726,0.3599497973918915,-0.2249863296747207,0.999994933605194,0.4647144973278045,0.3605321645736694,-0.1330979913473129,0.9999764561653136,0.4513938128948211,0.3660961985588074,-0.2110764682292938,0.999992311000824,0.4692531526088714,0.3780559003353119,-0.1886002719402313,0.9999857544898988,0.4648966491222381,0.3792898654937744,-0.2111951559782028,0.9999874830245972,0.4698898196220398,0.4119270443916321,-0.0412852093577384,0.9999108910560608,0.4335120320320129,0.4352638721466064,-0.2049951702356338,0.9999551773071288,0.4807868003845215,0.4721054136753082,0.0391954258084297,0.5629122853279114,0.4370935261249542,0.5204257369041443,-0.209978312253952,0.9921514987945556,0.4911824464797973,0.5092582702636719,0.018745519220829,0.7057727575302124,0.4441951215267181,0.5945785045623779,-0.2253750115633011,0.978653371334076,0.49582239985466,0.5179476141929626,0.0162816569209098,0.6660888195037842,0.4441906809806824,0.6173946261405945,-0.2466042786836624,0.9653952717781068,0.4950084090232849,0.5171895623207092,-0.0023788155522197,0.6781222224235535,0.4487055540084839,0.6159555315971375,-0.251311182975769,0.9657593965530396,0.4930596351623535,0.5149877071380615,0.0101332431659102,0.6754440665245056,0.4499246180057525,0.6077925562858582,-0.2267570793628692,0.9545637369155884,0.4672847390174866,0.5571956038475037,0.0506001189351081,0.9999374151229858,0.4455263316631317,0.5659032464027405,-0.0504464246332645,0.9999738335609436,0.4734942615032196,0.6256019473075867,0.159144252538681,0.9059920907020568,0.4411760568618774,0.64235520362854,0.0594125054776668,0.9929296374320984,0.4652403891086578,0.6876680254936218,0.2973511517047882,0.9255966544151306,0.4368470013141632,0.7091476917266846,0.2039501368999481,0.9831423163414,0.4615796208381653,0.6974198222160339,0.3090814054012298,0.9243484735488892,0.434243232011795,0.7143825888633728,0.2162161171436309,0.9271838665008544,0.4856819212436676,0.7088290452957153,0.2788078486919403,0.9520429372787476,0.444891482591629,0.7391918301582336,0.1691747158765792,0.9751924276351928
0.4724332094192505,0.3714490532875061,-0.2258332818746566,0.9999969005584716,0.471282035112381,0.3604018986225128,-0.2139588743448257,0.9999932646751404,0.4718093276023865,0.3597456812858581,-0.213969886302948,0.9999909996986388,0.4722794890403747,0.3591605424880981,-0.2139523923397064,0.9999913573265076,0.4682268500328064,0.3620386719703674,-0.232126697897911,0.999994933605194,0.4663904309272766,0.3626135289669037,-0.232246458530426,0.9999940991401672,0.4640993177890777,0.3634044528007507,-0.2322752922773361,0.999994933605194,0.4682765603065491,0.3637289106845855,-0.1378038227558136,0.9999740719795228,0.456036776304245,0.3692915439605713,-0.2174446135759353,0.9999924302101136,0.4733859896659851,0.3803330063819885,-0.1943389773368835,0.9999858140945436,0.4693470001220703,0.3816839158535003,-0.2174785882234573,0.9999878406524658,0.4734445214271545,0.4135815799236297,-0.0398633293807506,0.9999151825904846,0.4372924864292145,0.4362536966800689,-0.2096170932054519,0.9999585747718812,0.484237790107727,0.4719845056533813,0.0477946735918521,0.5449908375740051,0.4402086138725281,0.520881175994873,-0.2155030220746994,0.9924290776252748,0.4974168837070465,0.5040637254714966,0.0331307612359523,0.6954087018966675,0.4477265179157257,0.5964748859405518,-0.2299928814172744,0.9792390465736388,0.5027217268943787,0.5115487575531006,0.0315001644194126,0.6569198966026306,0.4480556845664978,0.6205102801322937,-0.2512485384941101,0.966078758239746,0.5022079348564148,0.5110985636711121,0.0119272964075207,0.6693836450576782,0.4532205462455749,0.6187729239463806,-0.2559597790241241,0.9663926362991332,0.499820202589035,0.5086250305175781,0.024219898506999,0.6670660376548767,0.4538921117782593,0.6104450821876526,-0.2311561554670334,0.954893946647644,0.469451755285263,0.5583842992782593,0.0512436553835868,0.9999380111694336,0.4478827118873596,0.5666704177856445,-0.0511024110019207,0.999971091747284,0.4756665825843811,0.6289293766021729,0.143373891711235,0.908030331134796,0.4470182061195373,0.6451054811477661,0.0664559081196785,0.9924931526184082,0.4681035280227661,0.6891931891441345,0.2753085494041443,0.9296461939811708,0.4368664622306824,0.70661860704422,0.2153911143541336,0.9826882481575012,0.4640164375305176,0.6996548175811768,0.286668598651886,0.927509069442749,0.4334684014320373,0.7113796472549438,0.2281825393438339,0.9258560538291932,0.4884814620018005,0.7091013789176941,0.251124769449234,0.95414137840271,0.4448565542697906,0.7385919690132141,0.1834915280342102,0.974793255329132
0.4790382385253906,0.3748387098312378,-0.2359729558229446,0.9999960660934448,0.4771617650985718,0.3640523850917816,-0.224203735589981,0.9999914765357972,0.4774349331855774,0.363438069820404,-0.2242050915956497,0.9999884366989136,0.477622777223587,0.3629224002361297,-0.2242016345262527,0.999988853931427,0.4747880697250366,0.3657224476337433,-0.2428579479455948,0.9999939203262328,0.4731998443603515,0.3663443624973297,-0.2429835051298141,0.999993085861206,0.4712497293949127,0.367123544216156,-0.2430367469787597,0.9999940395355223,0.4723313450813293,0.367611825466156,-0.1449610441923141,0.9999625086784364,0.4620906412601471,0.3730003833770752,-0.227243423461914,0.9999914169311525,0.4792574644088745,0.3834134042263031,-0.2028155028820037,0.9999801516532898,0.4759477972984314,0.3849003911018371,-0.22678904235363,0.9999846816062928,0.4764599502086639,0.4149378538131714,-0.0400241576135158,0.999915897846222,0.4411994218826294,0.4376839399337768,-0.2199862003326416,0.999960720539093,0.4890149533748626,0.4686254262924194,0.0477419048547744,0.5284517407417297,0.4430576860904693,0.521893322467804,-0.232525885105133,0.9923421144485474,0.5054415464401245,0.5009875893592834,0.0470469258725643,0.6838122010231018,0.4530982375144958,0.6006950736045837,-0.2448108047246933,0.9793403744697572,0.5107830762863159,0.5075427889823914,0.0451417677104473,0.6443397402763367,0.4535818994045257,0.6249999403953552,-0.2683017551898956,0.9657591581344604,0.5100559592247009,0.5075617432594299,0.0251617711037397,0.6578053832054138,0.4591847956180572,0.6235701441764832,-0.2713359594345093,0.9660396575927734,0.5077465772628784,0.5059694647789001,0.0378233268857002,0.656293511390686,0.4591695368289947,0.6154380440711975,-0.2456530034542083,0.953410506248474,0.4716796576976776,0.558853268623352,0.051797155290842,0.9999295473098756,0.4504216015338897,0.5669207572937012,-0.0516886003315448,0.9999583959579468,0.4784557521343231,0.6323853135108948,0.1528280824422836,0.897061288356781,0.4517311155796051,0.6477701663970947,0.0800081267952919,0.988105058670044,0.4693855047225952,0.6916689276695251,0.2764381170272827,0.9263838529586792,0.43763267993927,0.7042675614356995,0.2382325232028961,0.9781737327575684,0.4651322662830353,0.7008492946624756,0.2918528020381927,0.9220499396324158,0.4335817098617553,0.7089610695838928,0.2520849406719208,0.9133477807044984,0.4900073111057281,0.7102997899055481,0.2710178196430206,0.9520878195762634,0.4450231492519378,0.7377427816390991,0.2085613459348678,0.97171550989151
0.4861167371273041,0.382330983877182,-0.2431204915046692,0.9999939203262328,0.4843127429485321,0.3721367120742798,-0.2317881435155868,0.9999862909317015,0.48448646068573,0.3717201650142669,-0.2317785620689392,0.9999812841415404,0.4845761358737945,0.3713626563549042,-0.2317790538072586,0.9999819397926332,0.481793463230133,0.3729866147041321,-0.2513276934623718,0.9999908208847046,0.480223000049591,0.3731826543807983,-0.2514464557170868,0.999989926815033,0.4783621430397033,0.373444139957428,-0.2515034973621368,0.9999912977218628,0.4783014059066772,0.37448850274086,-0.1517136693000793,0.999932825565338,0.4689863324165344,0.3777537643909454,-0.238123819231987,0.9999879002571106,0.485158622264862,0.3912638127803802,-0.2090536803007125,0.999955415725708,0.4818474650382995,0.3930303454399109,-0.2342298626899719,0.9999710321426392,0.478962242603302,0.4167239665985107,-0.0447960756719112,0.9999132752418518,0.4476590156555176,0.4409791231155395,-0.2317877560853958,0.9999620914459229,0.4917855858802795,0.4667713940143585,0.0493626371026039,0.5129964351654053,0.4434972405433655,0.5235357880592346,-0.2494649440050125,0.9921008944511414,0.5143237709999084,0.4954792261123657,0.0593855194747448,0.676586389541626,0.4594430029392242,0.6047987937927246,-0.2587303519248962,0.9797604084014891,0.5199889540672302,0.5018494725227356,0.0584992580115795,0.6353241801261902,0.4607236087322235,0.6278703212738037,-0.2828795611858368,0.9660158157348632,0.5191249251365662,0.5021383166313171,0.0376568064093589,0.6500850319862366,0.4659364819526672,0.6259438991546631,-0.2849946320056915,0.9662843942642212,0.5164769887924194,0.500944197177887,0.0498313829302787,0.6497936844825745,0.4651387929916382,0.6183937191963196,-0.2594095170497894,0.9525759220123292,0.4730378091335296,0.558836817741394,0.0538190156221389,0.9999129176139832,0.4540988802909851,0.5668289065361023,-0.0537556521594524,0.9999370574951172,0.4797636568546295,0.6362481117248535,0.1641341298818588,0.8726257681846619,0.4583477973937988,0.6481050252914429,0.0764514729380607,0.9789526462554932,0.4691342413425445,0.6940731406211853,0.2777758836746216,0.9152323603630066,0.4409469366073608,0.7016332149505615,0.229068249464035,0.9694018959999084,0.4639659821987152,0.701828122138977,0.2973074316978454,0.907945990562439,0.4355776011943817,0.7052283883094788,0.2427404224872589,0.8932920694351196,0.4901668131351471,0.711776852607727,0.2735302746295929,0.945523202419281,0.4451881051063537,0.7351318597793579,0.2068807631731033,0.9659788608551024
0.4924135506153106,0.391010969877243,-0.2462002635002136,0.9999889135360718,0.4899792075157165,0.3814773559570312,-0.2381587028503418,0.9999744296073914,0.4899569749832153,0.3810907006263733,-0.2382019162178039,0.9999667406082152,0.4898207485675812,0.3807634711265564,-0.2382245808839798,0.9999700784683228,0.4879003465175628,0.382055401802063,-0.2577819526195526,0.9999847412109376,0.4865177869796753,0.3821351826190948,-0.2579079568386078,0.999984323978424,0.48487588763237,0.382308155298233,-0.2579809725284576,0.9999870657920836,0.4830241799354553,0.3836627602577209,-0.1685677319765091,0.9998937249183656,0.4757616221904754,0.3866309821605682,-0.2553026676177978,0.9999843835830688,0.4911388456821441,0.4003443121910095,-0.2155490666627884,0.9999400973320008,0.4884780049324035,0.4024165272712707,-0.2407700419425964,0.999963641166687,0.4827496409416199,0.4242757558822632,-0.0652545839548111,0.999914526939392,0.4540283381938934,0.4513853788375854,-0.2531587779521942,0.999964952468872,0.5006980299949646,0.4672428071498871,0.0136785926297307,0.506405234336853,0.4569382667541504,0.5389823913574219,-0.2757662534713745,0.9922193884849548,0.5243502259254456,0.5002784729003906,0.0141177559271454,0.6746288537979126,0.4693128764629364,0.6205296516418457,-0.2899078726768493,0.9807664752006532,0.5291744470596313,0.5076099634170532,0.009121986106038,0.6313746571540833,0.4708177745342254,0.6402913928031921,-0.3200491666793823,0.9672502279281616,0.5284584760665894,0.5078223943710327,-0.0159390922635793,0.6477122902870178,0.4746831953525543,0.6384731531143188,-0.3200478553771972,0.9675085544586182,0.5265557765960693,0.5064133405685425,0.0012830951018258,0.6472576856613159,0.473745733499527,0.6333814859390259,-0.2904260456562042,0.9531679749488832,0.4742466509342193,0.5601618885993958,0.0566791892051696,0.9998781085014344,0.4575076401233673,0.568236231803894,-0.0566450282931327,0.9999135732650756,0.4807963669300079,0.6402087211608887,0.2109330147504806,0.8352987766265869,0.4674648940563202,0.6506026387214661,0.0816302597522735,0.9720263481140136,0.4704072177410126,0.6943015456199646,0.3644367456436157,0.8927500247955322,0.4459728598594665,0.7001512050628662,0.2526240646839142,0.959867537021637,0.4654469490051269,0.7018162608146667,0.3790463507175445,0.8848795294761658,0.4378218948841095,0.7036080360412598,0.2683800458908081,0.8752073645591736,0.4893937110900879,0.7125590443611145,0.3521164059638977,0.9325109720230104,0.4546312391757965,0.7350457310676575,0.2331243306398391,0.9594110250473022
0.499582439661026,0.4048473834991455,-0.2353192716836929,0.9999839067459106,0.496611088514328,0.3950641453266144,-0.2278462946414947,0.999960958957672,0.4963704347610473,0.3946225345134735,-0.2278998345136642,0.999951422214508,0.4959807395935058,0.3942601382732391,-0.2279363572597503,0.999958038330078,0.4946916699409485,0.3958376944065094,-0.2463194876909256,0.99997878074646,0.4932217001914978,0.3959728479385376,-0.246437519788742,0.999979555606842,0.4915349185466766,0.3962407410144806,-0.2464999854564666,0.999983251094818,0.488833874464035,0.397216796875,-0.1659657806158065,0.9998674392700196,0.4826090037822723,0.4012723863124847,-0.2475051879882812,0.9999812841415404,0.4977930188179016,0.4137476980686188,-0.207355186343193,0.9999256134033204,0.4955296516418457,0.4152188599109649,-0.2311102747917175,0.9999577403068542,0.4877479672431946,0.4358765482902527,-0.0723840370774269,0.999915599822998,0.460444837808609,0.4636246860027313,-0.2445075511932373,0.9999675154685974,0.5044289231300354,0.4745356142520904,-0.0074703213758766,0.5152191519737244,0.464880108833313,0.5558555126190186,-0.2631034553050995,0.9923436045646667,0.5302574634552002,0.5023165941238403,-0.0190197490155696,0.6831361651420593,0.4780107140541076,0.6442728638648987,-0.274392157793045,0.9819304943084716,0.5353881120681763,0.5106387734413147,-0.023756144568324,0.6374645233154297,0.4811094105243683,0.6603207588195801,-0.3031521737575531,0.9689378142356871,0.5348806977272034,0.5109332799911499,-0.0466739423573017,0.6546680927276611,0.4834508001804352,0.6581625938415527,-0.3035206198692322,0.969172477722168,0.5322129130363464,0.5092133283615112,-0.0305505581200122,0.6543229818344116,0.4826032817363739,0.6517322063446045,-0.2751152217388153,0.9547922611236572,0.4749407768249511,0.5637919306755066,0.0551345944404602,0.9998586177825928,0.4588925242424011,0.5771088600158691,-0.0550773367285728,0.999899446964264,0.4822999835014343,0.6467500329017639,0.189526617527008,0.7977154850959778,0.4767322838306427,0.6575712561607361,0.0728262588381767,0.966060996055603,0.4665358662605285,0.6941300630569458,0.3347052037715912,0.8619193434715271,0.451771467924118,0.691714882850647,0.231599748134613,0.9519680142402648,0.4594475924968719,0.7007152438163757,0.3483610153198242,0.853452742099762,0.4443958401679992,0.6931502223014832,0.2453861236572265,0.8629767894744873,0.4723732769489288,0.7178067564964294,0.3271449506282806,0.913994550704956,0.4572154581546783,0.7300048470497131,0.2167838513851165,0.9544126391410828
0.5055297017097473,0.4209423065185547,-0.2234028726816177,0.9999811053276062,0.5034443140029907,0.4113999605178833,-0.2187647670507431,0.9999518394470216,0.5030941367149353,0.4109507501125335,-0.218815341591835,0.9999423623085022,0.5025872588157654,0.4105838537216186,-0.2188856899738311,0.9999499917030334,0.5018317699432373,0.4119065105915069,-0.2395177781581878,0.999974489212036,0.5003558993339539,0.4117091298103332,-0.2395868748426437,0.9999761581420898,0.4986504018306732,0.4115209877490997,-0.2396614849567413,0.9999799132347108,0.4952921271324157,0.412901908159256,-0.1575372517108917,0.9998584985733032,0.4894638955593109,0.4150037169456482,-0.239514023065567,0.999979555606842,0.5026730895042419,0.429425448179245,-0.2028564512729644,0.9999179840087892,0.5009451508522034,0.4300219118595123,-0.2292438000440597,0.9999547600746156,0.4922042787075043,0.4554257094860077,-0.0646667033433914,0.9999144673347472,0.4661749303340912,0.4755307137966156,-0.2447981238365173,0.9999690055847168,0.5111990571022034,0.4864611029624939,-0.0093251159414649,0.5139480233192444,0.4724198281764984,0.5667544603347778,-0.2680866420269012,0.9921687841415404,0.5370053052902222,0.5096498727798462,-0.0264706574380397,0.6782230138778687,0.4874801635742187,0.6560445427894592,-0.2678223252296448,0.982495903968811,0.5441917777061462,0.5142521262168884,-0.0279638394713401,0.6311597228050232,0.4852105677127838,0.6729931831359863,-0.2931183278560638,0.969736635684967,0.5439900159835815,0.5154043436050415,-0.0502561442553997,0.6487034559249878,0.4919056594371795,0.6720861792564392,-0.293242871761322,0.96992826461792,0.5412591695785522,0.5157718658447266,-0.0375736393034458,0.6490290760993958,0.4916355013847351,0.6648500561714172,-0.2680034339427948,0.9549723863601683,0.4744815528392792,0.5719849467277527,0.0560639314353466,0.9998380541801452,0.4593848884105682,0.5887476205825806,-0.0560092404484748,0.9998775124549866,0.4956606924533844,0.6431213617324829,0.1307801455259323,0.7798808813095093,0.4895319044589996,0.6662278175354004,-0.0073242364451289,0.965071976184845,0.4670219421386719,0.6906794309616089,0.2384398132562637,0.8450649976730347,0.4504316747188568,0.6931613087654114,0.1320097148418426,0.9477093815803528,0.4596246778964996,0.6923452615737915,0.2490084171295166,0.8307482004165649,0.4434655606746673,0.6905295252799988,0.1461389660835266,0.8577348589897156,0.4718886911869049,0.7176221013069153,0.2429695427417755,0.8989961743354797,0.4560565948486328,0.7310091853141785,0.1400915682315826,0.950565218925476
0.5120078325271606,0.4350745677947998,-0.1932222247123718,0.9999808669090272,0.5100932717323303,0.4262439012527466,-0.1867833584547042,0.9999494552612304,0.5095497369766235,0.425760805606842,-0.1868091076612472,0.9999406337738036,0.5088445544242859,0.4252842664718628,-0.1868310719728469,0.9999477863311768,0.5088455677032471,0.426750123500824,-0.2056308686733245,0.9999732375144958,0.507451593875885,0.4265523254871368,-0.2057083994150161,0.9999753832817078,0.5058359503746033,0.4263321757316589,-0.2057473510503769,0.9999789595603944,0.5005563497543335,0.4265803098678589,-0.1365358680486679,0.9998620748519896,0.4960662722587585,0.4293181896209717,-0.2192951887845993,0.9999797940254213,0.5081389546394348,0.4431764483451843,-0.1718826442956924,0.9999207258224488,0.5069525241851807,0.4436530470848083,-0.1960950195789337,0.9999568462371826,0.493225634098053,0.4648037254810333,-0.0548895373940467,0.9999188780784608,0.4743883013725281,0.4871165454387665,-0.2349165081977844,0.9999714493751526,0.5174039006233215,0.5031958222389221,-0.0136295752599835,0.5328485369682312,0.4794663488864898,0.5782750248908997,-0.2588793337345123,0.9926459789276124,0.5457066893577576,0.5270574688911438,-0.0447705797851085,0.691379964351654,0.4962344467639923,0.661174476146698,-0.2634072601795196,0.9839441180229188,0.5525421500205994,0.5305073857307434,-0.0467563532292842,0.644258975982666,0.4974936246871948,0.6808391809463501,-0.2895964384078979,0.9720658659934998,0.5531984567642212,0.5326818227767944,-0.0708642974495887,0.6611039638519287,0.5013725757598877,0.6785402297973633,-0.2870596051216125,0.9722105264663696,0.5515948534011841,0.5339729189872742,-0.0566375441849231,0.6611627340316772,0.5009573101997375,0.6705451011657715,-0.2628567814826965,0.9579723477363586,0.4734370112419128,0.5798364281654358,0.0552973970770835,0.9998424649238586,0.4584216177463531,0.5979222655296326,-0.0552408918738365,0.9998799562454224,0.5025351643562317,0.6422800421714783,0.072798453271389,0.7658487558364868,0.4973124861717224,0.6706672310829163,-0.0734196975827217,0.9652898907661438,0.4667424261569977,0.6803808212280273,0.1710707396268844,0.823930561542511,0.4500763714313507,0.6892625093460083,0.0665445253252983,0.9403006434440612,0.4593685567378998,0.6793406009674072,0.1816155016422271,0.8098911643028259,0.4422414898872375,0.6878835558891296,0.081697903573513,0.8533364534378052,0.4682956337928772,0.7092337608337402,0.1889761537313461,0.8798496127128601,0.4523065388202667,0.7313685417175293,0.093639999628067,0.9433411359786988
0.5189557671546936,0.4570415616035461,-0.1725383400917053,0.9999770522117616,0.516708254814148,0.4467359185218811,-0.1670739948749542,0.9999399781227112,0.5160105228424072,0.4459407031536102,-0.1671065986156463,0.9999321103096008,0.5150847434997559,0.4451483190059662,-0.1671242117881775,0.9999380707740784,0.5158628225326538,0.4479816555976867,-0.1850715726613998,0.9999673366546632,0.5146435499191284,0.4479855298995971,-0.1851437389850616,0.999971091747284,0.5132134556770325,0.4478732049465179,-0.1851778626441955,0.999974489212036,0.5067664980888367,0.445079892873764,-0.1241044700145721,0.9998535513877868,0.5043610334396362,0.4497952759265899,-0.2033224701881408,0.9999771118164062,0.5152919888496399,0.4645638763904571,-0.1533553749322891,0.9999178051948548,0.5143048763275146,0.4662290513515472,-0.1764943748712539,0.9999558925628662,0.4958942234516144,0.4723560214042663,-0.0504471510648727,0.99992436170578,0.4795050621032715,0.5036571621894836,-0.2179315388202667,0.9999738931655884,0.5194582343101501,0.5126997232437134,-0.0136039340868592,0.5549286603927612,0.4850306808948517,0.5900958180427551,-0.2479248791933059,0.993131160736084,0.5488645434379578,0.5355636477470398,-0.0467962361872196,0.7085420489311218,0.503347635269165,0.667769193649292,-0.2432011067867279,0.9853787422180176,0.5559940934181213,0.5436170697212219,-0.0501792542636394,0.661333441734314,0.5062175989151001,0.6869160532951355,-0.2703302204608917,0.9744110703468324,0.5564107298851013,0.543142557144165,-0.0726880505681037,0.6774067878723145,0.5087629556655884,0.684415876865387,-0.2653270661830902,0.9745205640792848,0.5546223521232605,0.5417306423187256,-0.0578421875834465,0.677337110042572,0.5074605345726013,0.6783519387245178,-0.2420055419206619,0.9611254930496216,0.4716146886348724,0.5854706764221191,0.0538321025669574,0.9998448491096495,0.4589819312095642,0.6050289869308472,-0.0538091920316219,0.999883770942688,0.5006026029586792,0.6368465423583984,0.0878623723983764,0.7370203137397766,0.4951324760913849,0.6675441265106201,-0.0469349510967731,0.9630480408668518,0.4666677415370941,0.6778380274772644,0.1889665722846985,0.7870289087295532,0.4516833424568176,0.6901013255119324,0.0829487368464469,0.929438591003418,0.4593029916286468,0.6769370436668396,0.1995061188936233,0.7756398916244507,0.4425724446773529,0.688683807849884,0.0965585336089134,0.8418728113174438,0.4700115323066711,0.7087185382843018,0.2126318663358688,0.8482125997543335,0.4535009562969208,0.7273838520050049,0.1102056056261062,0.932551085948944
0.5240828990936279,0.4757710695266723,-0.1632480174303054,0.9999729990959167,0.5222691297531128,0.4653485715389251,-0.1577102094888687,0.9999315142631532,0.5216562151908875,0.4645538926124573,-0.1577344834804535,0.9999243021011353,0.5208021402359009,0.4637102484703064,-0.1577441394329071,0.999929666519165,0.5211778879165649,0.4664904475212097,-0.1764144450426101,0.9999625086784364,0.5198600888252258,0.4664527475833893,-0.1764828413724899,0.9999675154685974,0.5183011889457703,0.4663541913032532,-0.1765190958976745,0.9999709129333496,0.5125749707221985,0.4627386927604675,-0.1154891103506088,0.9998500347137452,0.5098444223403931,0.46778404712677,-0.197704404592514,0.9999757409095764,0.5203464031219482,0.4831848740577698,-0.1443387418985366,0.9999157190322876,0.519144594669342,0.4846124649047851,-0.1684518158435821,0.9999557733535768,0.4988693296909332,0.4835251271724701,-0.0417198128998279,0.9999297261238098,0.4865147471427917,0.5183596014976501,-0.2138000875711441,0.9999761581420898,0.5238932371139526,0.5252841711044312,-0.0106386141851544,0.5714915990829468,0.4942823052406311,0.606500506401062,-0.2392819374799728,0.99361914396286,0.551500141620636,0.5514934062957764,-0.0442255586385726,0.7212376594543457,0.5121172666549683,0.679341197013855,-0.2313455939292907,0.9866889715194702,0.5583251714706421,0.5575952529907227,-0.0469491928815841,0.6737627387046814,0.5124973654747009,0.6960494518280029,-0.2579699456691742,0.9765703082084656,0.5588642954826355,0.5575864315032959,-0.0685599967837333,0.6887733936309814,0.5152813196182251,0.6950156092643738,-0.2522585093975067,0.976647675037384,0.5565595626831055,0.5557432174682617,-0.0548089034855365,0.6886413097381592,0.514908492565155,0.6898187398910522,-0.2297423183917999,0.96409010887146,0.4707691371440887,0.595758855342865,0.0538081526756286,0.9998501539230348,0.461100697517395,0.6160778999328613,-0.0537800565361976,0.999888241291046,0.5042527318000793,0.6425749063491821,0.0897448807954788,0.7069788575172424,0.5007599592208862,0.675094485282898,-0.052112653851509,0.9596206545829772,0.4684009552001953,0.6797538995742798,0.1865099370479583,0.7489374876022339,0.4551309943199157,0.6908667087554932,0.0756455138325691,0.9150887727737428,0.4609798192977905,0.6798638701438904,0.1969565749168396,0.7426744103431702,0.4482569992542267,0.6911499500274658,0.0895106047391891,0.829450249671936,0.4710449576377868,0.7090452313423157,0.2126981616020202,0.8144980669021606,0.4566115140914917,0.7299003005027771,0.1090385839343071,0.9187784194946288
0.5270870327949524,0.4918058514595032,-0.1440183967351913,0.999970018863678,0.5253245830535889,0.4820998609066009,-0.1378355324268341,0.9999275207519532,0.524757444858551,0.4812784790992737,-0.13785320520401,0.9999225735664368,0.5239725112915039,0.4804286360740661,-0.1378528177738189,0.999925136566162,0.5242602229118347,0.4831587076187134,-0.1572512835264206,0.9999597072601318,0.5230438113212585,0.4831387996673584,-0.1573113650083542,0.9999663829803468,0.5216418504714966,0.483169287443161,-0.1573452353477478,0.9999685883522034,0.5151607990264893,0.4789499938488006,-0.0961984395980835,0.9998499155044556,0.5126661658287048,0.4848753213882446,-0.1817280799150467,0.9999744296073914,0.5231683254241943,0.4984800517559051,-0.1255136877298355,0.9999152421951294,0.5220071077346802,0.5001792907714844,-0.1506340354681015,0.9999555945396424,0.4989753067493438,0.4908640086650848,-0.0244460646063089,0.999935269355774,0.4902363717556,0.5296826362609863,-0.2020280808210373,0.9999783635139464,0.5246160626411438,0.5382973551750183,-0.0019027186790481,0.5845393538475037,0.498724102973938,0.612201988697052,-0.2288283407688141,0.9941220879554749,0.5515949130058289,0.570084273815155,-0.034948743879795,0.7344357967376709,0.5167010426521301,0.6845068335533142,-0.2231507748365402,0.9879410862922668,0.5594185590744019,0.5771710276603699,-0.0371558554470539,0.687798261642456,0.5199705958366394,0.7026577591896057,-0.2513939142227173,0.9786866903305054,0.5593852400779724,0.5794726014137268,-0.0593908764421939,0.7019869685173035,0.5235611796379089,0.7027429342269897,-0.2447347939014434,0.9787446856498718,0.5571783781051636,0.5769798159599304,-0.045703187584877,0.7020583152770996,0.5225895047187805,0.6964172124862671,-0.2214358896017074,0.9671164751052856,0.4654990434646606,0.6040358543395996,0.0554961487650871,0.9998584985733032,0.4595395028591156,0.6266170740127563,-0.0554527901113033,0.9998961687088012,0.5013349056243896,0.6396879553794861,0.0889935344457626,0.6705988049507141,0.5008519887924194,0.6703893542289734,-0.059504322707653,0.9565584063529968,0.4683582186698913,0.6757457852363586,0.1805016845464706,0.7056797742843628,0.4532478451728821,0.6909424662590027,0.0566835589706897,0.9065094590187072,0.4604105651378631,0.6728901267051697,0.1900016963481903,0.7055018544197083,0.4464346170425415,0.6917876601219177,0.0689546093344688,0.8201320171356201,0.4697956144809723,0.708752453327179,0.212646409869194,0.7780380845069885,0.4567828178405761,0.7278327345848083,0.0936514362692833,0.9106016159057616
0.529864490032196,0.505727231502533,-0.1039886251091957,0.9999675154685974,0.5276618599891663,0.4949584901332855,-0.098503790795803,0.9999250769615172,0.5269820094108582,0.4941285848617553,-0.0985061004757881,0.9999219179153442,0.5261447429656982,0.4933096468448639,-0.0984899625182151,0.9999224543571472,0.5273999571800232,0.4962129294872284,-0.1179120317101478,0.99995756149292,0.5266234874725342,0.4963224530220032,-0.1179587468504905,0.9999653697013856,0.5257046818733215,0.4965842962265014,-0.1179859340190887,0.999966561794281,0.5183306932449341,0.4924296140670776,-0.063939593732357,0.9998510479927064,0.5185225605964661,0.4996861219406128,-0.1495396047830581,0.9999728202819824,0.5262899994850159,0.5128059387207031,-0.0883703455328941,0.999912440776825,0.5260149836540222,0.5145247578620911,-0.1135131865739822,0.9999541640281676,0.4978705048561096,0.4989812076091766,0.0009501202148385,0.9999398589134216,0.5017969608306885,0.5478637218475342,-0.1775368899106979,0.999980330467224,0.5230609178543091,0.5481505393981934,0.0283000953495502,0.5735953450202942,0.5068680047988892,0.626076877117157,-0.1990699768066406,0.9945567846298218,0.5509116649627686,0.5904992818832397,-0.0040802140720188,0.729677140712738,0.5252531170845032,0.692911684513092,-0.1846653521060943,0.9890245199203492,0.5576005578041077,0.59754478931427,-0.0036199588794261,0.6841142773628235,0.5294408202171326,0.7091516852378845,-0.2115811854600906,0.9804621934890748,0.5576990842819214,0.6006381511688232,-0.0263272300362586,0.6976683735847473,0.5322227478027344,0.7089272737503052,-0.2033486068248748,0.9804960489273072,0.5553544163703918,0.5985035300254822,-0.0146441152319312,0.6989673376083374,0.5306537747383118,0.7028716802597046,-0.1823981702327728,0.9695721864700316,0.4606051445007324,0.6096686720848083,0.0572530999779701,0.9998626708984376,0.4597484469413757,0.6369864344596863,-0.0571797415614128,0.999902606010437,0.5006305575370789,0.6370350122451782,0.1018877997994422,0.628624439239502,0.5037638545036316,0.6741845011711121,-0.0493615046143531,0.950623333454132,0.4680624008178711,0.6742595434188843,0.1876897811889648,0.6668820977210999,0.4612529873847961,0.6956772208213806,0.0574466399848461,0.900481104850769,0.4603615403175354,0.67183917760849,0.196372702717781,0.673562228679657,0.447728157043457,0.6928684115409851,0.0687263235449791,0.815974771976471,0.4678440392017364,0.7060579061508179,0.2195429354906082,0.7463254332542419,0.4604553878307342,0.7267392873764038,0.0942407846450805,0.9052724242210388
0.533480703830719,0.5178510546684265,-0.061260063201189,0.9999675154685974,0.5313202142715454,0.5083232522010803,-0.0581362172961235,0.9999274611473083,0.5304964780807495,0.5075313448905945,-0.058143563568592,0.9999252557754515,0.5294798612594604,0.5067555904388428,-0.0581233017146587,0.9999247193336488,0.5315393805503845,0.5101083517074585,-0.0768914446234703,0.9999584555625916,0.5309438705444336,0.5105423331260681,-0.0769320428371429,0.9999663829803468,0.5302174091339111,0.5109726786613464,-0.0769582614302635,0.9999669194221495,0.5214677453041077,0.5059310793876648,-0.0343987122178077,0.9998602867126464,0.5234604477882385,0.5143107771873474,-0.1176529601216316,0.9999737739562988,0.5296974182128906,0.5248486995697021,-0.0493125282227993,0.9999156594276428,0.5300297141075134,0.5268470048904419,-0.0737742707133293,0.9999557733535768,0.4982200562953949,0.5052293539047241,0.0212328340858221,0.9999443292617798,0.5050987005233765,0.5568187236785889,-0.1494368016719818,0.9999821782112122,0.5206531882286072,0.5625993609428406,0.0496335849165916,0.5565225481987,0.5097538828849792,0.6351262927055359,-0.1698907166719436,0.9949633479118348,0.5483904480934143,0.6028048396110535,0.0297631360590457,0.7143365740776062,0.5282576084136963,0.6973435282707214,-0.1519050002098083,0.989963948726654,0.5538068413734436,0.6110565662384033,0.0329502336680889,0.669194757938385,0.5313791632652283,0.7136760354042053,-0.1768753826618194,0.9819324612617492,0.5548133850097656,0.6159008145332336,0.0121297370642423,0.6820014715194702,0.5342661738395691,0.7139239311218262,-0.1654056906700134,0.9819366335868835,0.5531451106071472,0.6134127378463745,0.020455989986658,0.6844989061355591,0.5331833362579346,0.7082862854003906,-0.14821158349514,0.9715912342071532,0.4576168060302734,0.6149889230728149,0.0569709911942482,0.999858856201172,0.4618728458881378,0.643218457698822,-0.0569082498550415,0.999906361103058,0.4985813200473785,0.6300048232078552,0.1144147664308548,0.5850509405136108,0.5087658166885376,0.6719741821289062,-0.0298542417585849,0.9406993985176086,0.4647165834903717,0.6746338605880737,0.2060651779174804,0.6246917247772217,0.4581114053726196,0.6966835260391235,0.0855069980025291,0.8892757296562195,0.4578622281551361,0.6739662289619446,0.2150928229093551,0.6385136246681213,0.4479313790798187,0.693501889705658,0.0973472371697425,0.809450626373291,0.4630065560340881,0.7041126489639282,0.2268078327178955,0.7084398865699768,0.4590326845645904,0.7212284803390503,0.1103997454047203,0.8954383134841919
0.5370202660560608,0.5301040410995483,-0.0653541162610054,0.9999680519104004,0.5346752405166626,0.5215514898300171,-0.0609267093241214,0.9999313354492188,0.533856213092804,0.5209019184112549,-0.0609407909214496,0.9999299645423888,0.5328382849693298,0.5202676057815552,-0.0609207302331924,0.9999285936355592,0.5346680879592896,0.5226920247077942,-0.0797242298722267,0.9999602437019348,0.5339263677597046,0.5228561162948608,-0.0797723233699798,0.99996817111969,0.5329797863960266,0.5232007503509521,-0.079799510538578,0.99996817111969,0.5241638422012329,0.5188894867897034,-0.0329659134149551,0.9998698830604552,0.5258198976516724,0.5254012942314148,-0.1162240579724311,0.9999749064445496,0.533413827419281,0.5359444618225098,-0.0522172451019287,0.9999189376831056,0.5335432291030884,0.5372101068496704,-0.0766613483428955,0.9999570846557616,0.502516508102417,0.5235050320625305,0.0249850247055292,0.9999480843544006,0.5067030191421509,0.5701587200164795,-0.1482555717229843,0.999983847141266,0.5221555829048157,0.5807102918624878,0.0503475628793239,0.5340462327003479,0.511945903301239,0.6427413821220398,-0.170372873544693,0.9953585267066956,0.5462636947631836,0.6203441023826599,0.0260001718997955,0.6956139206886292,0.5307372808456421,0.702614963054657,-0.1535990834236145,0.9908590912818908,0.5516289472579956,0.629813551902771,0.0290274694561958,0.651907205581665,0.5341289043426514,0.7186706066131592,-0.1783219873905182,0.9833998680114746,0.55231112241745,0.6335028409957886,0.008521232753992,0.6641170978546143,0.53693687915802,0.7184737324714661,-0.1665547788143158,0.9833826422691344,0.5502185225486755,0.6304572820663452,0.0166401155292987,0.6679278612136841,0.535932719707489,0.7120758295059204,-0.1497461050748825,0.9736713171005248,0.4582054018974304,0.6246670484542847,0.0566065274178981,0.9998586177825928,0.4623803198337555,0.6528707146644592,-0.0565447285771369,0.9999112486839294,0.4972072243690491,0.6300551891326904,0.1154733002185821,0.5482765436172485,0.5088495016098022,0.6707826256752014,-0.0293139610439538,0.9339299201965332,0.459004670381546,0.6736648082733154,0.1981626898050308,0.5910084843635559,0.4583762884140014,0.6968405246734619,0.0808461755514144,0.8806508779525757,0.4525548815727234,0.6722400784492493,0.2061526179313659,0.6121729612350464,0.4506210386753082,0.6937335133552551,0.0924017503857612,0.8034343719482422,0.4572890698909759,0.703305184841156,0.2294456511735916,0.6791841387748718,0.4595066606998443,0.7214958071708679,0.1189027950167656,0.8875603675842285
0.5417259931564331,0.5461932420730591,-0.0614427588880062,0.9999667406082152,0.5394680500030518,0.5377506613731384,-0.0567672401666641,0.9999333024024964,0.5385828614234924,0.5370896458625793,-0.0567824132740497,0.9999328851699828,0.5374332070350647,0.5363782644271851,-0.056766390800476,0.9999305605888368,0.539402961730957,0.5391752123832703,-0.0743841603398323,0.9999603629112244,0.5385907888412476,0.5394724607467651,-0.0744226947426796,0.9999685883522034,0.5376304388046265,0.5397979617118835,-0.0744398459792137,0.9999676942825316,0.5277758240699768,0.5342729687690735,-0.0289143081754446,0.9998760223388672,0.5297415256500244,0.5412610769271851,-0.1069693192839622,0.9999738335609436,0.5379244089126587,0.552082896232605,-0.0486793667078018,0.9999172687530518,0.5378583073616028,0.5540173649787903,-0.0715933516621589,0.9999539852142334,0.5056238174438477,0.5392665266990662,0.0260660350322723,0.9999496340751648,0.5108436346054077,0.5887072086334229,-0.1368431597948074,0.9999849796295166,0.5222089290618896,0.5997214317321777,0.0486395992338657,0.5061563849449158,0.5133638978004456,0.6532214283943176,-0.1502357125282287,0.9956094622612,0.5445374250411987,0.6411627531051636,0.0206775832921266,0.672732412815094,0.5303907990455627,0.7061101198196411,-0.1293337941169738,0.9915755987167358,0.549892246723175,0.6457845568656921,0.0224390663206577,0.6324464082717896,0.5335243940353394,0.7232882380485535,-0.1529547870159149,0.9845163226127625,0.5502766966819763,0.6486505270004272,0.0025706989690661,0.6441591382026672,0.5367316007614136,0.7222117781639099,-0.1437431275844574,0.9844717383384703,0.5482741594314575,0.64762943983078,0.011546041816473,0.6501955389976501,0.5354242920875549,0.7151921987533569,-0.1266880631446838,0.9751541018486024,0.4585907161235809,0.6313174366950989,0.0545127764344215,0.9998543858528136,0.4626471102237701,0.6629800200462341,-0.0544581562280654,0.9999139308929444,0.4965505301952362,0.6304158568382263,0.1154481023550033,0.5156563520431519,0.5100837349891663,0.6772041320800781,-0.0295954085886478,0.9307475686073304,0.4587160348892212,0.6669089198112488,0.1900566518306732,0.5583599209785461,0.4599682688713074,0.6978738307952881,0.0756765753030777,0.8709675073623657,0.4527923762798309,0.6657505631446838,0.1973285675048828,0.5843075513839722,0.449597418308258,0.6941990852355957,0.0867445394396781,0.792620837688446,0.4576888978481293,0.6921558976173401,0.2243588417768478,0.6473803520202637,0.4614044725894928,0.7199145555496216,0.1166777834296226,0.8747885227203369
0.5461525321006775,0.5524744987487793,-0.068976990878582,0.999964714050293,0.5442634224891663,0.5457146763801575,-0.0640326142311096,0.999933123588562,0.5435483455657959,0.5451642870903015,-0.0640525966882705,0.9999343752861024,0.5426227450370789,0.5446403622627258,-0.0640509724617004,0.9999313354492188,0.5441874265670776,0.547201931476593,-0.0809850022196769,0.9999592900276184,0.543466329574585,0.5477529168128967,-0.0810283124446868,0.9999682903289796,0.5425766706466675,0.5483518838882446,-0.0810464844107627,0.9999661445617676,0.5337302088737488,0.5431805849075317,-0.0344977267086505,0.999880850315094,0.5345541834831238,0.5512353777885437,-0.1097019985318183,0.9999722242355348,0.5433034896850586,0.5587385892868042,-0.0558640249073505,0.9999133348464966,0.5432928800582886,0.5606741309165955,-0.0778515338897705,0.999948501586914,0.5120819211006165,0.5505227446556091,0.0220542214810848,0.9999504685401917,0.5147120356559753,0.5989326238632202,-0.1372886002063751,0.9999856352806092,0.5225544571876526,0.6126028895378113,0.0509785860776901,0.4829501211643219,0.5161420106887817,0.6610671281814575,-0.1431042104959488,0.9956186413764954,0.5414013266563416,0.6542069315910339,0.0328252203762531,0.650040864944458,0.5306929349899292,0.7119913101196289,-0.1141155660152435,0.9919809699058532,0.5482618808746338,0.6581957936286926,0.0358678251504898,0.6143664717674255,0.5343367457389832,0.7278579473495483,-0.1346296668052673,0.9849585294723512,0.5489398241043091,0.6609905958175659,0.016227263957262,0.6257409453392029,0.5372133255004883,0.7269083857536316,-0.1262794435024261,0.984872579574585,0.5443488359451294,0.6600890159606934,0.0240896772593259,0.6334899067878723,0.535869300365448,0.7202666997909546,-0.1114728227257728,0.9754550457000732,0.4596357345581054,0.6348847150802612,0.0525706000626087,0.999849259853363,0.4622686803340912,0.6645240187644958,-0.0524927638471126,0.999913215637207,0.5001527667045593,0.6351103186607361,0.1119903698563575,0.4839434921741485,0.5106158256530762,0.6828992962837219,-0.0333091877400875,0.925925076007843,0.4608086943626404,0.6677793860435486,0.1749740242958068,0.5320158004760742,0.4610693752765655,0.6978721618652344,0.0682583823800087,0.8567087650299072,0.4555928111076355,0.6674709320068359,0.1813948303461074,0.5568836331367493,0.4510861039161682,0.6938601732254028,0.0796570107340812,0.7801675796508789,0.4601850509643554,0.6946820020675659,0.2055442035198211,0.6190816164016724,0.4615361392498016,0.7200630307197571,0.1109247580170631,0.8577958345413208
0.550132155418396,0.5615910291671753,-0.037926472723484,0.9999587535858154,0.5488194227218628,0.5538786053657532,-0.0340916104614734,0.9999282360076904,0.5481818318367004,0.5531266331672668,-0.0341289564967155,0.9999327063560486,0.5473620295524597,0.5523752570152283,-0.0341367237269878,0.9999281167984008,0.5487223863601685,0.5553220510482788,-0.0514095462858676,0.99995356798172,0.5480722784996033,0.5556001663208008,-0.0514637120068073,0.9999651312828064,0.5472389459609985,0.5559146404266357,-0.0514924935996532,0.9999604225158693,0.5381893515586853,0.5507459044456482,-0.0098846266046166,0.9998798966407776,0.5387843251228333,0.5573061108589172,-0.086894080042839,0.9999667406082152,0.5470524430274963,0.5671020150184631,-0.0267630722373724,0.9999030232429504,0.546910285949707,0.5688543319702148,-0.0492383204400539,0.99993497133255,0.5146368741989136,0.5594824552536011,0.043286383152008,0.9999510049819946,0.5183631777763367,0.6034557223320007,-0.1209276989102363,0.999985933303833,0.5203530788421631,0.6179821491241455,0.078775905072689,0.4712772667407989,0.5170392394065857,0.6679024696350098,-0.1249016225337982,0.9953675270080566,0.5370433330535889,0.6600598096847534,0.0661077201366424,0.634233832359314,0.5302043557167053,0.7166795134544373,-0.089310273528099,0.9920313954353333,0.5427965521812439,0.6629734635353088,0.071694292128086,0.600183367729187,0.533715546131134,0.7313913106918335,-0.1076055392622947,0.984651505947113,0.5432798862457275,0.6642864942550659,0.0527378246188163,0.6112131476402283,0.5363775491714478,0.7297302484512329,-0.0983532443642616,0.9844695329666138,0.5400578379631042,0.6645280122756958,0.0576669014990329,0.6194373965263367,0.5345728993415833,0.7230677008628845,-0.0858013331890106,0.9743852615356444,0.4599007964134216,0.6363639831542969,0.0512499697506427,0.9998380541801452,0.4619729220867157,0.6623488068580627,-0.0511509403586387,0.9999096393585204,0.5002790689468384,0.6384634971618652,0.1080173701047897,0.4554473757743835,0.5091149210929871,0.6824178099632263,-0.0359393693506717,0.9143653512001038,0.4624690413475036,0.6799593567848206,0.1640774607658386,0.5124027729034424,0.4623787701129913,0.6981239318847656,0.0600009970366954,0.8364664912223816,0.4566848874092102,0.6809937357902527,0.1697369068861007,0.5363970994949341,0.4531261026859283,0.6932856440544128,0.0706107765436172,0.7670018076896667,0.4615646302700043,0.7102122902870178,0.1928228735923767,0.5972139239311218,0.4626461565494537,0.720776379108429,0.1007986366748809,0.8376365303993225
0.5532479882240295,0.5645630955696106,-0.0498825572431087,0.999955117702484,0.5518519282341003,0.5567865371704102,-0.0463871322572231,0.9999266862869264,0.5511593222618103,0.5557808876037598,-0.046416126191616,0.9999327659606934,0.5503028631210327,0.5548649430274963,-0.0464233011007308,0.999928057193756,0.5517839193344116,0.5592283010482788,-0.0630446448922157,0.999951422214508,0.5511744022369385,0.5598269701004028,-0.0630990043282508,0.9999637603759766,0.5504733920097351,0.560377299785614,-0.0631302446126937,0.999957799911499,0.5415835976600647,0.5535702705383301,-0.0226607881486415,0.9998822212219238,0.5428362488746643,0.5616416931152344,-0.0967723280191421,0.9999635815620422,0.549622118473053,0.5702961683273315,-0.0388194136321544,0.999897003173828,0.549746572971344,0.5726907849311829,-0.0604364201426506,0.9999254941940308,0.5178048610687256,0.561654806137085,0.0334398373961448,0.99995094537735,0.5219317674636841,0.6072361469268799,-0.1262174248695373,0.9999861121177672,0.5161831378936768,0.6194685101509094,0.0787528455257415,0.4521389603614807,0.5140787363052368,0.6728110313415527,-0.1241808235645294,0.9949270486831664,0.5355307459831238,0.664948046207428,0.0783474296331405,0.611149787902832,0.5301225185394287,0.7154061198234558,-0.0844825580716133,0.9916993379592896,0.5410258769989014,0.6642676591873169,0.0866004228591919,0.5814905762672424,0.5338526368141174,0.7309995293617249,-0.1011225283145904,0.983700692653656,0.5414078831672668,0.6651114821434021,0.065791442990303,0.5925783514976501,0.5362659692764282,0.7286191582679749,-0.0919859334826469,0.9834054112434388,0.5389097332954407,0.6664292216300964,0.0697143524885177,0.6016559600830078,0.5347166061401367,0.7209800481796265,-0.0808994621038436,0.9723997116088868,0.4613803625106811,0.6331868767738342,0.0503351129591465,0.9998173713684082,0.4636547863483429,0.6602954268455505,-0.0502104721963405,0.9999022483825684,0.50603187084198,0.6367465257644653,0.107725590467453,0.4252485632896423,0.5121974945068359,0.6817178130149841,-0.033035933971405,0.9023501873016356,0.4695549011230469,0.6799314618110657,0.1641410887241363,0.487283706665039,0.4670275151729584,0.694930911064148,0.0571149140596389,0.8132387399673462,0.4636405110359192,0.6808902025222778,0.1702517569065094,0.5122250318527222,0.4592246115207672,0.6886650323867798,0.0673082917928695,0.752079963684082,0.4671352505683899,0.7042839527130127,0.1903790384531021,0.5707590579986572,0.4670704901218414,0.7176503539085388,0.0932319536805152,0.8146657347679138
0.5545041561126709,0.5693746209144592,-0.0640011131763458,0.9999456405639648,0.5538403391838074,0.5612149238586426,-0.0606315210461616,0.9999191761016846,0.5532834529876709,0.5601286888122559,-0.0606604628264904,0.999927580356598,0.5525628328323364,0.5590988397598267,-0.0606755353510379,0.999923288822174,0.5536373257637024,0.5635647177696228,-0.0771635621786117,0.9999446868896484,0.5530532002449036,0.5640174150466919,-0.0772145241498947,0.9999583959579468,0.5523926615715027,0.564429521560669,-0.0772451013326644,0.9999504089355468,0.5442613363265991,0.5563192963600159,-0.0347426310181617,0.9998775720596312,0.5451984405517578,0.564988911151886,-0.10844736546278,0.9999549984931946,0.5503671765327454,0.5741446018218994,-0.0519032701849937,0.9998767375946044,0.5504435300827026,0.5768148303031921,-0.0733948126435279,0.9998997449874878,0.5213043689727783,0.5617495775222778,0.0242935009300708,0.999946653842926,0.5232763886451721,0.6079926490783691,-0.1325123906135559,0.9999845027923584,0.5150071978569031,0.6171604990959167,0.0791257992386818,0.4261090755462646,0.5135405659675598,0.6732671856880188,-0.1244714930653572,0.9941073060035706,0.5340656638145447,0.662496030330658,0.0903686434030532,0.5785084962844849,0.5304636359214783,0.7147473096847534,-0.0775417983531951,0.9905804991722108,0.5389460325241089,0.6635189056396484,0.1006789952516555,0.5540667176246643,0.534328281879425,0.7305586934089661,-0.0920300185680389,0.9815421104431152,0.5392932891845703,0.664915919303894,0.0793274417519569,0.5652514696121216,0.5370285511016846,0.7271832227706909,-0.0843079388141632,0.981124460697174,0.5374195575714111,0.6663737893104553,0.0820392668247222,0.5758482217788696,0.5357827544212341,0.7211097478866577,-0.0741788074374198,0.9686647653579712,0.4652833044528961,0.6305994391441345,0.0485945902764797,0.9997888803482056,0.465762197971344,0.657818615436554,-0.0484707467257976,0.9998902082443236,0.506028413772583,0.6336724162101746,0.102486528456211,0.4011725485324859,0.5095216035842896,0.680558979511261,-0.0311469044536352,0.8894453048706055,0.4720324575901031,0.6792367696762085,0.1642379909753799,0.4630689918994903,0.4659785330295563,0.6928768157958984,0.0587690323591232,0.7893893718719482,0.4665382504463196,0.680738091468811,0.171334370970726,0.4894214570522308,0.4592476189136505,0.6882534027099609,0.0689106509089469,0.7334034442901611,0.4698624014854431,0.7014003992080688,0.1921725273132324,0.546515703201294,0.4676778614521026,0.7183787226676941,0.0923923626542091,0.791901171207428
0.5547095537185669,0.5701121687889099,-0.0492459945380687,0.9999297857284546,0.5543772578239441,0.5625525712966919,-0.0465264692902565,0.999903917312622,0.5537827610969543,0.5615250468254089,-0.046552013605833,0.9999154806137084,0.5530475378036499,0.5604795217514038,-0.0465589873492717,0.9999108910560608,0.55438232421875,0.5645719170570374,-0.0633643046021461,0.9999310970306396,0.5538831949234009,0.5649792551994324,-0.063418798148632,0.9999473094940186,0.5533234477043152,0.565407931804657,-0.0634467899799346,0.9999361038208008,0.545340359210968,0.5561550259590149,-0.024368543177843,0.999856412410736,0.5465787053108215,0.5656424760818481,-0.0994759052991867,0.999937117099762,0.5501313805580139,0.5738717317581177,-0.0384031869471073,0.99984872341156,0.5503508448600769,0.5768982768058777,-0.0603518076241016,0.9998672604560852,0.5215761661529541,0.5582988858222961,0.0292612947523593,0.9999432563781738,0.5249705910682678,0.6041641235351562,-0.1264109760522842,0.999983549118042,0.5144750475883484,0.6137908697128296,0.0724552869796752,0.401261419057846,0.5157086849212646,0.6687034368515015,-0.1270490437746048,0.9933981895446776,0.5337070822715759,0.660566508769989,0.0707044601440429,0.5517054200172424,0.5302473902702332,0.7128140926361084,-0.0888662785291671,0.9901045560836792,0.5389752984046936,0.6625779271125793,0.0786022171378135,0.5315121412277222,0.533916711807251,0.7290917634963989,-0.1049754619598388,0.9804465174674988,0.539680540561676,0.6661547422409058,0.0581979788839817,0.5428486466407776,0.5368630886077881,0.7241509556770325,-0.0955432131886482,0.9798937439918518,0.5371072888374329,0.6656680703163147,0.0621495880186557,0.554179310798645,0.5353630781173706,0.7196366190910339,-0.0851031392812728,0.9662191867828368,0.4674790501594543,0.6305577754974365,0.0471360124647617,0.9997325539588928,0.4680740237236023,0.6583797931671143,-0.0470551215112209,0.9998730421066284,0.5064528584480286,0.6229465007781982,0.0984160080552101,0.37593874335289,0.5125263929367065,0.6612464785575867,-0.0311034433543682,0.8687034845352173,0.4767970740795135,0.6717497706413269,0.1696548461914062,0.4345374703407287,0.4781090915203094,0.6864270567893982,0.0601727329194545,0.7609362006187439,0.471953421831131,0.6765850782394409,0.1777326464653015,0.4639775156974792,0.4720228910446167,0.6847256422042847,0.0698091238737106,0.7111557722091675,0.4761300384998321,0.6918624639511108,0.2006351500749588,0.517315149307251,0.4784249663352966,0.7072139978408813,0.0920189395546913,0.7625625133514404
0.5554741621017456,0.5680574774742126,-0.0538333468139171,0.9999234676361084,0.5554262399673462,0.5608358979225159,-0.0485597252845764,0.999896764755249,0.5548992156982422,0.5599575042724609,-0.0484760925173759,0.9999099373817444,0.554245114326477,0.5590630173683167,-0.0484411306679248,0.9999058246612548,0.5552986264228821,0.5623260736465454,-0.0649763569235801,0.999924898147583,0.5547549724578857,0.5625507831573486,-0.0649490430951118,0.9999421238899232,0.554142951965332,0.5628042817115784,-0.0648627057671547,0.9999293088912964,0.5466565489768982,0.5543867349624634,-0.0290253367274999,0.9998447895050048,0.5473147630691528,0.5625196099281311,-0.1039821207523346,0.999926507472992,0.5507355332374573,0.572176992893219,-0.042282223701477,0.9998409152030944,0.5507197976112366,0.574427604675293,-0.0642414614558219,0.9998561143875122,0.5258048176765442,0.557660698890686,0.0259023103863,0.9999436140060424,0.5267313718795776,0.6009577512741089,-0.1357714831829071,0.9999831914901732,0.5183157324790955,0.6139059066772461,0.0593495480716228,0.3852148652076721,0.5184524655342102,0.6668129563331604,-0.1415062099695205,0.9933491945266724,0.5341652631759644,0.6624975800514221,0.0444264523684978,0.5399267673492432,0.5303464531898499,0.7138127684593201,-0.1114765703678131,0.9903700947761536,0.5396045446395874,0.6644812226295471,0.0484571121633052,0.5237621665000916,0.534229040145874,0.7291603088378906,-0.1306644976139068,0.98081237077713,0.5399381518363953,0.6680443286895752,0.0273677296936512,0.5354970693588257,0.537345826625824,0.7243670225143433,-0.1221440061926841,0.9802313446998596,0.5374937653541565,0.6660074591636658,0.0351039730012416,0.5470917224884033,0.5360711216926575,0.7194927930831909,-0.1082454174757003,0.9664655327796936,0.4732975661754608,0.6301860809326172,0.0476001240313053,0.9997140169143676,0.471248060464859,0.6562113165855408,-0.0475254543125629,0.9998674988746644,0.5143797397613525,0.6183479428291321,0.0923188924789428,0.3581307232379913,0.5195916891098022,0.6530941724777222,-0.0358666256070137,0.8601773977279663,0.4821358919143677,0.6680343747138977,0.1659925878047943,0.4128049910068512,0.4828645288944244,0.6835935711860657,0.0530168786644935,0.7452152371406555,0.4766988456249237,0.6724860072135925,0.1742147654294967,0.4436956346035003,0.4761695861816406,0.6821696758270264,0.0627156272530555,0.6961692571640015,0.4811777472496032,0.6911119818687439,0.1965376734733581,0.4961932301521301,0.4824638664722442,0.7066831588745117,0.0837452486157417,0.7449406385421753
0.556725800037384,0.5657857656478882,-0.0677929148077964,0.9999170899391174,0.5567891001701355,0.5582847595214844,-0.0630703717470169,0.9998905062675476,0.5563008785247803,0.5574477314949036,-0.0630588829517364,0.9999056458473206,0.5556886792182922,0.5565912127494812,-0.0630479380488395,0.9999009370803832,0.5566354990005493,0.5595840215682983,-0.0801061689853668,0.9999189376831056,0.5560680627822876,0.5597299337387085,-0.0801335945725441,0.9999380707740784,0.555420994758606,0.5599011182785034,-0.080123633146286,0.999923288822174,0.5480278134346008,0.5521764159202576,-0.0363227166235446,0.9998375773429872,0.548528790473938,0.5592930912971497,-0.1125822514295578,0.9999189376831056,0.5521699786186218,0.5699371099472046,-0.0546373985707759,0.9998312592506408,0.5520387291908264,0.571937084197998,-0.0769951194524765,0.9998444318771362,0.5277990698814392,0.554381251335144,0.0218782685697078,0.9999439120292664,0.5274019837379456,0.5965231657028198,-0.139876902103424,0.9999831914901732,0.5223305821418762,0.611991822719574,0.0608354732394218,0.3697093427181244,0.5205757021903992,0.6620884537696838,-0.1456936448812484,0.9933974146842957,0.5343486666679382,0.65996915102005,0.0499569848179817,0.5235288739204407,0.5306082367897034,0.7116405367851257,-0.1119427680969238,0.990609884262085,0.5396881699562073,0.6642204523086548,0.0547963231801986,0.5106400847434998,0.5341460704803467,0.7285438776016235,-0.1289756000041961,0.981111705303192,0.5400224924087524,0.6668026447296143,0.0347916409373283,0.5225091576576233,0.536975622177124,0.7244569063186646,-0.1215073838829994,0.9805180430412292,0.5376887917518616,0.6670159697532654,0.0411564670503139,0.5344368815422058,0.5358301401138306,0.717472493648529,-0.1088237464427948,0.9667630791664124,0.4765199422836303,0.6306328773498535,0.0476460233330726,0.999703586101532,0.4738486707210541,0.6558898687362671,-0.0475713461637496,0.9998654127120972,0.5164750814437866,0.6249727606773376,0.0926156342029571,0.3481478989124298,0.5214424729347229,0.6551457047462463,-0.0393316559493541,0.8560236096382141,0.47800013422966,0.670145571231842,0.158385768532753,0.3986898362636566,0.4757287204265594,0.6845454573631287,0.0507926419377327,0.7370856404304504,0.4720955491065979,0.6731834411621094,0.1654339134693145,0.4296475052833557,0.4682748913764953,0.6838318109512329,0.0609030798077583,0.6901618242263794,0.4786844551563263,0.6967305541038513,0.1891632676124572,0.4812461137771606,0.4774503111839294,0.7162359356880188,0.0869249552488327,0.7355896830558777
0.5578063130378723,0.5623137950897217,-0.0499643273651599,0.999906361103058,0.5578799843788147,0.554628312587738,-0.0469365455210208,0.9998826384544371,0.5573708415031433,0.5537302494049072,-0.0469615943729877,0.9999003410339355,0.5567367076873779,0.5528044104576111,-0.0469729267060756,0.9998942017555236,0.5578914284706116,0.5559996366500854,-0.0644693672657013,0.999910533428192,0.5574235916137695,0.5561501383781433,-0.0645286217331886,0.9999326467514038,0.5568857789039612,0.556327760219574,-0.0645597949624061,0.9999157786369324,0.5490393042564392,0.548336923122406,-0.0229274425655603,0.9998286962509156,0.5503338575363159,0.555636465549469,-0.1012733057141304,0.9999113082885742,0.5531283020973206,0.5663281083106995,-0.0383658520877361,0.9998149871826172,0.5531690120697021,0.5685161352157593,-0.0611808784306049,0.9998287558555604,0.5263272523880005,0.5515129566192627,0.0342014208436012,0.9999423623085022,0.5291126370429993,0.5932412147521973,-0.1306597739458084,0.999983012676239,0.5202764272689819,0.6067315936088562,0.0849207714200019,0.3470129668712616,0.5206981301307678,0.660513699054718,-0.1348669826984405,0.9931615591049194,0.5342470407485962,0.655992865562439,0.0879891067743301,0.4926550686359405,0.5310088992118835,0.7106655240058899,-0.0899130329489708,0.990253448486328,0.5395525097846985,0.6608412861824036,0.0962961390614509,0.4830766916275024,0.5346243977546692,0.727050244808197,-0.1030584126710891,0.9801998734474182,0.5400858521461487,0.6635226607322693,0.0771748349070549,0.4946479797363281,0.5373538136482239,0.7246866822242737,-0.0949430838227272,0.9795550107955932,0.5378264784812927,0.6640439033508301,0.079878881573677,0.5068307518959045,0.5360620021820068,0.7178822159767151,-0.0859918668866157,0.9652196764945984,0.4763213396072387,0.6306441426277161,0.0476409457623958,0.9996873140335084,0.4747270047664642,0.6552285552024841,-0.0475565157830715,0.9998615384101868,0.5190361738204956,0.6403018832206726,0.0952333211898803,0.336545467376709,0.521824061870575,0.671964704990387,-0.0400859043002128,0.8506917953491211,0.4772696197032928,0.6800308227539062,0.1469705402851104,0.3868865668773651,0.4730796217918396,0.6954566240310669,0.0459053479135036,0.7285919189453125,0.4718198478221893,0.6776275038719177,0.1520568579435348,0.4177970886230469,0.4656436741352081,0.6897971034049988,0.0557275153696537,0.6860590577125549,0.4761864840984344,0.7053691744804382,0.1726642996072769,0.467415988445282,0.4754001200199127,0.721407413482666,0.0833907574415206,0.727599024772644
